0.000000000000000000e+00
3.142049225999678664e-03
2.525641310093005090e-02
9.816097393930361958e-02
2.494280952937541762e-01
4.715806914562964414e-01
7.125148289437701621e-01
8.982549574024434325e-01
9.718281524674252658e-01
9.223836177783215629e-01
7.866530709742347582e-01
6.228336465106437680e-01
4.736432105755487565e-01
3.412922516553537067e-01
1.896104307545505574e-01
-2.767954956458099774e-02
-3.291058496073632766e-01
-6.806352880151147478e-01
-9.997066165584773678e-01
-1.188001245706608922e+00
-1.176674028231678548e+00
-9.603096519423551802e-01
-6.013218718259698559e-01
-2.020002045870820384e-01
1.414423397387877535e-01
3.789669446781770423e-01
5.204219620816300518e-01
6.167043245566461440e-01
7.198254603006337682e-01
8.446643589551454667e-01
9.540771491253295933e-01
9.760866527985169183e-01
8.441307318703910045e-01
5.384529783714909756e-01
1.057024637426519920e-01
-3.547353332477734544e-01
-7.313965531766005723e-01
-9.476408564211771246e-01
-9.907022129760131302e-01
-9.083710739252296440e-01
-7.761142209088611743e-01
-6.531412440189342528e-01
-5.515290769131835358e-01
-4.350203365995501392e-01
-2.476216329421296047e-01
4.437764466785473760e-02
4.208860930598704031e-01
8.053730015889288829e-01
1.093866555830639742e+00
1.201090369237906241e+00
1.099729528998236727e+00
8.322222796652665178e-01
4.889804292596386937e-01
1.647245358779897417e-01
-8.392002259462683078e-02
-2.574554885026957285e-01
-3.999973174348888660e-01
-5.618347388127570285e-01
-7.596848276172054604e-01
-9.574071272332009830e-01
-1.078633525305420893e+00
-1.045148589239408343e+00
-8.205110652435926299e-01
-4.351511634178852894e-01
2.118377366137131484e-02
4.364154952235387852e-01
7.236457238709856910e-01
8.547341004909412288e-01
8.630658996764584145e-01
8.152314682702371806e-01
7.679696662481049207e-01
7.343959956089788355e-01
6.781170990647666930e-01
5.383021314527525192e-01
2.715976502649534718e-01
-1.127096578176793734e-01
-5.444844180035058878e-01
-9.172339995344294117e-01
-1.133348097783939190e+00
-1.146786001066891103e+00
-9.810731267298358205e-01
-7.135329094150979490e-01
-4.345965611570731246e-01
-2.041275615566550128e-01
-2.791264856597017174e-02
1.338125152593106770e-01
3.315660482113564345e-01
5.857095146823746434e-01
8.629245715486999480e-01
1.084049956628831080e+00
1.160031441255362283e+00
1.037178951215629752e+00
7.274938700740023467e-01
3.075074182926491595e-01
-1.142633168721304548e-01
-4.444760101615792824e-01
-6.423179669057843544e-01
-7.281028197441959948e-01
-7.597731572936924360e-01
-7.912683615987048391e-01
-8.363256601769857301e-01
-8.580178280158906601e-01
-7.899939747651780753e-01
-5.777897724619555087e-01
-2.172912919474146720e-01
2.313725480065623452e-01
6.631810989920324806e-01
9.716234193304876809e-01
1.093947779623998695e+00
1.034953393532298094e+00
8.574285243787620470e-01
6.450994480226971417e-01
4.584694721610217960e-01
3.073662292323240952e-01
1.545552362936780666e-01
-5.241423754296169191e-02
-3.395350554603590032e-01
-6.787261055567317403e-01
-9.905679175679168447e-01
-1.177129355016125922e+00
-1.168092017424004148e+00
-9.558513667661755475e-01
-6.008627784626470181e-01
-2.042148165839537954e-01
1.382263573986921290e-01
3.761200178708603570e-01
5.186961785152317539e-01
6.162260011490559020e-01
7.202855638647507330e-01
8.455747466329294193e-01
9.549885555504207257e-01
9.767144989480783801e-01
8.443833779972167441e-01
5.383894387854152308e-01
1.054586743974345181e-01
-3.550171537691406698e-01
-7.316145585536112383e-01
-9.477505037495898010e-01
-9.907091070610074546e-01
-9.083108022448737051e-01
-7.760302450527339913e-01
-6.530684553978236551e-01
-5.514860642204836294e-01
-4.350095767371576772e-01
-2.476346358934807534e-01
4.435366071271008154e-02
4.208626398030854143e-01
8.053571974457356397e-01
1.093860519710893708e+00
1.201092395940657642e+00
1.099736025384183691e+00
8.322295784552282694e-01
4.889859598139064678e-01
1.647272230338417964e-01
-8.391997249060741126e-02
-2.574571225873755198e-01
-3.999995076220462797e-01
-5.618365979116207720e-01
-7.596858975094846755e-01
-9.574073641443104909e-01
-1.078633161282138042e+00
-1.045147958493315654e+00
-8.205104624142602887e-01
-4.351507662300455048e-01
2.118391687861946593e-02
4.364154330849714380e-01
7.236455511722089673e-01
8.547339116882899379e-01
8.630657595577162500e-01
8.152314026482703202e-01
7.679696682257309837e-01
7.343960397428153097e-01
6.781171561104231138e-01
5.383021788799358109e-01
2.715976768171571853e-01
-1.127096527535357412e-01
-5.444844281148201182e-01
-9.172340160948804222e-01
-1.133348113261040790e+00
-1.146786011032362884e+00
-9.810731301003987603e-01
-7.135329075617791172e-01
-4.345965565763128535e-01
-2.041275566785332174e-01
-2.791264502081818380e-02
1.338125168555717726e-01
3.315660480767224638e-01
5.857095134945171644e-01
8.629245700648303652e-01
1.084049955420371747e+00
1.160031440597994568e+00
1.037178951111943581e+00
7.274938703529839623e-01
3.075074187267657910e-01
-1.142633164752227537e-01
-4.444760099119813845e-01
-6.423179668272264164e-01
-7.281028197983583361e-01
-7.597731574149427791e-01
-7.912683617245950263e-01
-8.363256602665554151e-01
-8.580178280545480707e-01
-7.899939747595664530e-01
-5.777897724300825599e-01
-2.172912919088633155e-01
2.313725480373184096e-01
6.631810990082657176e-01
9.716234193324696511e-01
1.093947779616344818e+00
1.034953393520933185e+00
8.574285243685917379e-01
6.450994480164524703e-01
4.584694721592067479e-01
3.073662292338768531e-01
1.545552362968773408e-01
-5.241423753971764105e-02
-3.395350554580972569e-01
-6.787261055557960443e-01
-9.905679175681117998e-01
-1.177129355016975687e+00
-1.168092017425004014e+00
-9.558513667669591429e-01
-6.008627784630495849e-01
-2.042148165839892116e-01
1.382263573989012395e-01
3.761200178711600062e-01
5.186961785154957649e-01
6.162260011492151079e-01
7.202855638647940317e-01
8.455747466328856765e-01
9.549885555503351275e-01
9.767144989479924488e-01
8.443833779971565701e-01
5.383894387853893626e-01
1.054586743974378765e-01
-3.550171537691202417e-01
-7.316145585535865914e-01
-9.477505037495702611e-01
-9.907091070609969075e-01
-9.083108022448715957e-01
-7.760302450527372109e-01
-6.530684553978286511e-01
-5.514860642204882923e-01
-4.350095767371619515e-01
-2.476346358934855274e-01
4.435366071270423899e-02
4.208626398030786975e-01
8.053571974457290894e-01
1.093860519710888823e+00
1.201092395940655422e+00
1.099736025384184135e+00
8.322295784552299347e-01
4.889859598139079111e-01
1.647272230338422128e-01
-8.391997249060846598e-02
-2.574571225873779623e-01
-3.999995076220496104e-01
-5.618365979116241027e-01
-7.596858975094872291e-01
-9.574073641443123783e-01
-1.078633161282139374e+00
-1.045147958493316542e+00
-8.205104624142606218e-01
-4.351507662300445611e-01
2.118391687862204026e-02
4.364154330849756014e-01
7.236455511722144074e-01
8.547339116882954890e-01
8.630657595577209129e-01
8.152314026482729847e-01
7.679696682257310947e-01
7.343960397428135334e-01
6.781171561104201162e-01
5.383021788799322582e-01
2.715976768171536326e-01
-1.127096527535390302e-01
-5.444844281148228937e-01
-9.172340160948824206e-01
-1.133348113261041679e+00
-1.146786011032362440e+00
-9.810731301003967619e-01
-7.135329075617754535e-01
-4.345965565763075245e-01
-2.041275566785265561e-01
-2.791264502081008264e-02
1.338125168555816813e-01
3.315660480767341212e-01
5.857095134945294879e-01
8.629245700648410233e-01
1.084049955420377964e+00
1.160031440597994568e+00
1.037178951111937364e+00
7.274938703529743034e-01
3.075074187267557990e-01
-1.142633164752306779e-01
-4.444760099119860475e-01
-6.423179668272274156e-01
-7.281028197983556716e-01
-7.597731574149368949e-01
-7.912683617245869216e-01
-8.363256602665471995e-01
-8.580178280545427416e-01
-7.899939747595665640e-01
-5.777897724300893323e-01
-2.172912919088758055e-01
2.313725480373036436e-01
6.631810990082531720e-01
9.716234193324628787e-01
1.093947779616344818e+00
1.034953393520938292e+00
8.574285243685985103e-01
6.450994480164576883e-01
4.584694721592088573e-01
3.073662292338762425e-01
1.545552362968757865e-01
-5.241423753971859167e-02
-3.395350554580969793e-01
-6.787261055557948231e-01
-9.905679175681102455e-01
-1.177129355016974133e+00
-1.168092017425002460e+00
-9.558513667669575886e-01
-6.008627784630483637e-01
-2.042148165839888785e-01
1.382263573989001848e-01
3.761200178711576747e-01
5.186961785154929894e-01
6.162260011492125544e-01
7.202855638647918113e-01
8.455747466328839002e-01
9.549885555503334622e-01
9.767144989479906725e-01
8.443833779971551268e-01
5.383894387853890295e-01
1.054586743974387508e-01
-3.550171537691189094e-01
-7.316145585535858142e-01
-9.477505037495705942e-01
-9.907091070609981287e-01
-9.083108022448728169e-01
-7.760302450527373219e-01
-6.530684553978274298e-01
-5.514860642204859609e-01
-4.350095767371582323e-01
-2.476346358934803926e-01
4.435366071271025501e-02
4.208626398030845817e-01
8.053571974457338634e-01
1.093860519710891044e+00
1.201092395940654090e+00
1.099736025384179250e+00
8.322295784552230513e-01
4.889859598139013608e-01
1.647272230338378829e-01
-8.391997249060931252e-02
-2.574571225873744651e-01
-3.999995076220414503e-01
-5.618365979116123343e-01
-7.596858975094746835e-01
-9.574073641443027194e-01
-1.078633161282136044e+00
-1.045147958493321205e+00
-8.205104624142725012e-01
-4.351507662300607704e-01
2.118391687860601835e-02
4.364154330849642216e-01
7.236455511722099665e-01
8.547339116882970433e-01
8.630657595577246877e-01
8.152314026482756493e-01
7.679696682257315388e-01
7.343960397428126452e-01
6.781171561104202272e-01
5.383021788799359220e-01
2.715976768171622924e-01
-1.127096527535263182e-01
-5.444844281148096821e-01
-9.172340160948734278e-01
-1.133348113261039902e+00
-1.146786011032367991e+00
-9.810731301004076421e-01
-7.135329075617881101e-01
-4.345965565763189598e-01
-2.041275566785351880e-01
-2.791264502081612295e-02
1.338125168555769073e-01
3.315660480767293472e-01
5.857095134945243808e-01
8.629245700648365824e-01
1.084049955420375744e+00
1.160031440597995678e+00
1.037178951111942249e+00
7.274938703529812978e-01
3.075074187267622383e-01
-1.142633164752274444e-01
-4.444760099119872132e-01
-6.423179668272326337e-01
-7.281028197983636652e-01
-7.597731574149464429e-01
-7.912683617245968026e-01
-8.363256602665551931e-01
-8.580178280545460723e-01
-7.899939747595632333e-01
-5.777897724300790072e-01
-2.172912919088598183e-01
2.313725480373222676e-01
6.631810990082704915e-01
9.716234193324750912e-01
1.093947779616349925e+00
1.034953393520936960e+00
8.574285243685939584e-01
6.450994480164539135e-01
4.584694721592077471e-01
3.073662292338767976e-01
1.545552362968752313e-01
-5.241423753972252603e-02
-3.395350554581046953e-01
-6.787261055558048151e-01
-9.905679175681204596e-01
-1.177129355016983903e+00
-1.168092017425012230e+00
-9.558513667669676916e-01
-6.008627784630579116e-01
-2.042148165839961504e-01
1.382263573988966043e-01
3.761200178711575637e-01
5.186961785154946547e-01
6.162260011492141087e-01
7.202855638647922554e-01
8.455747466328835671e-01
9.549885555503341283e-01
9.767144989479944472e-01
8.443833779971630094e-01
5.383894387854003538e-01
1.054586743974505747e-01
-3.550171537691100276e-01
-7.316145585535820395e-01
-9.477505037495719264e-01
-9.907091070610032357e-01
-9.083108022448795893e-01
-7.760302450527438722e-01
-6.530684553978320928e-01
-5.514860642204881813e-01
-4.350095767371590094e-01
-2.476346358934813918e-01
4.435366071270809701e-02
4.208626398030817506e-01
8.053571974457314209e-01
1.093860519710890378e+00
1.201092395940656310e+00
1.099736025384183913e+00
8.322295784552288245e-01
4.889859598139057462e-01
1.647272230338386323e-01
-8.391997249061346198e-02
-2.574571225873835689e-01
-3.999995076220544399e-01
-5.618365979116269893e-01
-7.596858975094881172e-01
-9.574073641443114902e-01
-1.078633161282136932e+00
-1.045147958493313212e+00
-8.205104624142572911e-01
-4.351507662300416190e-01
2.118391687862486439e-02
4.364154330849788210e-01
7.236455511722177381e-01
8.547339116882982646e-01
8.630657595577219121e-01
8.152314026482718745e-01
7.679696682257285412e-01
7.343960397428099807e-01
6.781171561104158974e-01
5.383021788799278173e-01
2.715976768171495248e-01
-1.127096527535423748e-01
-5.444844281148256693e-01
-9.172340160948851961e-01
-1.133348113261044787e+00
-1.146786011032365105e+00
-9.810731301003979832e-01
-7.135329075617746764e-01
-4.345965565763056926e-01
-2.041275566785260565e-01
-2.791264502081428067e-02
1.338125168555700517e-01
3.315660480767148588e-01
5.857095134945057291e-01
8.629245700648185968e-01
1.084049955420363087e+00
1.160031440597991903e+00
1.037178951111946912e+00
7.274938703529911788e-01
3.075074187267730630e-01
-1.142633164752191038e-01
-4.444760099119828278e-01
-6.423179668272314125e-01
-7.281028197983632211e-01
-7.597731574149443334e-01
-7.912683617245920287e-01
-8.363256602665486428e-01
-8.580178280545401881e-01
-7.899939747595611239e-01
-5.777897724300833371e-01
-2.172912919088709205e-01
2.313725480373070575e-01
6.631810990082558366e-01
9.716234193324654322e-01
1.093947779616347038e+00
1.034953393520939402e+00
8.574285243685982882e-01
6.450994480164564671e-01
4.584694721592072475e-01
3.073662292338747437e-01
1.545552362968747595e-01
-5.241423753971870964e-02
-3.395350554580960356e-01
-6.787261055557933798e-01
-9.905679175681093573e-01
-1.177129355016974355e+00
-1.168092017425003348e+00
-9.558513667669581437e-01
-6.008627784630471425e-01
-2.042148165839849094e-01
1.382263573989070404e-01
3.761200178711664455e-01
5.186961785155015381e-01
6.162260011492185496e-01
7.202855638647938097e-01
8.455747466328816797e-01
9.549885555503285772e-01
9.767144989479855655e-01
8.443833779971515741e-01
5.383894387853875863e-01
1.054586743974386120e-01
-3.550171537691192425e-01
-7.316145585535877016e-01
-9.477505037495743689e-01
-9.907091070610027916e-01
-9.083108022448762586e-01
-7.760302450527380991e-01
-6.530684553978253204e-01
-5.514860642204814090e-01
-4.350095767371525701e-01
-2.476346358934748970e-01
4.435366071271462651e-02
4.208626398030874682e-01
8.053571974457353067e-01
1.093860519710891710e+00
1.201092395940654534e+00
1.099736025384179472e+00
8.322295784552223852e-01
4.889859598138985852e-01
1.647272230338320542e-01
-8.391997249061874942e-02
-2.574571225873877878e-01
-3.999995076220583257e-01
-5.618365979116306530e-01
-7.596858975094904487e-01
-9.574073641443113791e-01
-1.078633161282134267e+00
-1.045147958493307883e+00
-8.205104624142492975e-01
-4.351507662300319601e-01
2.118391687863443312e-02
4.364154330849865371e-01
7.236455511722230671e-01
8.547339116883014842e-01
8.630657595577233554e-01
8.152314026482716525e-01
7.679696682257265428e-01
7.343960397428058728e-01
6.781171561104092360e-01
5.383021788799183804e-01
2.715976768171377564e-01
-1.127096527535548509e-01
-5.444844281148364384e-01
-9.172340160948917465e-01
-1.133348113261045897e+00
-1.146786011032362440e+00
-9.810731301003934313e-01
-7.135329075617693473e-01
-4.345965565762995864e-01
-2.041275566785194784e-01
-2.791264502080902446e-02
1.338125168555716060e-01
3.315660480767111395e-01
5.857095134944974024e-01
8.629245700648088269e-01
1.084049955420356426e+00
1.160031440597991237e+00
1.037178951111953573e+00
7.274938703530032802e-01
3.075074187267863857e-01
-1.142633164752091257e-01
-4.444760099119787755e-01
-6.423179668272327447e-01
-7.281028197983669958e-01
-7.597731574149472200e-01
-7.912683617245919176e-01
-8.363256602665459782e-01
-8.580178280545378566e-01
-7.899939747595621231e-01
-5.777897724300891102e-01
-2.172912919088808015e-01
2.313725480372957610e-01
6.631810990082467328e-01
9.716234193324614354e-01
1.093947779616348814e+00
1.034953393520945397e+00
8.574285243686052826e-01
6.450994480164613520e-01
4.584694721592083577e-01
3.073662292338732449e-01
1.545552362968737881e-01
-5.241423753971607979e-02
-3.395350554580887636e-01
-6.787261055557831657e-01
-9.905679175681000315e-01
-1.177129355016970136e+00
-1.168092017425006457e+00
-9.558513667669673586e-01
-6.008627784630585777e-01
-2.042148165839940965e-01
1.382263573989027661e-01
3.761200178711670561e-01
5.186961785155049798e-01
6.162260011492224354e-01
7.202855638647965852e-01
8.455747466328829010e-01
9.549885555503289103e-01
9.767144989479863426e-01
8.443833779971540165e-01
5.383894387853921382e-01
1.054586743974447183e-01
-3.550171537691130252e-01
-7.316145585535827056e-01
-9.477505037495711493e-01
-9.907091070610012373e-01
-9.083108022448763696e-01
-7.760302450527390983e-01
-6.530684553978260976e-01
-5.514860642204819641e-01
-4.350095767371541244e-01
-2.476346358934791714e-01
4.435366071270733374e-02
4.208626398030786975e-01
8.053571974457274241e-01
1.093860519710886381e+00
1.201092395940652757e+00
1.099736025384181248e+00
8.322295784552267151e-01
4.889859598139042474e-01
1.647272230338377164e-01
-8.391997249061371178e-02
-2.574571225873829583e-01
-3.999995076220529411e-01
-5.618365979116247688e-01
-7.596858975094851196e-01
-9.574073641443080485e-01
-1.078633161282133379e+00
-1.045147958493309659e+00
-8.205104624142539604e-01
-4.351507662300390655e-01
2.118391687862626604e-02
4.364154330849793761e-01
7.236455511722182932e-01
8.547339116882990417e-01
8.630657595577223562e-01
8.152314026482710974e-01
7.679696682257259877e-01
7.343960397428062059e-01
6.781171561104123446e-01
5.383021788799258189e-01
2.715976768171498024e-01
-1.127096527535399184e-01
-5.444844281148222276e-01
-9.172340160948820875e-01
-1.133348113261043011e+00
-1.146786011032364661e+00
-9.810731301003983162e-01
-7.135329075617746764e-01
-4.345965565763031946e-01
-2.041275566785185624e-01
-2.791264502080034737e-02
1.338125168555896471e-01
3.315660480767371188e-01
5.857095134945266013e-01
8.629245700648342510e-01
1.084049955420370637e+00
1.160031440597989016e+00
1.037178951111934477e+00
7.274938703529727491e-01
3.075074187267528014e-01
-1.142633164752379915e-01
-4.444760099119992591e-01
-6.423179668272461784e-01
-7.281028197983778760e-01
-7.597731574149593214e-01
-7.912683617246056844e-01
-8.363256602665585238e-01
-8.580178280545436298e-01
-7.899939747595552397e-01
-5.777897724300661286e-01
-2.172912919088433314e-01
2.313725480373404475e-01
6.631810990082892543e-01
9.716234193324948532e-01
1.093947779616370797e+00
1.034953393520956499e+00
8.574285243686067259e-01
6.450994480164554679e-01
4.584694721591991429e-01
3.073662292338653623e-01
1.545552362968709847e-01
-5.241423753971238830e-02
-3.395350554580795488e-01
-6.787261055557712863e-01
-9.905679175680894843e-01
-1.177129355016965473e+00
-1.168092017425010454e+00
-9.558513667669789049e-01
-6.008627784630731217e-01
-2.042148165840062535e-01
1.382263573988962990e-01
3.761200178711660014e-01
5.186961785155063120e-01
6.162260011492222134e-01
7.202855638647918113e-01
8.455747466328739081e-01
9.549885555503195844e-01
9.767144989479819017e-01
8.443833779971582354e-01
5.383894387854042396e-01
1.054586743974601920e-01
-3.550171537690999246e-01
-7.316145585535762663e-01
-9.477505037495727036e-01
-9.907091070610090089e-01
-9.083108022448854735e-01
-7.760302450527445384e-01
-6.530684553978250984e-01
-5.514860642204760799e-01
-4.350095767371484623e-01
-2.476346358934789216e-01
4.435366071269979116e-02
4.208626398030653193e-01
8.053571974457132132e-01
1.093860519710877277e+00
1.201092395940652757e+00
1.099736025384189908e+00
8.322295784552398157e-01
4.889859598139154606e-01
1.647272230338423515e-01
-8.391997249061647346e-02
-2.574571225873904523e-01
-3.999995076220608237e-01
-5.618365979116294318e-01
-7.596858975094854527e-01
-9.574073641443056060e-01
-1.078633161282131159e+00
-1.045147958493309659e+00
-8.205104624142568470e-01
-4.351507662300444501e-01
2.118391687861950756e-02
4.364154330849727148e-01
7.236455511722131861e-01
8.547339116882962662e-01
8.630657595577213570e-01
8.152314026482707643e-01
7.679696682257257656e-01
7.343960397428064280e-01
6.781171561104137879e-01
5.383021788799292606e-01
2.715976768171555200e-01
-1.127096527535323411e-01
-5.444844281148139009e-01
-9.172340160948750931e-01
-1.133348113261038792e+00
-1.146786011032364216e+00
-9.810731301004008698e-01
-7.135329075617788952e-01
-4.345965565763090788e-01
-2.041275566785264173e-01
-2.791264502080947896e-02
1.338125168555811539e-01
3.315660480767309015e-01
5.857095134945230486e-01
8.629245700648326967e-01
1.084049955420370637e+00
1.160031440597990349e+00
1.037178951111936698e+00
7.274938703529749695e-01
3.075074187267552439e-01
-1.142633164752341612e-01
-4.444760099119928198e-01
-6.423179668272370746e-01
-7.281028197983666628e-01
-7.597731574149467759e-01
-7.912683617245932499e-01
-8.363256602665483097e-01
-8.580178280545380787e-01
-7.899939747595566830e-01
-5.777897724300748994e-01
-2.172912919088579031e-01
2.313725480373227672e-01
6.631810990082703805e-01
9.716234193324754242e-01
1.093947779616351479e+00
1.034953393520938958e+00
8.574285243685945135e-01
6.450994480164510270e-01
4.584694721592009192e-01
3.073662292338674717e-01
1.545552362968654059e-01
-5.241423753973147720e-02
-3.395350554581117453e-01
-6.787261055558089229e-01
-9.905679175681209037e-01
-1.177129355016980128e+00
-1.168092017425003792e+00
-9.558513667669540359e-01
-6.008627784630392599e-01
-2.042148165839748064e-01
1.382263573989169769e-01
3.761200178711748277e-01
5.186961785155089766e-01
6.162260011492266543e-01
7.202855638648032466e-01
8.455747466328910056e-01
9.549885555503350165e-01
9.767144989479864536e-01
8.443833779971459119e-01
5.383894387853757069e-01
1.054586743974213758e-01
-3.550171537691404477e-01
-7.316145585536102391e-01
-9.477505037495946860e-01
-9.907091070610176686e-01
-9.083108022448844743e-01
-7.760302450527400975e-01
-6.530684553978223228e-01
-5.514860642204766350e-01
-4.350095767371510158e-01
-2.476346358934823355e-01
4.435366071269557925e-02
4.208626398030601568e-01
8.053571974457083282e-01
1.093860519710874168e+00
1.201092395940652091e+00
1.099736025384190796e+00
8.322295784552409259e-01
4.889859598139167929e-01
1.647272230338454879e-01
-8.391997249061011743e-02
-2.574571225873805713e-01
-3.999995076220481671e-01
-5.618365979116155540e-01
-7.596858975094726851e-01
-9.574073641442963911e-01
-1.078633161282127828e+00
-1.045147958493314322e+00
-8.205104624142693925e-01
-4.351507662300625467e-01
2.118391687860058520e-02
4.364154330849581154e-01
7.236455511722060807e-01
8.547339116882960441e-01
8.630657595577247987e-01
8.152314026482742060e-01
7.679696682257270979e-01
7.343960397428055398e-01
6.781171561104120116e-01
5.383021788799279284e-01
2.715976768171556865e-01
-1.127096527535301762e-01
-5.444844281148104592e-01
-9.172340160948723176e-01
-1.133348113261039236e+00
-1.146786011032368657e+00
-9.810731301004074201e-01
-7.135329075617837802e-01
-4.345965565763085792e-01
-2.041275566785198670e-01
-2.791264502080017390e-02
1.338125168555879818e-01
3.315660480767312901e-01
5.857095134945164983e-01
8.629245700648228157e-01
1.084049955420362643e+00
1.160031440597988350e+00
1.037178951111941139e+00
7.274938703529837403e-01
3.075074187267651804e-01
-1.142633164752260011e-01
-4.444760099119882679e-01
-6.423179668272360754e-01
-7.281028197983677730e-01
-7.597731574149477751e-01
-7.912683617245919176e-01
-8.363256602665442019e-01
-8.580178280545335268e-01
-7.899939747595553508e-01
-5.777897724300797844e-01
-2.172912919088689221e-01
2.313725480373090282e-01
6.631810990082587232e-01
9.716234193324693180e-01
1.093947779616351257e+00
1.034953393520942955e+00
8.574285243685992874e-01
6.450994480164540246e-01
4.584694721592020850e-01
3.073662292338682489e-01
1.545552362968677651e-01
-5.241423753972575261e-02
-3.395350554581022529e-01
-6.787261055557973766e-01
-9.905679175681105786e-01
-1.177129355016974133e+00
-1.168092017425004459e+00
-9.558513667669618075e-01
-6.008627784630515833e-01
-2.042148165839870466e-01
1.382263573989088723e-01
3.761200178711714970e-01
5.186961785155079774e-01
6.162260011492247669e-01
7.202855638647984726e-01
8.455747466328843442e-01
9.549885555503299095e-01
9.767144989479863426e-01
8.443833779971519071e-01
5.383894387853868091e-01
1.054586743974359198e-01
-3.550171537691243495e-01
-7.316145585535948070e-01
-9.477505037495822515e-01
-9.907091070610095640e-01
-9.083108022448800334e-01
-7.760302450527363227e-01
-6.530684553978165496e-01
-5.514860642204673091e-01
-4.350095767371371935e-01
-2.476346358934619907e-01
4.435366071272381361e-02
4.208626398030936855e-01
8.053571974457393035e-01
1.093860519710893042e+00
1.201092395940653201e+00
1.099736025384175697e+00
8.322295784552168341e-01
4.889859598138913133e-01
1.647272230338225063e-01
-8.391997249063029574e-02
-2.574571225873994451e-01
-3.999995076220675405e-01
-5.618365979116359821e-01
-7.596858975094920030e-01
-9.574073641443099358e-01
-1.078633161282131381e+00
-1.045147958493306772e+00
-8.205104624142541825e-01
-4.351507662300450052e-01
2.118391687861530259e-02
4.364154330849673302e-01
7.236455511722098555e-01
8.547339116882959331e-01
8.630657595577222452e-01
8.152314026482696541e-01
7.679696682257211027e-01
7.343960397428002107e-01
6.781171561104105683e-01
5.383021788799331464e-01
2.715976768171673994e-01
-1.127096527535154380e-01
-5.444844281147975806e-01
-9.172340160948653232e-01
-1.133348113261039458e+00
-1.146786011032374875e+00
-9.810731301004167459e-01
-7.135329075617933281e-01
-4.345965565763159622e-01
-2.041275566785236417e-01
-2.791264502080058330e-02
1.338125168555887312e-01
3.315660480767302909e-01
5.857095134945120574e-01
8.629245700648158213e-01
1.084049955420356204e+00
1.160031440597987240e+00
1.037178951111947800e+00
7.274938703529958417e-01
3.075074187267774484e-01
-1.142633164752181740e-01
-4.444760099119864361e-01
-6.423179668272385179e-01
-7.281028197983709926e-01
-7.597731574149488853e-01
-7.912683617245904744e-01
