7.752626561119009433e-10
1.741454259911309046e-09
2.404217557447506832e-09
3.878269023402958450e-09
7.043737521152100914e-09
1.422838636095547781e-08
3.225562316788041811e-08
8.440227744081096995e-08
2.687447029064180761e-07
1.149085031747013129e-06
8.154637824431617302e-06
1.838025192588532003e-04
3.601299176474068858e-02
8.103365590770393589e-02
1.071376403488590555e-02
4.181953497294999342e-05
3.648184478260743303e-06
1.992771299930496156e-06
1.326753787424685291e-05
6.933077649541079723e-04
1.577842096114009246e-02
1.495701864789275061e-02
5.427934471803757014e-04
1.185699263726030637e-05
1.343639686946149890e-06
2.810269427750635162e-07
8.234316591009443227e-08
2.995939717758072337e-08
1.268635561259347355e-08
6.012131297277603848e-09
3.107934620201842351e-09
1.721673537148123159e-09
1.008986453516335843e-09
6.195901945819724569e-10
3.957375017445781435e-10
2.613863485494994932e-10
1.777162891026060726e-10
1.239125686642457269e-10
8.833091310706795528e-11
6.421116847268529707e-11
4.749833591298258335e-11
3.568848546864411274e-11
2.719486058411619015e-11
2.098822333179724794e-11
1.638676563871136275e-11
1.293011849527086282e-11
1.030197067581512224e-11
8.281498161580896874e-12
6.712264695701780315e-12
5.481941995123454349e-12
4.508860739611706737e-12
3.732951757308857187e-12
3.109555534876237804e-12
2.605134805625739530e-12
2.194267752835044029e-12
1.857514625081715663e-12
1.579887366211964455e-12
1.349740551717318411e-12
1.157959826949048908e-12
9.973626605839562959e-13
8.622520561884978915e-13
7.480814754226048002e-13
6.512013447876247310e-13
5.686658753284425847e-13
4.980848272623689572e-13
4.375090352758048051e-13
3.853414278631560562e-13
3.402674771424859668e-13
3.012005092647637543e-13
2.672384832635472526e-13
2.376296433930804156e-13
2.117450987581632532e-13
1.890568235820595441e-13
1.691199291697808369e-13
1.515583138995815919e-13
1.360530026706455806e-13
1.223326291007303127e-13
1.101656403392948702e-13
9.935388769131614790e-14
8.972733708925050448e-14
8.113969114907741364e-14
7.346475037730906607e-14
6.659338085088373133e-14
6.043098146341037607e-14
5.489535694900362729e-14
4.991493141419867042e-14
4.542724151234303195e-14
4.137766229895562145e-14
3.771832610312541406e-14
3.440720584898869768e-14
3.140733139103336799e-14
2.868612269619913830e-14
2.621481680686156584e-14
2.396797907417653293e-14
2.192307858916854920e-14
2.006012790579117386e-14
1.836136706325505166e-14
1.681099305980124895e-14
1.539492476651919506e-14
1.410059844344542799e-14
1.291678992186364505e-14
1.183346047629914300e-14
1.084162125512095310e-14
9.933215202138841917e-15
9.101013964800044294e-15
8.338527209545078846e-15
7.639922850396813586e-15
6.999957615300112557e-15
6.413914961030114313e-15
5.877551314294658150e-15
5.387048300960739647e-15
4.938970300868485973e-15
4.530227586248897661e-15
4.158043237231838395e-15
3.819924498721369215e-15
3.513636766989436824e-15
3.237181376541590429e-15
2.988775609880034791e-15
2.766835111775508076e-15
2.569958881329962549e-15
2.396915581255571836e-15
2.246632157533876833e-15
2.118183683580504522e-15
2.010784987957714646e-15
1.923783190960057222e-15
1.856652099591819625e-15
1.808987174816100304e-15
1.780502059757692365e-15
8.855129614449415571e-16
