0.000000000000000000e+00
5.498938314258050575e-01
1.009949215043480564e+00
1.308030358589083342e+00
1.403470042528163209e+00
1.293892626146236680e+00
1.013723133077305549e+00
6.249547180326084916e-01
2.025286309045785660e-01
-1.821266309893972424e-01
-4.755282581475767101e-01
-6.512905473392918143e-01
-7.121301958749005623e-01
-6.846720507925204702e-01
-6.087829633308092792e-01
-5.244717418524231789e-01
-4.599128909308093371e-01
-4.237603729870527136e-01
-4.037229759501336224e-01
-3.716836111570992474e-01
-2.938926261462366241e-01
-1.433965318580618375e-01
8.877188807833713557e-02
3.868530316239396361e-01
7.101796792442963691e-01
9.999999999999997780e-01
1.191933353346010804e+00
1.231180957125954878e+00
1.086798616506609250e+00
7.614305206079574617e-01
2.938926261462371792e-01
-2.463503775927949890e-01
-7.718475286348120967e-01
-1.194273615762843299e+00
-1.442200141659498502e+00
-1.475528258147576821e+00
-1.293330069259497561e+00
-9.333619379573764308e-01
-4.634403087100471552e-01
3.325655858939591258e-02
4.755282581475761550e-01
8.001606197392929776e-01
9.730418736803685409e-01
9.930792707172865219e-01
8.883898995130020682e-01
7.061073738537637645e-01
4.986429900621440203e-01
3.100036301608120048e-01
1.656212895414649333e-01
6.814015732408792991e-02
-1.653892159485515317e-15
-6.814015732409098303e-02
-1.656212895414678199e-01
-3.100036301608123934e-01
-4.986429900621432987e-01
-7.061073738537629874e-01
-8.883898995130014020e-01
-9.930792707172859668e-01
-9.730418736803685409e-01
-8.001606197392909792e-01
-4.755282581475777093e-01
-3.325655858939607912e-02
4.634403087100451568e-01
9.333619379573740993e-01
1.293330069259498227e+00
1.475528258147576599e+00
1.442200141659496726e+00
1.194273615762841523e+00
7.718475286348078779e-01
2.463503775927937123e-01
-2.938926261462387335e-01
-7.614305206079586830e-01
-1.086798616506611026e+00
-1.231180957125954212e+00
-1.191933353346013469e+00
-1.000000000000000666e+00
-7.101796792442981454e-01
-3.868530316239393585e-01
-8.877188807833824580e-02
1.433965318580628368e-01
2.938926261462361800e-01
3.716836111570989698e-01
4.037229759501362314e-01
4.237603729870519920e-01
4.599128909308098367e-01
5.244717418524229569e-01
6.087829633308093902e-01
6.846720507925173616e-01
7.121301958748998961e-01
6.512905473392922584e-01
4.755282581475775983e-01
1.821266309893966873e-01
-2.025286309045775113e-01
-6.249547180326072704e-01
-1.013723133077305771e+00
-1.293892626146235791e+00
-1.403470042528163209e+00
-1.308030358589082898e+00
-1.009949215043479676e+00
-5.498938314258041693e-01
1.348349440335265304e-15
5.498938314258066118e-01
1.009949215043482340e+00
1.308030358589085562e+00
1.403470042528164985e+00
1.293892626146237346e+00
1.013723133077307326e+00
6.249547180326106011e-01
2.025286309045807309e-01
-1.821266309893974089e-01
-4.755282581475793191e-01
-6.512905473392948119e-01
-7.121301958748997851e-01
-6.846720507925220245e-01
-6.087829633308097232e-01
-5.244717418524236230e-01
-4.599128909308098367e-01
-4.237603729870523250e-01
-4.037229759501339554e-01
-3.716836111570961387e-01
-2.938926261462370682e-01
-1.433965318580609494e-01
8.877188807833896744e-02
3.868530316239368605e-01
7.101796792442955919e-01
9.999999999999987788e-01
1.191933353346008362e+00
1.231180957125952435e+00
1.086798616506610138e+00
7.614305206079569066e-01
2.938926261462356249e-01
-2.463503775927961548e-01
-7.718475286348193132e-01
-1.194273615762843077e+00
-1.442200141659498502e+00
-1.475528258147577265e+00
-1.293330069259492898e+00
-9.333619379573718788e-01
-4.634403087100427143e-01
3.325655858940040899e-02
4.755282581475817616e-01
8.001606197392977515e-01
9.730418736803674307e-01
9.930792707172871880e-01
8.883898995130030674e-01
7.061073738537646527e-01
4.986429900621466293e-01
3.100036301608135036e-01
1.656212895414639896e-01
6.814015732408978954e-02
-3.185319639056294696e-15
-6.814015732408884585e-02
-1.656212895414663766e-01
-3.100036301608118938e-01
-4.986429900621442979e-01
-7.061073738537622102e-01
-8.883898995129991816e-01
-9.930792707172824141e-01
-9.730418736803672086e-01
-8.001606197392885367e-01
-4.755282581475792081e-01
-3.325655858939929876e-02
4.634403087100495422e-01
9.333619379573779851e-01
1.293330069259499338e+00
1.475528258147576377e+00
1.442200141659496726e+00
1.194273615762838414e+00
7.718475286348068787e-01
2.463503775927890493e-01
-2.938926261462366796e-01
-7.614305206079619026e-01
-1.086798616506612802e+00
-1.231180957125958431e+00
-1.191933353346014135e+00
-9.999999999999945599e-01
-7.101796792442993667e-01
-3.868530316239425781e-01
-8.877188807834240913e-02
1.433965318580586734e-01
2.938926261462357914e-01
3.716836111571023005e-01
4.037229759501395621e-01
4.237603729870542679e-01
4.599128909308086155e-01
5.244717418524227348e-01
6.087829633308065036e-01
6.846720507925136978e-01
7.121301958749033378e-01
6.512905473392920364e-01
4.755282581475749892e-01
1.821266309893946889e-01
-2.025286309045839506e-01
-6.249547180326090468e-01
-1.013723133077305549e+00
-1.293892626146234903e+00
-1.403470042528160544e+00
-1.308030358589079345e+00
-1.009949215043479231e+00
-5.498938314258028370e-01
2.696698880670530609e-15
5.498938314258143834e-01
1.009949215043482784e+00
1.308030358589084896e+00
1.403470042528164985e+00
1.293892626146232461e+00
1.013723133077299554e+00
6.249547180326004980e-01
2.025286309045685740e-01
-1.821266309893947444e-01
-4.755282581475784309e-01
-6.512905473392969213e-01
-7.121301958749090000e-01
-6.846720507925215804e-01
-6.087829633308078359e-01
-5.244717418524238450e-01
-4.599128909308093927e-01
-4.237603729870501046e-01
-4.037229759501341775e-01
-3.716836111570963053e-01
-2.938926261462304068e-01
-1.433965318580549542e-01
8.877188807834390794e-02
3.868530316239375821e-01
7.101796792442944817e-01
9.999999999999977796e-01
1.191933353346007696e+00
1.231180957125954656e+00
1.086798616506605475e+00
7.614305206079516886e-01
2.938926261462305733e-01
-2.463503775928078121e-01
-7.718475286348116526e-01
-1.194273615762841745e+00
-1.442200141659498058e+00
-1.475528258147575267e+00
-1.293330069259494230e+00
-9.333619379573694363e-01
-4.634403087100390506e-01
3.325655858940523846e-02
4.755282581475731019e-01
8.001606197392913122e-01
9.730418736803715385e-01
9.930792707172939604e-01
8.883898995130037335e-01
7.061073738537653188e-01
4.986429900621475175e-01
3.100036301608141143e-01
1.656212895414682640e-01
6.814015732409009485e-02
-2.940390279226824400e-15
-6.814015732409534065e-02
-1.656212895414716502e-01
-3.100036301608150024e-01
-4.986429900621456301e-01
-7.061073738537670952e-01
-8.883898995130055098e-01
-9.930792707172888534e-01
-9.730418736803676527e-01
-8.001606197392895359e-01
-4.755282581475736570e-01
-3.325655858939441378e-02
4.634403087100464891e-01
9.333619379573873109e-01
1.293330069259505555e+00
1.475528258147578153e+00
1.442200141659497170e+00
1.194273615762839746e+00
7.718475286348087661e-01
2.463503775927912143e-01
-2.938926261462417311e-01
-7.614305206079641231e-01
-1.086798616506617243e+00
-1.231180957125958653e+00
-1.191933353346006141e+00
-9.999999999999955591e-01
-7.101796792442921502e-01
-3.868530316239358613e-01
-8.877188807833147344e-02
1.433965318580714965e-01
2.938926261462495582e-01
3.716836111571014678e-01
4.037229759501377302e-01
4.237603729870577096e-01
4.599128909308092261e-01
5.244717418524245112e-01
6.087829633308090571e-01
6.846720507925162513e-01
7.121301958748919025e-01
6.512905473392924804e-01
4.755282581475759329e-01
1.821266309894095659e-01
-2.025286309045662425e-01
-6.249547180325966123e-01
-1.013723133077294891e+00
-1.293892626146228464e+00
-1.403470042528159656e+00
-1.308030358589085118e+00
-1.009949215043480786e+00
-5.498938314258048354e-01
4.923346422052947865e-16
5.498938314257926230e-01
1.009949215043471682e+00
1.308030358589079567e+00
1.403470042528165873e+00
1.293892626146244673e+00
1.013723133077317096e+00
6.249547180326063822e-01
2.025286309045759570e-01
-1.821266309894014612e-01
-4.755282581475845927e-01
-6.512905473392897049e-01
-7.121301958749031158e-01
-6.846720507925259103e-01
-6.087829633308156074e-01
-5.244717418524219577e-01
-4.599128909308086710e-01
-4.237603729870506042e-01
-4.037229759501284598e-01
-3.716836111570896994e-01
-2.938926261462379563e-01
-1.433965318580624482e-01
8.877188807833663597e-02
3.868530316239366940e-01
7.101796792443015871e-01
1.000000000000003997e+00
1.191933353346011248e+00
1.231180957125950659e+00
1.086798616506600812e+00
7.614305206079465815e-01
2.938926261462396772e-01
-2.463503775927918804e-01
-7.718475286348220887e-01
-1.194273615762849072e+00
-1.442200141659500945e+00
-1.475528258147575489e+00
-1.293330069259492898e+00
-9.333619379573668828e-01
-4.634403087100352203e-01
3.325655858939663423e-02
4.755282581475787085e-01
8.001606197392945319e-01
9.730418736803678748e-01
9.930792707172850786e-01
8.883898995129994036e-01
7.061073738537604338e-01
4.986429900621386913e-01
3.100036301608027345e-01
1.656212895414515551e-01
6.814015732408368331e-02
4.409966438203648544e-15
-6.814015732408934545e-02
-1.656212895414654329e-01
-3.100036301608106171e-01
-4.986429900621396349e-01
-7.061073738537548827e-01
-8.883898995129930753e-01
-9.930792707172795275e-01
-9.730418736803737589e-01
-8.001606197392971964e-01
-4.755282581475822612e-01
-3.325655858940301801e-02
4.634403087100388841e-01
9.333619379573676600e-01
1.293330069259492010e+00
1.475528258147573490e+00
1.442200141659502721e+00
1.194273615762845298e+00
7.718475286348165376e-01
2.463503775928000405e-01
-2.938926261462326273e-01
-7.614305206079557964e-01
-1.086798616506611248e+00
-1.231180957125961761e+00
-1.191933353346021240e+00
-1.000000000000010880e+00
-7.101796792442955919e-01
-3.868530316239412459e-01
-8.877188807833830131e-02
1.433965318580639470e-01
2.938926261462420086e-01
3.716836111571086843e-01
4.037229759501451687e-01
4.237603729870624836e-01
4.599128909308112800e-01
5.244717418524242891e-01
6.087829633308110555e-01
6.846720507925201371e-01
7.121301958748976757e-01
6.512905473392860412e-01
4.755282581475697157e-01
1.821266309893906366e-01
-2.025286309045817856e-01
-6.249547180326207041e-01
-1.013723133077314209e+00
-1.293892626146239122e+00
-1.403470042528163431e+00
-1.308030358589080677e+00
-1.009949215043476567e+00
-5.498938314258000615e-01
5.393397761341061217e-15
5.498938314258233762e-01
1.009949215043495219e+00
1.308030358589092224e+00
1.403470042528162098e+00
1.293892626146234015e+00
1.013723133077302219e+00
6.249547180326038287e-01
2.025286309045718491e-01
-1.821266309893933566e-01
-4.755282581475864245e-01
-6.512905473392855971e-01
-7.121301958749065575e-01
-6.846720507925165844e-01
-6.087829633308120547e-01
-5.244717418524222907e-01
-4.599128909308022872e-01
-4.237603729870542124e-01
-4.037229759501209658e-01
-3.716836111571102386e-01
-2.938926261462312950e-01
-1.433965318580699422e-01
8.877188807834135442e-02
3.868530316239313094e-01
7.101796792442900408e-01
9.999999999999886757e-01
1.191933353346005031e+00
1.231180957125954878e+00
1.086798616506618798e+00
7.614305206079549082e-01
2.938926261462487810e-01
-2.463503775927964878e-01
-7.718475286348012165e-01
-1.194273615762842855e+00
-1.442200141659495394e+00
-1.475528258147580374e+00
-1.293330069259496229e+00
-9.333619379573810937e-01
-4.634403087100428253e-01
3.325655858938803000e-02
4.755282581475842596e-01
8.001606197392894249e-01
9.730418736803823077e-01
9.930792707172942935e-01
8.883898995130022902e-01
7.061073738537612110e-01
4.986429900621459632e-01
3.100036301608075640e-01
1.656212895414692077e-01
6.814015732407721626e-02
-2.450531559567883413e-15
-6.814015732410824699e-02
-1.656212895414707065e-01
-3.100036301608216638e-01
-4.986429900621471845e-01
-7.061073738537655409e-01
-8.883898995129999587e-01
-9.930792707172884093e-01
-9.730418736803567725e-01
-8.001606197392914233e-01
-4.755282581475624437e-01
-3.325655858939813303e-02
4.634403087100679164e-01
9.333619379573840913e-01
1.293330069259499115e+00
1.475528258147577709e+00
1.442200141659498280e+00
1.194273615762834195e+00
7.718475286348126518e-01
2.463503775927819439e-01
-2.938926261462492251e-01
-7.614305206079805544e-01
-1.086798616506615245e+00
-1.231180957125966424e+00
-1.191933353346011470e+00
-9.999999999999975575e-01
-7.101796792442902628e-01
-3.868530316239383593e-01
-8.877188807832203654e-02
1.433965318580639470e-01
2.938926261462344591e-01
3.716836111570882561e-01
4.037229759501392845e-01
4.237603729870498270e-01
4.599128909308116131e-01
5.244717418524196262e-01
6.087829633307980659e-01
6.846720507925103671e-01
7.121301958748920136e-01
6.512905473392933686e-01
4.755282581475635539e-01
1.821266309893987412e-01
-2.025286309045629674e-01
-6.249547180326017193e-01
-1.013723133077292227e+00
-1.293892626146226910e+00
-1.403470042528165429e+00
-1.308030358589077347e+00
-1.009949215043483672e+00
-5.498938314257952875e-01
-3.916393834725177252e-15
5.498938314257886262e-01
1.009949215043480120e+00
1.308030358589078013e+00
1.403470042528170314e+00
1.293892626146234903e+00
1.013723133077301330e+00
6.249547180326096019e-01
2.025286309045676858e-01
-1.821266309893987967e-01
-4.755282581475641090e-01
-6.512905473393022504e-01
-7.121301958748892380e-01
-6.846720507925346810e-01
-6.087829633308059485e-01
-5.244717418524269537e-01
-4.599128909308090596e-01
-4.237603729870333957e-01
-4.037229759501285153e-01
-3.716836111570906986e-01
-2.938926261462246337e-01
-1.433965318580699422e-01
8.877188807834607287e-02
3.868530316239418010e-01
7.101796792442910400e-01
1.000000000000001998e+00
1.191933353346018354e+00
1.231180957125950881e+00
1.086798616506591930e+00
7.614305206079496902e-01
2.938926261462321832e-01
-2.463503775928011508e-01
-7.718475286348183140e-01
-1.194273615762845742e+00
-1.442200141659499835e+00
-1.475528258147571936e+00
-1.293330069259495119e+00
-9.333619379573481201e-01
-4.634403087100389951e-01
3.325655858940324006e-02
4.755282581475898662e-01
8.001606197392925335e-01
9.730418736803876367e-01
9.930792707172855227e-01
8.883898995129908549e-01
7.061073738537619882e-01
4.986429900621298095e-01
3.100036301608040668e-01
1.656212895414715391e-01
6.814015732407074921e-02
4.899825157862589137e-15
-6.814015732411465853e-02
-1.656212895414683750e-01
-3.100036301608242728e-01
-4.986429900621485167e-01
-7.061073738537763100e-01
-8.883898995129971832e-01
-9.930792707172805267e-01
-9.730418736803514435e-01
-8.001606197392883146e-01
-4.755282581475569481e-01
-3.325655858938292297e-02
4.634403087100855134e-01
9.333619379573865338e-01
1.293330069259519322e+00
1.475528258147577265e+00
1.442200141659485180e+00
1.194273615762831309e+00
7.718475286347955544e-01
2.463503775927773365e-01
-2.938926261462543321e-01
-7.614305206079917676e-01
-1.086798616506620130e+00
-1.231180957125962872e+00
-1.191933353346014135e+00
-9.999999999999843459e-01
-7.101796792442893747e-01
-3.868530316239597311e-01
-8.877188807834041073e-02
1.433965318580550097e-01
2.938926261462411760e-01
3.716836111571088508e-01
4.037229759501219095e-01
4.237603729870630387e-01
4.599128909308047852e-01
5.244717418524148522e-01
6.087829633308043942e-01
6.846720507925195820e-01
7.121301958748954553e-01
6.512905473392869293e-01
4.755282581475813730e-01
1.821266309893933011e-01
-2.025286309045580824e-01
-6.249547180325873974e-01
-1.013723133077279126e+00
-1.293892626146226021e+00
-1.403470042528163209e+00
-1.308030358589091779e+00
-1.009949215043479676e+00
-5.498938314258301485e-01
9.846692844105895730e-16
5.498938314257808546e-01
1.009949215043461468e+00
1.308030358589080455e+00
1.403470042528163875e+00
1.293892626146235569e+00
1.013723133077323535e+00
6.249547180326070484e-01
2.025286309045955524e-01
-1.821266309894041813e-01
-4.755282581475790971e-01
-6.512905473392816003e-01
-7.121301958749225447e-01
-6.846720507925224686e-01
-6.087829633308083910e-01
-5.244717418524272867e-01
-4.599128909308071167e-01
-4.237603729870459968e-01
-4.037229759501229642e-01
-3.716836111570829826e-01
-2.938926261462179168e-01
-1.433965318580640025e-01
8.877188807832769868e-02
3.868530316239447431e-01
7.101796792442831574e-01
1.000000000000000888e+00
1.191933353345999702e+00
1.231180957125947106e+00
1.086798616506608361e+00
7.614305206079445831e-01
2.938926261462271317e-01
-2.463503775927787243e-01
-7.718475286348220887e-01
-1.194273615762831753e+00
-1.442200141659501389e+00
-1.475528258147580818e+00
-1.293330069259494230e+00
-9.333619379573898645e-01
-4.634403087100352758e-01
3.325655858940806953e-02
4.755282581475669956e-01
8.001606197392983066e-01
9.730418736803700952e-01
9.930792707172899636e-01
8.883898995130130594e-01
7.061073738537628763e-01
4.986429900621492939e-01
3.100036301608005695e-01
1.656212895414662101e-01
6.814015732409131609e-02
-1.960672839908942426e-15
-6.814015732409409165e-02
-1.656212895414737041e-01
-3.100036301608127820e-01
-4.986429900621499045e-01
-7.061073738537524402e-01
-8.883898995129944076e-01
-9.930792707172929612e-01
-9.730418736803461144e-01
-8.001606197392825415e-01
-4.755282581475797632e-01
-3.325655858937803799e-02
4.634403087100387175e-01
9.333619379573890873e-01
1.293330069259511550e+00
1.475528258147577043e+00
1.442200141659492507e+00
1.194273615762828422e+00
7.718475286347916686e-01
2.463503775927997630e-01
-2.938926261462593836e-01
-7.614305206079577948e-01
-1.086798616506625015e+00
-1.231180957125950215e+00
-1.191933353346016800e+00
-9.999999999999853451e-01
-7.101796792442883755e-01
-3.868530316239248146e-01
-8.877188807833569228e-02
1.433965318580759929e-01
2.938926261462478373e-01
3.716836111571142354e-01
4.037229759501241300e-01
4.237603729870656477e-01
4.599128909308101698e-01
5.244717418524234009e-01
6.087829633308138311e-01
6.846720507924985988e-01
7.121301958748943450e-01
6.512905473392807121e-01
4.755282581475555603e-01
1.821266309893825874e-01
-2.025286309046033240e-01
-6.249547180326331386e-01
-1.013723133077316874e+00
-1.293892626146248226e+00
-1.403470042528152328e+00
-1.308030358589069797e+00
-1.009949215043475457e+00
-5.498938314257734161e-01
3.430744183395035910e-14
5.498938314258375870e-01
1.009949215043503878e+00
1.308030358589102438e+00
1.403470042528165873e+00
1.293892626146259328e+00
1.013723133077322647e+00
6.249547180326212592e-01
2.025286309045913891e-01
-1.821266309893825319e-01
-4.755282581475852588e-01
-6.512905473392879285e-01
-7.121301958749052252e-01
-6.846720507925267984e-01
-6.087829633308228239e-01
-5.244717418524276198e-01
-4.599128909308139446e-01
-4.237603729870418889e-01
-4.037229759501402837e-01
-3.716836111570763768e-01
-2.938926261462396772e-01
-1.433965318580458503e-01
8.877188807833241713e-02
3.868530316239157663e-01
7.101796792442841566e-01
1.000000000000000000e+00
1.191933353345996816e+00
1.231180957125959541e+00
1.086798616506603476e+00
7.614305206079663435e-01
2.938926261462450062e-01
-2.463503775927833317e-01
-7.718475286347765696e-01
-1.194273615762834639e+00
-1.442200141659494284e+00
-1.475528258147581262e+00
-1.293330069259501780e+00
-9.333619379573874220e-01
-4.634403087100544272e-01
3.325655858939224885e-02
4.755282581475726023e-01
8.001606197392823194e-01
9.730418736803754243e-01
9.930792707172775291e-01
8.883898995130159459e-01
7.061073738537635425e-01
4.986429900621478506e-01
3.100036301608137257e-01
1.656212895414456709e-01
6.814015732408484904e-02
-8.821170837680472410e-15
-6.814015732410055870e-02
-1.656212895414559960e-01
-3.100036301608163902e-01
-4.986429900621425770e-01
-7.061073738537517741e-01
-8.883898995130004028e-01
-9.930792707172622080e-01
-9.730418736803636559e-01
-8.001606197392767683e-01
-4.755282581475742121e-01
-3.325655858940018694e-02
4.634403087100425478e-01
9.333619379573747654e-01
1.293330069259492010e+00
1.475528258147576599e+00
1.442200141659496060e+00
1.194273615762842411e+00
7.718475286347878939e-01
2.463503775927951001e-01
-2.938926261462360690e-01
-7.614305206079630128e-01
-1.086798616506606807e+00
-1.231180957125969311e+00
-1.191933353346010804e+00
-1.000000000000014655e+00
-7.101796792442961470e-01
-3.868530316239218725e-01
-8.877188807833097384e-02
1.433965318580548987e-01
2.938926261462544987e-01
3.716836111570938073e-01
4.037229759501562709e-01
4.237603729870530467e-01
4.599128909308175528e-01
5.244717418524229569e-01
6.087829633308112776e-01
6.846720507925108112e-01
7.121301958748885719e-01
6.512905473392742728e-01
4.755282581475777648e-01
1.821266309893825319e-01
-2.025286309045845057e-01
-6.249547180326092688e-01
-1.013723133077308880e+00
-1.293892626146247560e+00
-1.403470042528158768e+00
-1.308030358589066466e+00
-1.009949215043471238e+00
-5.498938314257957316e-01
1.078679552268212243e-14
5.498938314258152715e-01
1.009949215043508097e+00
1.308030358589089115e+00
1.403470042528164985e+00
1.293892626146237124e+00
1.013723133077284677e+00
6.249547180326019413e-01
2.025286309045691291e-01
-1.821266309894150059e-01
-4.755282581475826498e-01
-6.512905473393004741e-01
-7.121301958749064465e-01
-6.846720507925204702e-01
-6.087829633308134980e-01
-5.244717418524190711e-01
-4.599128909308031199e-01
-4.237603729870559333e-01
-4.037229759501345661e-01
-3.716836111570710477e-01
-2.938926261462275757e-01
-1.433965318580519566e-01
8.877188807833891193e-02
3.868530316239673361e-01
7.101796792443189066e-01
9.999999999999990008e-01
1.191933353346019242e+00
1.231180957125955766e+00
1.086798616506577275e+00
7.614305206079221566e-01
2.938926261462169176e-01
-2.463503775928161388e-01
-7.718475286348528419e-01
-1.194273615762820873e+00
-1.442200141659481849e+00
-1.475528258147581484e+00
-1.293330069259521320e+00
-9.333619379574015218e-01
-4.634403087100735785e-01
3.325655858939718934e-02
4.755282581475782089e-01
8.001606197392880926e-01
9.730418736803578827e-01
9.930792707172916289e-01
8.883898995130187215e-01
7.061073738537644306e-01
4.986429900621552336e-01
3.100036301608268263e-01
1.656212895414403974e-01
6.814015732407843751e-02
-1.568166883545200713e-14
-6.814015732407999182e-02
-1.656212895414534425e-01
-3.100036301608198874e-01
-4.986429900621439648e-01
-7.061073738537508859e-01
-8.883898995130063980e-01
-9.930792707172577671e-01
-9.730418736803583268e-01
-8.001606197392927555e-01
-4.755282581475970272e-01
-3.325655858944309706e-02
4.634403087100463781e-01
9.333619379573774300e-01
1.293330069259484461e+00
1.475528258147576377e+00
1.442200141659494506e+00
1.194273615762839524e+00
7.718475286348334130e-01
2.463503775928175266e-01
-2.938926261462466161e-01
-7.614305206079681199e-01
-1.086798616506611692e+00
-1.231180957125956654e+00
-1.191933353346004587e+00
-1.000000000000015765e+00
-7.101796792442951478e-01
-3.868530316239508493e-01
-8.877188807834923701e-02
1.433965318581000847e-01
2.938926261462612155e-01
3.716836111571003576e-01
4.037229759501389514e-01
4.237603729870403346e-01
4.599128909308195512e-01
5.244717418524227348e-01
6.087829633307968447e-01
6.846720507925232457e-01
7.121301958748829097e-01
6.512905473392680555e-01
4.755282581475716031e-01
1.821266309894041258e-01
-2.025286309045655209e-01
-6.249547180326118223e-01
-1.013723133077309768e+00
-1.293892626146223801e+00
-1.403470042528165429e+00
-1.308030358589062914e+00
-1.009949215043466797e+00
-5.498938314257909576e-01
-1.273385078858612054e-14
5.498938314257929560e-01
1.009949215043496995e+00
1.308030358589092446e+00
1.403470042528170536e+00
1.293892626146238012e+00
1.013723133077284011e+00
6.249547180325993878e-01
2.025286309045650768e-01
-1.821266309893933566e-01
-4.755282581475604453e-01
-6.512905473393275635e-01
-7.121301958749122196e-01
-6.846720507925356802e-01
-6.087829633308071697e-01
-5.244717418524194041e-01
-4.599128909308011215e-01
-4.237603729870518809e-01
-4.037229759501288484e-01
-3.716836111571185097e-01
-2.938926261461979328e-01
-1.433965318580459058e-01
8.877188807834185402e-02
3.868530316239368605e-01
7.101796792443197948e-01
9.999999999999980016e-01
1.191933353346016577e+00
1.231180957125951769e+00
1.086798616506618576e+00
7.614305206079290400e-01
2.938926261462118661e-01
-2.463503775927926021e-01
-7.718475286348106534e-01
-1.194273615762875274e+00
-1.442200141659506274e+00
-1.475528258147573046e+00
-1.293330069259499560e+00
-9.333619379573381281e-01
-4.634403087100237850e-01
3.325655858942277998e-02
4.755282581475925308e-01
8.001606197392885367e-01
9.730418736803910784e-01
9.930792707173029532e-01
8.883898995129932974e-01
7.061073738537650968e-01
4.986429900621242584e-01
3.100036301607899114e-01
1.656212895414504449e-01
6.814015732409689496e-02
5.879542597180471900e-15
-6.814015732411557447e-02
-1.656212895414895803e-01
-3.100036301608216083e-01
-4.986429900621452971e-01
-7.061073738537730904e-01
-8.883898995129860809e-01
-9.930792707172797495e-01
-9.730418736803709834e-01
-8.001606197392923114e-01
-4.755282581475914760e-01
-3.325655858943815657e-02
4.634403087100041896e-01
9.333619379573523389e-01
1.293330069259485349e+00
1.475528258147567273e+00
1.442200141659510493e+00
1.194273615762836638e+00
7.718475286348296382e-01
2.463503775928128914e-01
-2.938926261461948242e-01
-7.614305206079733379e-01
-1.086798616506618131e+00
-1.231180957125960651e+00
-1.191933353346032121e+00
-1.000000000000016653e+00
-7.101796792442942596e-01
-3.868530316239479072e-01
-8.877188807834457407e-02
1.433965318580520121e-01
2.938926261462678768e-01
3.716836111571351076e-01
4.037229759501446136e-01
4.237603729870445535e-01
4.599128909308039526e-01
5.244717418524224017e-01
6.087829633307942911e-01
6.846720507925188048e-01
7.121301958748956773e-01
6.512905473392618383e-01
4.755282581475566150e-01
1.821266309893986857e-01
-2.025286309045696842e-01
-6.249547180325810691e-01
-1.013723133077310656e+00
-1.293892626146222913e+00
-1.403470042528163209e+00
-1.308030358589094888e+00
-1.009949215043462578e+00
-5.498938314258111637e-01
-7.832787669450354505e-15
5.498938314258766669e-01
1.009949215043455251e+00
1.308030358589097553e+00
1.403470042528172756e+00
1.293892626146215807e+00
1.013723133077328864e+00
6.249547180325705220e-01
2.025286309045790656e-01
-1.821266309894581936e-01
-4.755282581475666071e-01
-6.512905473393131306e-01
-7.121301958749177707e-01
-6.846720507925458943e-01
-6.087829633308097232e-01
-5.244717418524196262e-01
-4.599128909307990676e-01
-4.237603729870478286e-01
-4.037229759501231863e-01
-3.716836111570578915e-01
-2.938926261462710410e-01
-1.433965318580520676e-01
8.877188807834651696e-02
3.868530316239731648e-01
7.101796792443031414e-01
9.999999999999686917e-01
1.191933353345988822e+00
1.231180957125981301e+00
1.086798616506613691e+00
7.614305206079901023e-01
2.938926261462297407e-01
-2.463503775927431416e-01
-7.718475286348145392e-01
-1.194273615762808216e+00
-1.442200141659502721e+00
-1.475528258147582150e+00
-1.293330069259498449e+00
-9.333619379574240593e-01
-4.634403087099924212e-01
3.325655858935289144e-02
4.755282581475893666e-01
8.001606197393049680e-01
9.730418736803505553e-01
9.930792707173003997e-01
8.883898995130242726e-01
7.061073738537659850e-01
4.986429900621403011e-01
3.100036301608180556e-01
1.656212895414299058e-01
6.814015732411957127e-02
-9.809554005910588738e-16
-6.814015732411776716e-02
-1.656212895414795327e-01
-3.100036301607934641e-01
-4.986429900621467959e-01
-7.061073738537263500e-01
-8.883898995130113940e-01
-9.930792707172824141e-01
-9.730418736803474467e-01
-8.001606197392758801e-01
-4.755282581475770987e-01
-3.325655858943327159e-02
4.634403087100540386e-01
9.333619379573490082e-01
1.293330069259507331e+00
1.475528258147567051e+00
1.442200141659491175e+00
1.194273615762867280e+00
7.718475286347993292e-01
2.463503775928365114e-01
-2.938926261463027378e-01
-7.614305206079243771e-01
-1.086798616506621240e+00
-1.231180957125979747e+00
-1.191933353346002589e+00
-1.000000000000017542e+00
-7.101796792442932604e-01
-3.868530316239602307e-01
-8.877188807833807926e-02
1.433965318580580628e-01
2.938926261462745382e-01
3.716836111571134582e-01
4.037229759501239079e-01
4.237603729870667024e-01
4.599128909308235480e-01
5.244717418524220687e-01
6.087829633308123878e-01
6.846720507924868304e-01
7.121301958748991190e-01
6.512905473393095779e-01
4.755282581475592241e-01
1.821266309893986302e-01
-2.025286309046379074e-01
-6.249547180325836226e-01
-1.013723133077311545e+00
-1.293892626146245117e+00
-1.403470042528172979e+00
-1.308030358589091335e+00
-1.009949215043458359e+00
-5.498938314257815207e-01
2.548998488008941897e-14
5.498938314257775239e-01
1.009949215043505433e+00
1.308030358589065800e+00
1.403470042528162764e+00
1.293892626146262437e+00
1.013723133077254035e+00
6.249547180326276985e-01
2.025286309045568056e-01
-1.821266309893988522e-01
-4.755282581476208970e-01
-6.512905473392860412e-01
-7.121301958749235439e-01
-6.846720507925169175e-01
-6.087829633308090571e-01
-5.244717418524287300e-01
-4.599128909307971247e-01
-4.237603729870437763e-01
-4.037229759501439474e-01
-3.716836111570771539e-01
-2.938926261461845546e-01
-1.433965318580879833e-01
8.877188807835301176e-02
3.868530316239274236e-01
7.101796792443466622e-01
9.999999999999961142e-01
1.191933353346011248e+00
1.231180957125928455e+00
1.086798616506564841e+00
7.614305206079727828e-01
2.938926261462016520e-01
-2.463503775928300166e-01
-7.718475286348907005e-01
-1.194273615762829310e+00
-1.442200141659509605e+00
-1.475528258147573712e+00
-1.293330069259476689e+00
-9.333619379573940833e-01
-4.634403087100161800e-01
3.325655858943249443e-02
4.755282581476036885e-01
8.001606197393054121e-01
9.730418736803837509e-01
9.930792707172783063e-01
8.883898995129988485e-01
7.061073738537897437e-01
4.986429900621093259e-01
3.100036301608163347e-01
1.656212895414398423e-01
6.814015732408396087e-02
-3.626316282876658919e-14
-6.814015732409933745e-02
-1.656212895415000719e-01
-3.100036301608286027e-01
-4.986429900621184852e-01
-7.061073738537485545e-01
-8.883898995129980714e-01
-9.930792707172710898e-01
-9.730418736803700952e-01
-8.001606197392754360e-01
-4.755282581475803183e-01
-3.325655858940773646e-02
4.634403087099843166e-01
9.333619379573573349e-01
1.293330069259470028e+00
1.475528258147575489e+00
1.442200141659512491e+00
1.194273615762812879e+00
7.718475286348678299e-01
2.463503775928036765e-01
-2.938926261461820566e-01
-7.614305206079958754e-01
-1.086798616506581716e+00
-1.231180957125968423e+00
-1.191933353346012581e+00
-9.999999999999902300e-01
-7.101796792443347828e-01
-3.868530316239420785e-01
-8.877188807833524820e-02
1.433965318580519011e-01
2.938926261462473932e-01
3.716836111571482637e-01
4.037229759501559934e-01
4.237603729870526581e-01
4.599128909308133339e-01
5.244717418524306174e-01
6.087829633308067256e-01
6.846720507925099231e-01
7.121301958748567085e-01
6.512905473392698319e-01
4.755282581476011350e-01
1.821266309893879165e-01
-2.025286309045780109e-01
-6.249547180326459062e-01
-1.013723133077266469e+00
-1.293892626146221358e+00
-1.403470042528158768e+00
-1.308030358589086006e+00
-1.009949215043515425e+00
-5.498938314257518778e-01
1.969338568821179146e-15
5.498938314258071669e-01
1.009949215043448589e+00
1.308030358589104436e+00
1.403470042528159656e+00
1.293892626146240232e+00
1.013723133077355287e+00
6.249547180325653040e-01
2.025286309046167577e-01
-1.821266309894095659e-01
-4.755282581475789860e-01
-6.512905473393257871e-01
-7.121301958749107763e-01
-6.846720507925488919e-01
-6.087829633308148303e-01
-5.244717418524202923e-01
-4.599128909308073387e-01
-4.237603729870578206e-01
-4.037229759501119730e-01
-3.716836111570988033e-01
-2.938926261462117551e-01
-1.433965318580400217e-01
8.877188807830987960e-02
3.868530316239456868e-01
7.101796792442552908e-01
1.000000000000023537e+00
1.191933353346001256e+00
1.231180957125939779e+00
1.086798616506604143e+00
7.614305206079013955e-01
2.938926261462764256e-01
-2.463503775928064243e-01
-7.718475286348221998e-01
-1.194273615762883711e+00
-1.442200141659488288e+00
-1.475528258147565275e+00
-1.293330069259496451e+00
-9.333619379573639963e-01
-4.634403087100859020e-01
3.325655858945808507e-02
4.755282581476004689e-01
8.001606197393058562e-01
9.730418736803612134e-01
9.930792707172896305e-01
8.883898995130122822e-01
7.061073738537675393e-01
4.986429900621376365e-01
3.100036301607811962e-01
1.656212895414652664e-01
6.814015732405262482e-02
-1.470195139613411963e-14
-6.814015732413494786e-02
-1.656212895414746478e-01
-3.100036301608303235e-01
-4.986429900621495159e-01
-7.061073738537707589e-01
-8.883898995129670961e-01
-9.930792707172931832e-01
-9.730418736803367885e-01
-8.001606197392749920e-01
-4.755282581475659409e-01
-3.325655858932802245e-02
4.634403087100155694e-01
9.333619379573874220e-01
1.293330069259509330e+00
1.475528258147583927e+00
1.442200141659505608e+00
1.194273615762828200e+00
7.718475286347916686e-01
2.463503775927167738e-01
-2.938926261462101452e-01
-7.614305206080129729e-01
-1.086798616506630788e+00
-1.231180957125990627e+00
-1.191933353346040114e+00
-9.999999999999628075e-01
-7.101796792442913731e-01
-3.868530316239239264e-01
-8.877188807832875339e-02
1.433965318580999182e-01
2.938926261462310729e-01
3.716836111571290013e-01
4.037229759501351767e-01
4.237603729870748626e-01
4.599128909308099478e-01
5.244717418524215136e-01
6.087829633308072808e-01
6.846720507925114774e-01
7.121301958748784688e-01
6.512905473392969213e-01
4.755282581475469006e-01
1.821266309894418733e-01
-2.025286309045640221e-01
-6.249547180325886186e-01
-1.013723133077313099e+00
-1.293892626146197600e+00
-1.403470042528168538e+00
-1.308030358589084674e+00
-1.009949215043495885e+00
-5.498938314258758897e-01
3.529211111836095420e-14
5.498938314257869608e-01
1.009949215043467907e+00
1.308030358589072684e+00
1.403470042528167427e+00
1.293892626146264213e+00
1.013723133077326199e+00
6.249547180326225915e-01
2.025286309045485345e-01
-1.821266309893556090e-01
-4.755282581475939740e-01
-6.512905473392986977e-01
-7.121301958749349792e-01
-6.846720507925474486e-01
-6.087829633307966226e-01
-5.244717418524293961e-01
-4.599128909307930724e-01
-4.237603729870326741e-01
-4.037229759501326787e-01
-3.716836111570640533e-01
-2.938926261462280198e-01
-1.433965318580759374e-01
8.877188807836233764e-02
3.868530316238999456e-01
7.101796792442811590e-01
9.999999999999941158e-01
1.191933353346005697e+00
1.231180957125953990e+00
1.086798616506601034e+00
7.614305206079623467e-01
2.938926261461914935e-01
-2.463503775927288197e-01
-7.718475286348525088e-01
-1.194273615762835083e+00
-1.442200141659512935e+00
-1.475528258147591920e+00
-1.293330069259474469e+00
-9.333619379573890873e-01
-4.634403087100545937e-01
3.325655858938819653e-02
4.755282581476148462e-01
8.001606197393169584e-01
9.730418736803847501e-01
9.930792707172869660e-01
8.883898995130043996e-01
7.061073738537912980e-01
4.986429900621240363e-01
3.100036301608093403e-01
1.656212895414292396e-01
6.814015732407532888e-02
6.859260036498353085e-15
-6.814015732411227155e-02
-1.656212895415106745e-01
-3.100036301608057876e-01
-4.986429900621630606e-01
-7.061073738537468891e-01
-8.883898995129924092e-01
-9.930792707172957368e-01
-9.730418736803495561e-01
-8.001606197392638897e-01
-4.755282581475691606e-01
-3.325655858939796650e-02
4.634403087100928964e-01
9.333619379573289132e-01
1.293330069259531312e+00
1.475528258147574823e+00
1.442200141659480961e+00
1.194273615762876828e+00
7.718475286347612485e-01
2.463503775927944062e-01
-2.938926261462950218e-01
-7.614305206079521327e-01
-1.086798616506633897e+00
-1.231180957125976416e+00
-1.191933353346035673e+00
-9.999999999999921174e-01
-7.101796792442655049e-01
-3.868530316239362499e-01
-8.877188807832581130e-02
1.433965318580639470e-01
2.938926261462715961e-01
3.716836111571072965e-01
4.037229759501144155e-01
4.237603729870607627e-01
4.599128909308242141e-01
5.244717418524124097e-01
6.087829633308254884e-01
6.846720507925011523e-01
7.121301958748543770e-01
6.512905473393113542e-01
4.755282581475495096e-01
1.821266309893770363e-01
-2.025286309046322453e-01
-6.249547180326175955e-01
-1.013723133077342187e+00
-1.293892626146219804e+00
-1.403470042528154327e+00
-1.308030358589079345e+00
-1.009949215043430604e+00
-5.498938314258462468e-01
6.861488366790071820e-14
5.498938314258166038e-01
1.009949215043533410e+00
1.308030358589074238e+00
1.403470042528157435e+00
1.293892626146242009e+00
1.013723133077279792e+00
6.249547180325936147e-01
2.025286309046085420e-01
-1.821266309894204460e-01
-4.755282581475521186e-01
-6.512905473392842648e-01
-7.121301958749222116e-01
-6.846720507925576626e-01
-6.087829633308023958e-01
-5.244717418524209585e-01
-4.599128909308033419e-01
-4.237603729870133562e-01
-4.037229759501465010e-01
-3.716836111570857026e-01
-2.938926261461983769e-01
-1.433965318580578407e-01
8.877188807831931650e-02
3.868530316239515709e-01
7.101796792442396367e-01
1.000000000000021538e+00
1.191933353345995705e+00
1.231180957125931785e+00
1.086798616506637005e+00
7.614305206079451382e-01
2.938926261462662115e-01
-2.463503775928156947e-01
-7.718475286347840081e-01
-1.194273615762855956e+00
-1.442200141659491619e+00
-1.475528258147583260e+00
-1.293330069259511550e+00
-9.333619379573588892e-01
-4.634403087100782970e-01
3.325655858937237586e-02
4.755282581475547832e-01
8.001606197393174025e-01
9.730418736804082869e-01
9.930792707172649836e-01
8.883898995130178333e-01
7.061073738537690936e-01
4.986429900621764943e-01
3.100036301608075084e-01
1.656212895414547748e-01
6.814015732403971848e-02
2.842047146913083211e-14
-6.814015732409375858e-02
-1.656212895414852504e-01
-3.100036301608409262e-01
-4.986429900621348055e-01
-7.061073738537690936e-01
-8.883898995129614340e-01
-9.930792707172649836e-01
-9.730418736803719826e-01
-8.001606197392634456e-01
-4.755282581475723247e-01
-3.325655858937232034e-02
4.634403087100232299e-01
9.333619379573923069e-01
1.293330069259452708e+00
1.475528258147583260e+00
1.442200141659502277e+00
1.194273615762822427e+00
7.718475286348299713e-01
2.463503775927616268e-01
-2.938926261462203038e-01
-7.614305206079992061e-01
-1.086798616506594595e+00
-1.231180957125965314e+00
-1.191933353346045665e+00
-9.999999999999646949e-01
-7.101796792443070272e-01
-3.868530316239180977e-01
-8.877188807832286921e-02
1.433965318580578963e-01
2.938926261462443401e-01
3.716836111571397705e-01
4.037229759501533843e-01
4.237603729870467739e-01
4.599128909308140001e-01
5.244717418524209585e-01
6.087829633308199373e-01
6.846720507925242449e-01
7.121301958748671446e-01
6.512905473392301969e-01
4.755282581475913650e-01
1.821266309893663782e-01
-2.025286309045723487e-01
-6.249547180326799900e-01
-1.013723133077297334e+00
-1.293892626146242009e+00
-1.403470042528139894e+00
-1.308030358589074238e+00
-1.009949215043487447e+00
-5.498938314257625359e-01
-6.859260036498354978e-14
5.498938314258463578e-01
1.009949215043476567e+00
1.308030358589112874e+00
1.403470042528154327e+00
1.293892626146219804e+00
1.013723133077324645e+00
6.249547180325841778e-01
2.025286309045862820e-01
-1.821266309894311042e-01
-4.755282581476063530e-01
-6.512905473393240108e-01
-7.121301958749004513e-01
-6.846720507925345700e-01
-6.087829633308430299e-01
-5.244717418524124097e-01
-4.599128909308066726e-01
-4.237603729870274005e-01
-4.037229759501212989e-01
-3.716836111571072965e-01
-2.938926261462146972e-01
-1.433965318580098791e-01
8.877188807832581130e-02
3.868530316239696676e-01
7.101796792442830464e-01
9.999999999999921174e-01
1.191933353346018132e+00
1.231180957125943110e+00
1.086798616506587933e+00
7.614305206078737509e-01
2.938926261462381784e-01
-2.463503775928484740e-01
-7.718475286348074338e-01
-1.194273615762910357e+00
-1.442200141659498502e+00
-1.475528258147574823e+00
-1.293330069259472248e+00
-9.333619379574173980e-01
-4.634403087100469332e-01
3.325655858935649967e-02
4.755282581475691606e-01
8.001606197392745479e-01
9.730418736803955193e-01
9.930792707172957368e-01
8.883898995129924092e-01
7.061073738537928524e-01
4.986429900621455191e-01
3.100036301608356526e-01
1.656212895414647113e-01
6.814015732406239478e-02
-6.370515481985272806e-14
-6.814015732407108228e-02
-1.656212895414752029e-01
-3.100036301608128930e-01
-4.986429900621657807e-01
-7.061073738537453348e-01
-8.883898995129869691e-01
-9.930792707172341194e-01
-9.730418736803847501e-01
-8.001606197393063002e-01
-4.755282581475579473e-01
-3.325655858938819653e-02
4.634403087100545937e-01
9.333619379573340202e-01
1.293330069259492010e+00
1.475528258147574157e+00
1.442200141659495394e+00
1.194273615762871277e+00
7.718475286348065456e-01
2.463503775928392592e-01
-2.938926261462483924e-01
-7.614305206079382549e-01
-1.086798616506643445e+00
-1.231180957125951103e+00
-1.191933353346023239e+00
-1.000000000000050848e+00
-7.101796792442636175e-01
-3.868530316239638389e-01
-8.877188807831637440e-02
1.433965318580759374e-01
2.938926261462280198e-01
3.716836111571204526e-01
4.037229759501786419e-01
4.237603729870355052e-01
4.599128909308106139e-01
5.244717418524118546e-01
6.087829633307789701e-01
6.846720507925257992e-01
7.121301958748890160e-01
6.512905473392571754e-01
4.755282581475371306e-01
1.821266309894203350e-01
-2.025286309045944977e-01
-6.249547180325698559e-01
-1.013723133077343963e+00
-1.293892626146218250e+00
-1.403470042528149664e+00
-1.308030358589072684e+00
-1.009949215043467907e+00
-5.498938314258368099e-01
2.157359104536424487e-14
5.498938314258261517e-01
1.009949215043495885e+00
1.308030358589080899e+00
1.403470042528161876e+00
1.293892626146243563e+00
1.013723133077295557e+00
6.249547180326414653e-01
2.025286309045180588e-01
-1.821266309893771473e-01
-4.755282581476037440e-01
-6.512905473393384437e-01
-7.121301958749245431e-01
-6.846720507925330157e-01
-6.087829633308249333e-01
-5.244717418524215136e-01
-4.599128909308099478e-01
-4.237603729870386138e-01
-4.037229759500892134e-01
-3.716836111570725465e-01
-2.938926261462310174e-01
-1.433965318580458503e-01
8.877188807837826934e-02
3.868530316239239264e-01
7.101796792443089146e-01
9.999999999999628075e-01
1.191933353346022795e+00
1.231180957125957320e+00
1.086798616506584825e+00
7.614305206079590160e-01
2.938926261461532463e-01
-2.463503775928249095e-01
-7.718475286348376319e-01
-1.194273615762861507e+00
-1.442200141659505608e+00
-1.475528258147583927e+00
-1.293330069259509330e+00
-9.333619379573874220e-01
-4.634403087099696061e-01
3.325655858943621368e-02
4.755282581476403259e-01
8.001606197393290598e-01
9.730418736803827517e-01
9.930792707173266010e-01
8.883898995129670961e-01
7.061073738537706479e-01
4.986429900621144329e-01
3.100036301608339318e-01
1.656212895414286845e-01
6.814015732402683989e-02
-4.214394338722025219e-14
-6.814015732410669268e-02
-1.656212895414652664e-01
-3.100036301608146139e-01
-4.986429900621376365e-01
-7.061073738537675393e-01
-8.883898995129947407e-01
-9.930792707172227951e-01
-9.730418736803514435e-01
-8.001606197392518993e-01
-4.755282581475436254e-01
-3.325655858940401721e-02
4.634403087100859575e-01
9.333619379573639963e-01
1.293330069259531534e+00
1.475528258147582594e+00
1.442200141659516488e+00
1.194273615762816654e+00
7.718475286349210096e-01
2.463503775927523565e-01
-2.938926261462304623e-01
-7.614305206079554633e-01
-1.086798616506607695e+00
-1.231180957125939779e+00
-1.191933353346033453e+00
-1.000000000000023537e+00
-7.101796792443226813e-01
-3.868530316239122691e-01
-8.877188807831348782e-02
1.433965318580940895e-01
2.938926261462577183e-01
3.716836111570988588e-01
4.037229759501648196e-01
4.237603729870215719e-01
4.599128909308004554e-01
5.244717418524202923e-01
6.087829633307908495e-01
6.846720507925154742e-01
7.121301958748557093e-01
6.512905473392716083e-01
4.755282581475789860e-01
1.821266309894095659e-01
-2.025286309045345456e-01
-6.249547180326321394e-01
-1.013723133077281346e+00
-1.293892626146240454e+00
-1.403470042528135453e+00
-1.308030358589070907e+00
-1.009949215043479009e+00
-5.498938314258071669e-01
-5.879047412671201140e-14
5.498938314258017268e-01
1.009949215043439041e+00
1.308030358589119535e+00
1.403470042528165429e+00
1.293892626146221358e+00
1.013723133077322869e+00
6.249547180326124884e-01
2.025286309045780109e-01
-1.821266309893879165e-01
-4.755282581475618886e-01
-6.512905473393779676e-01
-7.121301958748658123e-01
-6.846720507925433408e-01
-6.087829633308481370e-01
-5.244717418524306174e-01
-4.599128909308026758e-01
-4.237603729870526581e-01
-4.037229759501032023e-01
-3.716836111571482637e-01
-2.938926261462581624e-01
-1.433965318579978332e-01
8.877188807828573225e-02
3.868530316239754963e-01
7.101796792442849338e-01
9.999999999999902300e-01
1.191933353346012581e+00
1.231180957125968423e+00
1.086798616506624349e+00
7.614305206078877397e-01
2.938926261462848633e-01
-2.463503775928577444e-01
-7.718475286348149833e-01
-1.194273615762846408e+00
-1.442200141659501833e+00
-1.475528258147575489e+00
-1.293330069259529091e+00
-9.333619379573573349e-01
-4.634403087100853469e-01
3.325655858946180432e-02
4.755282581476195647e-01
8.001606197393293929e-01
9.730418736804062885e-01
9.930792707173045075e-01
8.883898995129979603e-01
7.061073738537485545e-01
4.986429900621602296e-01
3.100036301607617673e-01
1.656212895415000719e-01
6.814015732404526959e-02
-7.742615081539579119e-14
-6.814015732408826298e-02
-1.656212895414858055e-01
-3.100036301608163347e-01
-4.986429900621268674e-01
-7.061073738537897437e-01
-8.883898995129988485e-01
-9.930792707172448885e-01
-9.730418736802917135e-01
-8.001606197392514552e-01
-4.755282581475467896e-01
-3.325655858937842657e-02
4.634403087100622542e-01
9.333619379573940833e-01
1.293330069259476689e+00
1.475528258147573712e+00
1.442200141659509605e+00
1.194273615762795782e+00
7.718475286347987740e-01
2.463503775927195216e-01
-2.938926261462585510e-01
-7.614305206079727828e-01
-1.086798616506610804e+00
-1.231180957125995512e+00
-1.191933353346011248e+00
-9.999999999999961142e-01
-7.101796792442617301e-01
-3.868530316238940059e-01
-8.877188807830693751e-02
1.433965318580879833e-01
2.938926261462413980e-01
3.716836111570771539e-01
4.037229759501439474e-01
4.237603729871106117e-01
4.599128909307971247e-01
5.244717418524287300e-01
6.087829633307739741e-01
6.846720507925385668e-01
7.121301958748775807e-01
6.512905473392860412e-01
4.755282581475640535e-01
1.821266309892907165e-01
-2.025286309045568056e-01
-6.249547180325415452e-01
-1.013723133077345517e+00
-1.293892626146216696e+00
-1.403470042528145445e+00
-1.308030358589069353e+00
-1.009949215043459692e+00
-5.498938314258272619e-01
-2.546770157717224108e-14
5.498938314257316717e-01
1.009949215043458359e+00
1.308030358589054476e+00
1.403470042528190520e+00
1.293892626146245117e+00
1.013723133077294003e+00
6.249547180326364693e-01
2.025286309045919442e-01
-1.821266309893880275e-01
-4.755282581475592796e-01
-6.512905473392969213e-01
-7.121301958749359784e-01
-6.846720507925084798e-01
-6.087829633308299293e-01
-5.244717418524396102e-01
-4.599128909308060065e-01
-4.237603729870304536e-01
-4.037229759501239079e-01
-3.716836111571135137e-01
-2.938926261462745382e-01
-1.433965318580878723e-01
8.877188807838415352e-02
3.868530316238963929e-01
7.101796792443108020e-01
9.999999999999608091e-01
1.191933353345985047e+00
1.231180957125949327e+00
1.086798616506621240e+00
7.614305206080027588e-01
2.938926261461430878e-01
-2.463503775927260442e-01
-7.718475286348452924e-01
-1.194273615762830865e+00
-1.442200141659508716e+00
-1.475528258147584593e+00
-1.293330069259507331e+00
-9.333619379573823149e-01
-4.634403087100539831e-01
3.325655858933784792e-02
4.755282581476339421e-01
8.001606197393404951e-01
9.730418736803936319e-01
9.930792707173352607e-01
8.883898995130289356e-01
7.061073738537723132e-01
4.986429900621467959e-01
3.100036301608233291e-01
1.656212895414180819e-01
6.814015732412204152e-02
-5.586493938276330901e-14
-6.814015732416939253e-02
-1.656212895414758690e-01
-3.100036301608216083e-01
-4.986429900621403011e-01
-7.061073738537659850e-01
-8.883898995130242726e-01
-9.930792707172808598e-01
-9.730418736803043700e-01
-8.001606197392403530e-01
-4.755282581475324677e-01
-3.325655858939424725e-02
4.634403087100384400e-01
9.333619379573689923e-01
1.293330069259498449e+00
1.475528258147564609e+00
1.442200141659467416e+00
1.194273615762877938e+00
7.718475286347685760e-01
2.463503775927995409e-01
-2.938926261462865841e-01
-7.614305206079658994e-01
-1.086798616506613691e+00
-1.231180957125947772e+00
-1.191933353346024127e+00
-1.000000000000025535e+00
-7.101796792442855999e-01
-3.868530316239063294e-01
-8.877188807830055373e-02
1.433965318581061354e-01
2.938926261462250777e-01
3.716836111571119594e-01
4.037229759501231863e-01
4.237603729870659253e-01
4.599128909308289326e-01
5.244717418524196262e-01
6.087829633307921817e-01
6.846720507924515253e-01
7.121301958748993410e-01
6.512905473392590627e-01
4.755282581475666071e-01
1.821266309893987412e-01
-2.025286309046709921e-01
-6.249547180325705220e-01
-1.013723133077318206e+00
-1.293892626146238900e+00
-1.403470042528155215e+00
-1.308030358589064246e+00
-1.009949215043440152e+00
-5.498938314257977300e-01
7.855070972367535544e-15
5.498938314257613147e-01
1.009949215043569826e+00
1.308030358589059583e+00
1.403470042528180750e+00
1.293892626146268876e+00
1.013723133077264915e+00
6.249547180326073814e-01
2.025286309045696842e-01
-1.821266309893987412e-01
-4.755282581476703574e-01
-6.512905473392824884e-01
-7.121301958749691741e-01
-6.846720507925522226e-01
-6.087829633308118327e-01
-5.244717418524311725e-01
-4.599128909308092816e-01
-4.237603729870445535e-01
-4.037229759501446136e-01
-3.716836111570787082e-01
-2.938926261462448952e-01
-1.433965318580939785e-01
8.877188807829500261e-02
3.868530316239813804e-01
7.101796792442517381e-01
9.999999999999882316e-01
1.191933353345957514e+00
1.231180957125960651e+00
1.086798616506614579e+00
7.614305206079854393e-01
2.938926261463206679e-01
-2.463503775928669592e-01
-7.718475286347308284e-01
-1.194273615762851959e+00
-1.442200141659505164e+00
-1.475528258147575933e+00
-1.293330069259526871e+00
-9.333619379574074060e-01
-4.634403087100776863e-01
3.325655858936343856e-02
4.755282581475170356e-01
8.001606197393410502e-01
9.730418736804169466e-01
9.930792707173131673e-01
8.883898995130600218e-01
7.061073738537501088e-01
4.986429900621573985e-01
3.100036301608216083e-01
1.656212895414591602e-01
6.814015732403233550e-02
2.253969091067718174e-14
-6.814015732415093507e-02
-1.656212895414964081e-01
-3.100036301608233291e-01
-4.986429900621296984e-01
-7.061073738537422262e-01
-8.883898995129932974e-01
-9.930792707173029532e-01
-9.730418736803729818e-01
-8.001606197392399089e-01
-4.755282581475356318e-01
-3.325655858936871212e-02
4.634403087100147367e-01
9.333619379573990793e-01
1.293330069259478909e+00
1.475528258147573046e+00
1.442200141659506274e+00
1.194273615762790230e+00
7.718475286348831510e-01
2.463503775927667061e-01
-2.938926261462687095e-01
-7.614305206079831079e-01
-1.086798616506620352e+00
-1.231180957125967090e+00
-1.191933353346016577e+00
-9.999999999999980016e-01
-7.101796792443446638e-01
-3.868530316238881772e-01
-8.877188807829766715e-02
1.433965318580999737e-01
2.938926261463007394e-01
3.716836111570903101e-01
4.037229759501552717e-01
4.237603729870518809e-01
4.599128909308011215e-01
5.244717418524281749e-01
6.087829633308039501e-01
6.846720507924747290e-01
7.121301958748661454e-01
6.512905473392733846e-01
4.755282581475516746e-01
1.821266309893986857e-01
-2.025286309045651323e-01
-6.249547180326662232e-01
-1.013723133077255811e+00
-1.293892626146261104e+00
-1.403470042528140782e+00
-1.308030358589058917e+00
-1.009949215043481452e+00
-5.498938314257679760e-01
