7.752626561118937E-10
1.7414542599116077E-9
2.4042175574473013E-9
3.878269023402397E-9
7.04373752115277E-9
1.4228386360952637E-8
3.225562316788249E-8
8.440227744081116E-8
2.687447029064193E-7
1.149085031747033E-6
8.154637824431589E-6
1.8380251925885323E-4
0.03601299176474072
0.08103365590770403
0.010713764034885914
4.1819534972950054E-5
3.64818447826074E-6
1.992771299930526E-6
1.3267537874246863E-5
6.933077649541093E-4
0.015778420961140124
0.014957018647892778
5.427934471803769E-4
1.1856992637260345E-5
1.343639686946158E-6
2.810269427750695E-7
8.234316591009323E-8
2.99593971775817E-8
1.2686355612595166E-8
6.012131297276065E-9
3.1079346202022208E-9
1.7216735371481728E-9
1.0089864535163363E-9
6.195901945820868E-10
3.9573750174459763E-10
2.6138634854957027E-10
1.7771628910259638E-10
1.2391256866418315E-10
8.833091310709852E-11
6.421116847267123E-11
4.749833591300341E-11
3.568848546867054E-11
2.7194860584116662E-11
2.0988223331791244E-11
1.638676563861521E-11
1.2930118495354151E-11
1.0301970675782224E-11
8.281498161582745E-12
6.712264695695557E-12
5.4819419951257735E-12
4.508860739627614E-12
3.732951757255846E-12
3.1095555348549423E-12
2.6051348056519952E-12
2.194267752828289E-12
1.857514625085109E-12
1.5798873662095796E-12
1.3497405517171902E-12
1.1579598269449437E-12
9.973626605811593E-13
8.6225205619375E-13
7.480814754137207E-13
6.512013447924418E-13
5.686658753304218E-13
4.980848272636756E-13
4.3750903527609687E-13
3.8534142786123876E-13
3.4026747714086967E-13
3.0120050926698145E-13
2.6723848326476475E-13
2.3762964339216907E-13
2.1174509875996229E-13
1.890568235796485E-13
1.691199291720787E-13
1.5155831389909994E-13
1.3605300267246567E-13
1.2233262909549334E-13
1.1016564034975894E-13
9.935388768711994E-14
8.972733708989367E-14
8.113969114741744E-14
7.34647503788303E-14
6.65933808512357E-14
6.043098146114988E-14
5.4895356947413864E-14
4.991493141527805E-14
4.542724151196148E-14
4.137766229792549E-14
3.771832610304863E-14
3.440720584933328E-14
3.1407331390639966E-14
2.868612269595989E-14
2.62148168090886E-14
2.396797907282319E-14
2.1923078590097562E-14
2.006012790515956E-14
1.8361367062901285E-14
1.6810993060513344E-14
1.539492476617854E-14
1.4100598443932892E-14
1.29167899223594E-14
1.1833460476437965E-14
1.0841621255502016E-14
9.933215202345659E-15
9.10101396485035E-15
8.338527209306125E-15
7.639922850468963E-15
6.999957617340611E-15
6.413914958261014E-15
5.877551317317942E-15
5.387048300011564E-15
4.938970300378173E-15
4.530227586325773E-15
4.158043237165544E-15
3.819924498330326E-15
3.5136367697925594E-15
3.2371813732048342E-15
2.9887756112188647E-15
2.766835111646693E-15
2.5699588813332908E-15
2.3969155809869245E-15
2.2466321579472518E-15
2.1181836835144524E-15
2.010784987831982E-15
1.9237831912909165E-15
1.8566520992762828E-15
1.8089871748610425E-15
1.780502059913721E-15
8.855129613393467E-16
