-1.082467449009527602e-16
4.561773064395198696e-01
8.278994681996371119e-01
1.057950004760697560e+00
1.133617507937033864e+00
1.087785252292473137e+00
9.837397883885230510e-01
8.897047850747168418e-01
8.529035967597055068e-01
8.829999739657514723e-01
9.510565162951536422e-01
1.004114329228957159e+00
9.894510571705806834e-01
8.788351861293433043e-01
6.830945682688540632e-01
4.510565162951538087e-01
2.529632186307007591e-01
1.545024734259952126e-01
1.913036617410070472e-01
3.537030330534729483e-01
5.877852522924730261e-01
8.125977469769314343e-01
9.473341337194605138e-01
9.385153392408744910e-01
7.771970673996225765e-01
4.999999999999997780e-01
1.738594488955295114e-01
-1.294983448659267899e-01
-3.595488814269874323e-01
-5.035807526019835390e-01
-5.877852522924730261e-01
-6.627200274284203996e-01
-7.790889140334795737e-01
-9.635194678009437741e-01
-1.204019734925855234e+00
-1.451056516295154530e+00
-1.634151084564007705e+00
-1.687852180504291200e+00
-1.577236309463054376e+00
-1.313131323603904832e+00
-9.510565162951539753e-01
-5.739829795908027998e-01
-2.651183444672316480e-01
-8.068779069976919627e-02
-3.268327209336996386e-02
-8.778525229247284567e-02
-1.825609916418800549e-01
-2.489330103857498033e-01
-2.401142159071641691e-01
-1.471603120645728069e-01
-1.128100412065512132e-16
1.471603120645724461e-01
2.401142159071637805e-01
2.489330103857492760e-01
1.825609916418804157e-01
8.778525229247229056e-02
3.268327209337017203e-02
8.068779069976961260e-02
2.651183444672322587e-01
5.739829795908052423e-01
9.510565162951527540e-01
1.313131323603905498e+00
1.577236309463053709e+00
1.687852180504291200e+00
1.634151084564007261e+00
1.451056516295152976e+00
1.204019734925852347e+00
9.635194678009423308e-01
7.790889140334785745e-01
6.627200274284201775e-01
5.877852522924735812e-01
5.035807526019828728e-01
3.595488814269867661e-01
1.294983448659290659e-01
-1.738594488955286788e-01
-5.000000000000001110e-01
-7.771970673996215773e-01
-9.385153392408742690e-01
-9.473341337194601808e-01
-8.125977469769303241e-01
-5.877852522924739143e-01
-3.537030330534727263e-01
-1.913036617410050766e-01
-1.545024734259956845e-01
-2.529632186307017583e-01
-4.510565162951539198e-01
-6.830945682688555065e-01
-8.788351861293457468e-01
-9.894510571705806834e-01
-1.004114329228957381e+00
-9.510565162951537532e-01
-8.829999739657518054e-01
-8.529035967597055068e-01
-8.897047850747178410e-01
-9.837397883885227179e-01
-1.087785252292473803e+00
-1.133617507937034086e+00
-1.057950004760698004e+00
-8.278994681996366678e-01
-4.561773064395190924e-01
2.043384532827776890e-15
4.561773064395209798e-01
8.278994681996386662e-01
1.057950004760698892e+00
1.133617507937032309e+00
1.087785252292472693e+00
9.837397883885209415e-01
8.897047850747180631e-01
8.529035967597055068e-01
8.829999739657511393e-01
9.510565162951536422e-01
1.004114329228957159e+00
9.894510571705813495e-01
8.788351861293436373e-01
6.830945682688523979e-01
4.510565162951513662e-01
2.529632186307010921e-01
1.545024734259955179e-01
1.913036617410072138e-01
3.537030330534766676e-01
5.877852522924719159e-01
8.125977469769325445e-01
9.473341337194618461e-01
9.385153392408752682e-01
7.771970673996232426e-01
5.000000000000006661e-01
1.738594488955307049e-01
-1.294983448659285385e-01
-3.595488814269878208e-01
-5.035807526019834279e-01
-5.877852522924723599e-01
-6.627200274284192894e-01
-7.790889140334817942e-01
-9.635194678009432190e-01
-1.204019734925855456e+00
-1.451056516295155641e+00
-1.634151084564009260e+00
-1.687852180504291422e+00
-1.577236309463053043e+00
-1.313131323603900613e+00
-9.510565162951477580e-01
-5.739829795907960275e-01
-2.651183444672304823e-01
-8.068779069976865503e-02
-3.268327209337169165e-02
-8.778525229247369221e-02
-1.825609916418782785e-01
-2.489330103857505250e-01
-2.401142159071664173e-01
-1.471603120645725571e-01
-5.297667464089003725e-16
1.471603120645709195e-01
2.401142159071626425e-01
2.489330103857476661e-01
1.825609916418793055e-01
8.778525229247037542e-02
3.268327209336953365e-02
8.068779069976801666e-02
2.651183444672337020e-01
5.739829795908070187e-01
9.510565162951509777e-01
1.313131323603904166e+00
1.577236309463055264e+00
1.687852180504291644e+00
1.634151084564005707e+00
1.451056516295154530e+00
1.204019734925852569e+00
9.635194678009405544e-01
7.790889140334780194e-01
6.627200274284207326e-01
5.877852522924736922e-01
5.035807526019816516e-01
3.595488814269849343e-01
1.294983448659233760e-01
-1.738594488955358397e-01
-5.000000000000045519e-01
-7.771970673996206891e-01
-9.385153392408724926e-01
-9.473341337194614020e-01
-8.125977469769342099e-01
-5.877852522924748024e-01
-3.537030330534722822e-01
-1.913036617410044105e-01
-1.545024734259940191e-01
-2.529632186307000374e-01
-4.510565162951530316e-01
-6.830945682688542853e-01
-8.788351861293453027e-01
-9.894510571705801283e-01
-1.004114329228956937e+00
-9.510565162951537532e-01
-8.829999739657520275e-01
-8.529035967597057288e-01
-8.897047850747162867e-01
-9.837397883885242722e-01
-1.087785252292475580e+00
-1.133617507937036972e+00
-1.057950004760696006e+00
-8.278994681996363347e-01
-4.561773064395173716e-01
4.104086768474686742e-15
4.561773064395278077e-01
8.278994681996389993e-01
1.057950004760698670e+00
1.133617507937032309e+00
1.087785252292471139e+00
9.837397883885193872e-01
8.897047850747125119e-01
8.529035967597033974e-01
8.829999739657495850e-01
9.510565162951531981e-01
1.004114329228956271e+00
9.894510571705797952e-01
8.788351861293479672e-01
6.830945682688578380e-01
4.510565162951564733e-01
2.529632186307024244e-01
1.545024734259964894e-01
1.913036617410069640e-01
3.537030330534756684e-01
5.877852522924790213e-01
8.125977469769380956e-01
9.473341337194643996e-01
9.385153392408737139e-01
7.771970673996242418e-01
5.000000000000016653e-01
1.738594488955318706e-01
-1.294983448659294267e-01
-3.595488814269885980e-01
-5.035807526019832059e-01
-5.877852522924714718e-01
-6.627200274284216208e-01
-7.790889140334797958e-01
-9.635194678009423308e-01
-1.204019734925854346e+00
-1.451056516295155863e+00
-1.634151084564009038e+00
-1.687852180504290978e+00
-1.577236309463049935e+00
-1.313131323603895062e+00
-9.510565162951573059e-01
-5.739829795908057974e-01
-2.651183444672334244e-01
-8.068779069977122242e-02
-3.268327209337173328e-02
-8.778525229247756412e-02
-1.825609916418778622e-01
-2.489330103857503584e-01
-2.401142159071633919e-01
-1.471603120645728346e-01
-1.246078741794825360e-15
1.471603120645706142e-01
2.401142159071606441e-01
2.489330103857477772e-01
1.825609916418751144e-01
8.778525229247796657e-02
3.268327209337217043e-02
8.068779069976990403e-02
2.651183444672328138e-01
5.739829795908056864e-01
9.510565162951575280e-01
1.313131323603909495e+00
1.577236309463057928e+00
1.687852180504291866e+00
1.634151084564002820e+00
1.451056516295153642e+00
1.204019734925853236e+00
9.635194678009409985e-01
7.790889140334789076e-01
6.627200274284207326e-01
5.877852522924745804e-01
5.035807526019852043e-01
3.595488814269811595e-01
1.294983448659172975e-01
-1.738594488955335915e-01
-5.000000000000033307e-01
-7.771970673996256851e-01
-9.385153392408748241e-01
-9.473341337194564060e-01
-8.125977469769217754e-01
-5.877852522924601475e-01
-3.537030330534647327e-01
-1.913036617410008855e-01
-1.545024734259954902e-01
-2.529632186307032571e-01
-4.510565162951575835e-01
-6.830945682688589482e-01
-8.788351861293479672e-01
-9.894510571705833479e-01
-1.004114329228956937e+00
-9.510565162951539753e-01
-8.829999739657519164e-01
-8.529035967597049517e-01
-8.897047850747150655e-01
-9.837397883885222738e-01
-1.087785252292473803e+00
-1.133617507937037638e+00
-1.057950004760703555e+00
-8.278994681996372229e-01
-4.561773064395189814e-01
2.214656778785749566e-15
4.561773064395089894e-01
8.278994681996304505e-01
1.057950004760693785e+00
1.133617507937031421e+00
1.087785252292469806e+00
9.837397883885196093e-01
8.897047850747163977e-01
8.529035967597048407e-01
8.829999739657513613e-01
9.510565162951537532e-01
1.004114329228956271e+00
9.894510571705817936e-01
8.788351861293453027e-01
6.830945682688548404e-01
4.510565162951522544e-01
2.529632186306992048e-01
1.545024734259955734e-01
1.913036617410107665e-01
3.537030330534818301e-01
5.877852522924700285e-01
8.125977469769307682e-01
9.473341337194631784e-01
9.385153392408783768e-01
7.771970673996191348e-01
4.999999999999951150e-01
1.738594488955250705e-01
-1.294983448659316472e-01
-3.595488814269895972e-01
-5.035807526019827618e-01
-5.877852522924720269e-01
-6.627200274284188453e-01
-7.790889140334831264e-01
-9.635194678009467717e-01
-1.204019734925859897e+00
-1.451056516295158971e+00
-1.634151084564011258e+00
-1.687852180504289867e+00
-1.577236309463045938e+00
-1.313131323603903056e+00
-9.510565162951509777e-01
-5.739829795907975818e-01
-2.651183444672265410e-01
-8.068779069976646234e-02
-3.268327209337131695e-02
-8.778525229247854944e-02
-1.825609916418879930e-01
-2.489330103857572973e-01
-2.401142159071679993e-01
-1.471603120645733065e-01
6.099878382933800850e-15
1.471603120645771645e-01
2.401142159071622817e-01
2.489330103857480270e-01
1.825609916418770295e-01
8.778525229246834927e-02
3.268327209336947120e-02
8.068779069976428353e-02
2.651183444672275402e-01
5.739829795907974708e-01
9.510565162951478690e-01
1.313131323603901501e+00
1.577236309463053265e+00
1.687852180504291644e+00
1.634151084564007261e+00
1.451056516295152754e+00
1.204019734925862117e+00
9.635194678009456615e-01
7.790889140334814611e-01
6.627200274284211767e-01
5.877852522924746914e-01
5.035807526019856484e-01
3.595488814269897637e-01
1.294983448659287328e-01
-1.738594488955299000e-01
-4.999999999999906741e-01
-7.771970673996226875e-01
-9.385153392408751571e-01
-9.473341337194608469e-01
-8.125977469769292139e-01
-5.877852522924690293e-01
-3.537030330534671752e-01
-1.913036617410010243e-01
-1.545024734259922983e-01
-2.529632186307050890e-01
-4.510565162951523654e-01
-6.830945682688531750e-01
-8.788351861293440814e-01
-9.894510571705815716e-01
-1.004114329228957159e+00
-9.510565162951533091e-01
-8.829999739657524715e-01
-8.529035967597095036e-01
-8.897047850747205056e-01
-9.837397883885302674e-01
-1.087785252292472249e+00
-1.133617507937033642e+00
-1.057950004760696894e+00
-8.278994681996345584e-01
-4.561773064395138189e-01
8.291146146468699401e-15
4.561773064395349686e-01
8.278994681996485472e-01
1.057950004760702001e+00
1.133617507937035418e+00
1.087785252292472027e+00
9.837397883885204974e-01
8.897047850747134001e-01
8.529035967597035084e-01
8.829999739657506952e-01
9.510565162951566398e-01
1.004114329228957825e+00
9.894510571705774638e-01
8.788351861293416389e-01
6.830945682688407405e-01
4.510565162951485907e-01
2.529632186306926545e-01
1.545024734259972665e-01
1.913036617410106832e-01
3.537030330534605138e-01
5.877852522924770229e-01
8.125977469769232187e-01
9.473341337194671752e-01
9.385153392408778217e-01
7.771970673996246859e-01
5.000000000000076605e-01
1.738594488955471085e-01
-1.294983448659270953e-01
-3.595488814269838240e-01
-5.035807526019820957e-01
-5.877852522924721379e-01
-6.627200274284184012e-01
-7.790889140334766871e-01
-9.635194678009457725e-01
-1.204019734925851015e+00
-1.451056516295160304e+00
-1.634151084564008150e+00
-1.687852180504292976e+00
-1.577236309463051267e+00
-1.313131323603911049e+00
-9.510565162951444274e-01
-5.739829795908087950e-01
-2.651183444672270406e-01
-8.068779069977219387e-02
-3.268327209337364841e-02
-8.778525229247405304e-02
-1.825609916418740875e-01
-2.489330103857536614e-01
-2.401142159071638360e-01
-1.471603120645738338e-01
-2.410050318336016769e-15
1.471603120645696983e-01
2.401142159071602833e-01
2.489330103857444187e-01
1.825609916418788614e-01
8.778525229247859107e-02
3.268327209336750055e-02
8.068779069976900198e-02
2.651183444672390865e-01
5.739829795908030219e-01
9.510565162951699625e-01
1.313131323603906608e+00
1.577236309463065034e+00
1.687852180504291644e+00
1.634151084564008816e+00
1.451056516295146759e+00
1.204019734925855234e+00
9.635194678009361136e-01
7.790889140334801288e-01
6.627200274284219539e-01
5.877852522924696954e-01
5.035807526019800973e-01
3.595488814269825473e-01
1.294983448659128566e-01
-1.738594488955401696e-01
-5.000000000000008882e-01
-7.771970673996286827e-01
-9.385153392408739359e-01
-9.473341337194485234e-01
-8.125977469769292139e-01
-5.877852522924776890e-01
-3.537030330534884914e-01
-1.913036617410056595e-01
-1.545024734259943799e-01
-2.529632186306990382e-01
-4.510565162951450380e-01
-6.830945682688553955e-01
-8.788351861293395295e-01
-9.894510571705829038e-01
-1.004114329228957381e+00
-9.510565162951528650e-01
-8.829999739657523605e-01
-8.529035967597047296e-01
-8.897047850747212827e-01
-9.837397883885213856e-01
-1.087785252292481575e+00
-1.133617507937031865e+00
-1.057950004760696894e+00
-8.278994681996396654e-01
-4.561773064395086563e-01
-1.507686380508749327e-15
4.561773064395058253e-01
8.278994681996363347e-01
1.057950004760692231e+00
1.133617507937026536e+00
1.087785252292476690e+00
9.837397883885165006e-01
8.897047850747169528e-01
8.529035967597017320e-01
8.829999739657509172e-01
9.510565162951539753e-01
1.004114329228956271e+00
9.894510571705824598e-01
8.788351861293396405e-01
6.830945682688551734e-01
4.510565162951474250e-01
2.529632186307004260e-01
1.545024734260010690e-01
1.913036617410098505e-01
3.537030330534885469e-01
5.877852522924839063e-01
8.125977469769229966e-01
9.473341337194707279e-01
9.385153392408721595e-01
7.771970673996235757e-01
4.999999999999973910e-01
1.738594488955115258e-01
-1.294983448659296765e-01
-3.595488814269977018e-01
-5.035807526019817626e-01
-5.877852522924770229e-01
-6.627200274284178461e-01
-7.790889140334819052e-01
-9.635194678009483260e-01
-1.204019734925857898e+00
-1.451056516295167853e+00
-1.634151084564010148e+00
-1.687852180504288979e+00
-1.577236309463047936e+00
-1.313131323603904610e+00
-9.510565162951382101e-01
-5.739829795908001353e-01
-2.651183444672240430e-01
-8.068779069976728113e-02
-3.268327209337076877e-02
-8.778525229247807760e-02
-1.825609916418902412e-01
-2.489330103857569920e-01
-2.401142159071586457e-01
-1.471603120645742224e-01
4.775441648830988453e-15
1.471603120645693097e-01
2.401142159071655291e-01
2.489330103857477494e-01
1.825609916418747813e-01
8.778525229246340877e-02
3.268327209336512745e-02
8.068779069977706497e-02
2.651183444672423617e-01
5.739829795908114596e-01
9.510565162951766238e-01
1.313131323603913714e+00
1.577236309463069697e+00
1.687852180504292532e+00
1.634151084563996603e+00
1.451056516295143650e+00
1.204019734925830809e+00
9.635194678009333380e-01
7.790889140334743557e-01
6.627200274284222870e-01
5.877852522924704726e-01
5.035807526019745461e-01
3.595488814269816036e-01
1.294983448659035585e-01
-1.738594488955435280e-01
-5.000000000000283107e-01
-7.771970673996300150e-01
-9.385153392408692730e-01
-9.473341337194612910e-01
-8.125977469769383177e-01
-5.877852522924708056e-01
-3.537030330534773337e-01
-1.913036617410183993e-01
-1.545024734259898558e-01
-2.529632186306914332e-01
-4.510565162951463147e-01
-6.830945682688409626e-01
-8.788351861293430822e-01
-9.894510571705782409e-01
-1.004114329228957159e+00
-9.510565162951573059e-01
-8.829999739657526936e-01
-8.529035967597102808e-01
-8.897047850747102915e-01
-9.837397883885302674e-01
-1.087785252292468252e+00
-1.133617507937033864e+00
-1.057950004760706664e+00
-8.278994681996367788e-01
-4.561773064395376331e-01
4.683805900681695558e-15
4.561773064395038269e-01
8.278994681996229010e-01
1.057950004760686236e+00
1.133617507937033642e+00
1.087785252292472915e+00
9.837397883885251604e-01
8.897047850747137332e-01
8.529035967597025092e-01
8.829999739657504731e-01
9.510565162951500895e-01
1.004114329228956048e+00
9.894510571705802393e-01
8.788351861293505207e-01
6.830945682688516207e-01
4.510565162951612472e-01
2.529632186306985941e-01
1.545024734259989596e-01
1.913036617410136531e-01
3.537030330534777223e-01
5.877852522924906786e-01
8.125977469769293249e-01
9.473341337194581824e-01
9.385153392408730477e-01
7.771970673996315693e-01
4.999999999999944489e-01
1.738594488955404471e-01
-1.294983448659319525e-01
-3.595488814269791611e-01
-5.035807526019812075e-01
-5.877852522924761347e-01
-6.627200274284177350e-01
-7.790889140334829044e-01
-9.635194678009370017e-01
-1.204019734925861229e+00
-1.451056516295150089e+00
-1.634151084564011924e+00
-1.687852180504290311e+00
-1.577236309463043940e+00
-1.313131323603899059e+00
-9.510565162951630791e-01
-5.739829795907946952e-01
-2.651183444672374767e-01
-8.068779069976700358e-02
-3.268327209337410638e-02
-8.778525229248193562e-02
-1.825609916418886591e-01
-2.489330103857602394e-01
-2.401142159071603388e-01
-1.471603120645749718e-01
4.924836608230887508e-15
1.471603120645685603e-01
2.401142159071637805e-01
2.489330103857447518e-01
1.825609916418705347e-01
8.778525229246489370e-02
3.268327209336294864e-02
8.068779069977410900e-02
2.651183444672455258e-01
5.739829795908166776e-01
9.510565162951515328e-01
1.313131323603919265e+00
1.577236309463055264e+00
1.687852180504292976e+00
1.634151084564003709e+00
1.451056516295140097e+00
1.204019734925845020e+00
9.635194678009312286e-01
7.790889140334736895e-01
6.627200274284223980e-01
5.877852522924716938e-01
5.035807526019869806e-01
3.595488814269808819e-01
1.294983448659149383e-01
-1.738594488955466366e-01
-5.000000000000140998e-01
-7.771970673996316803e-01
-9.385153392408788209e-01
-9.473341337194575162e-01
-8.125977469769171124e-01
-5.877852522924640333e-01
-3.537030330534543521e-01
-1.913036617410071027e-01
-1.545024734259934363e-01
-2.529632186307085306e-01
-4.510565162951710172e-01
-6.830945682688654985e-01
-8.788351861293591805e-01
-9.894510571705850133e-01
-1.004114329228957381e+00
-9.510565162951502005e-01
-8.829999739657465874e-01
-8.529035967597105028e-01
-8.897047850747185072e-01
-9.837397883885424799e-01
-1.087785252292477800e+00
-1.133617507937045854e+00
-1.057950004760689788e+00
-8.278994681996338922e-01
-4.561773064394913368e-01
2.491110871010788349e-14
4.561773064395506228e-01
8.278994681996558747e-01
1.057950004760702667e+00
1.133617507937031199e+00
1.087785252292474469e+00
9.837397883885211636e-01
8.897047850747243913e-01
8.529035967597010659e-01
8.829999739657501401e-01
9.510565162951504226e-01
1.004114329228956048e+00
9.894510571705854574e-01
8.788351861293476341e-01
6.830945682688684961e-01
4.510565162951578055e-01
2.529632186307064212e-01
1.545024734259999033e-01
1.913036617410004414e-01
3.537030330534837175e-01
5.877852522924661427e-01
8.125977469769473105e-01
9.473341337194618461e-01
9.385153392408849271e-01
7.771970673996301260e-01
5.000000000000085487e-01
1.738594488955371720e-01
-1.294983448659206282e-01
-3.595488814269799938e-01
-5.035807526019812075e-01
-5.877852522924637002e-01
-6.627200274284172909e-01
-7.790889140334685825e-01
-9.635194678009395552e-01
-1.204019734925846796e+00
-1.451056516295153198e+00
-1.634151084564003931e+00
-1.687852180504290089e+00
-1.577236309463057262e+00
-1.313131323603896172e+00
-9.510565162951568619e-01
-5.739829795908230059e-01
-2.651183444672342016e-01
-8.068779069976968199e-02
-3.268327209337635458e-02
-8.778525229246876560e-02
-1.825609916418928502e-01
-2.489330103857498033e-01
-2.401142159071759929e-01
-1.471603120645753326e-01
-1.200151963716718973e-14
1.471603120645682272e-01
2.401142159071682214e-01
2.489330103857416432e-01
1.825609916418846901e-01
8.778525229246098016e-02
3.268327209337004019e-02
8.068779069976556029e-02
2.651183444672319811e-01
5.739829795908221177e-01
9.510565162951577500e-01
1.313131323603897727e+00
1.577236309463058594e+00
1.687852180504290533e+00
1.634151084564004597e+00
1.451056516295153864e+00
1.204019734925847906e+00
9.635194678009422198e-01
7.790889140334725793e-01
6.627200274284227310e-01
5.877852522924696954e-01
5.035807526019874247e-01
3.595488814269861555e-01
1.294983448659262348e-01
-1.738594488955318429e-01
-5.000000000000031086e-01
-7.771970673996233536e-01
-9.385153392408777107e-01
-9.473341337194534084e-01
-8.125977469769384287e-01
-5.877852522924570389e-01
-3.537030330534754463e-01
-1.913036617409942797e-01
-1.545024734259955734e-01
-2.529632186307042008e-01
-4.510565162951572504e-01
-6.830945682688692733e-01
-8.788351861293484113e-01
-9.894510571705864566e-01
-1.004114329228957381e+00
-9.510565162951524210e-01
-8.829999739657531377e-01
-8.529035967597057288e-01
-8.897047850747306086e-01
-9.837397883885286021e-01
-1.087785252292482019e+00
-1.133617507937038971e+00
-1.057950004760689788e+00
-8.278994681996310057e-01
-4.561773064395134303e-01
1.649837698201955752e-14
4.561773064395284738e-01
8.278994681996588723e-01
1.057950004760699780e+00
1.133617507937032087e+00
1.087785252292465143e+00
9.837397883885091732e-01
8.897047850747078490e-01
8.529035967597072831e-01
8.829999739657502511e-01
9.510565162951549745e-01
1.004114329228958935e+00
9.894510571705784630e-01
8.788351861293302036e-01
6.830945682688444043e-01
4.510565162951330476e-01
2.529632186306953190e-01
1.545024734259931032e-01
1.913036617410045215e-01
3.537030330535066436e-01
5.877852522924930101e-01
8.125977469769413153e-01
9.473341337194525202e-01
9.385153392408782658e-01
7.771970673996050349e-01
4.999999999999884537e-01
1.738594488955198247e-01
-1.294983448659229597e-01
-3.595488814270000333e-01
-5.035807526019926428e-01
-5.877852522924741363e-01
-6.627200274284275050e-01
-7.790889140334908980e-01
-9.635194678009287861e-01
-1.204019734925825702e+00
-1.451056516295156751e+00
-1.634151084564003709e+00
-1.687852180504292754e+00
-1.577236309463070585e+00
-1.313131323603890621e+00
-9.510565162951504226e-01
-5.739829795908170107e-01
-2.651183444672477463e-01
-8.068779069978164464e-02
-3.268327209337867217e-02
-8.778525229247270689e-02
-1.825609916418789447e-01
-2.489330103857395338e-01
-2.401142159071777138e-01
-1.471603120645757767e-01
-1.194271771676743630e-14
1.471603120645673946e-01
2.401142159071589510e-01
2.489330103857382015e-01
1.825609916418803602e-01
8.778525229247420569e-02
3.268327209337702072e-02
8.068779069976578233e-02
2.651183444672353118e-01
5.739829795907943621e-01
9.510565162951331031e-01
1.313131323603873302e+00
1.577236309463062591e+00
1.687852180504291422e+00
1.634151084564012146e+00
1.451056516295167631e+00
1.204019734925844132e+00
9.635194678009394442e-01
7.790889140334871232e-01
6.627200274284228421e-01
5.877852522924852385e-01
5.035807526019880909e-01
3.595488814269853228e-01
1.294983448659375036e-01
-1.738594488955168271e-01
-5.000000000000059952e-01
-7.771970673996250190e-01
-9.385153392408659423e-01
-9.473341337194663980e-01
-8.125977469768925765e-01
-5.877852522924503775e-01
-3.537030330534695066e-01
-1.913036617410074636e-01
-1.545024734259978771e-01
-2.529632186307059771e-01
-4.510565162951605811e-01
-6.830945682688519538e-01
-8.788351861293374201e-01
-9.894510571705876778e-01
-1.004114329228957381e+00
-9.510565162951519769e-01
-8.829999739657536928e-01
-8.529035967597010659e-01
-8.897047850747340503e-01
-9.837397883885325989e-01
-1.087785252292480687e+00
-1.133617507937031865e+00
-1.057950004760689344e+00
-8.278994681996277860e-01
-4.561773064395082677e-01
-8.700725007110728097e-15
4.561773064395062138e-01
8.278994681996483251e-01
1.057950004760700002e+00
1.133617507937026314e+00
1.087785252292478022e+00
9.837397883885053984e-01
8.897047850747044073e-01
8.529035967597055068e-01
8.829999739657495850e-01
9.510565162951524210e-01
1.004114329228956271e+00
9.894510571705773527e-01
8.788351861293420830e-01
6.830945682688586151e-01
4.510565162951296059e-01
2.529632186306934871e-01
1.545024734259941857e-01
1.913036617410081852e-01
3.537030330534580713e-01
5.877852522925113288e-01
8.125977469769475325e-01
9.473341337194697287e-01
9.385153392408737139e-01
7.771970673996034806e-01
4.999999999999855116e-01
1.738594488955166328e-01
-1.294983448659251524e-01
-3.595488814269886535e-01
-5.035807526019798752e-01
-5.877852522924732481e-01
-6.627200274284165138e-01
-7.790889140334795737e-01
-9.635194678009662006e-01
-1.204019734925871887e+00
-1.451056516295164300e+00
-1.634151084564007483e+00
-1.687852180504286537e+00
-1.577236309463033948e+00
-1.313131323603882405e+00
-9.510565162951398754e-01
-5.739829795908056864e-01
-2.651183444672033929e-01
-8.068779069976603213e-02
-3.268327209337060918e-02
-8.778525229247668982e-02
-1.825609916419071166e-01
-2.489330103857700649e-01
-2.401142159071658899e-01
-1.471603120645622875e-01
2.296111540289197857e-15
1.471603120645815221e-01
2.401142159071584237e-01
2.489330103857482490e-01
1.825609916418762524e-01
8.778525229244762973e-02
3.268327209335580852e-02
8.068779069977524698e-02
2.651183444672460809e-01
5.739829795908059085e-01
9.510565162951393203e-01
1.313131323603878409e+00
1.577236309463032393e+00
1.687852180504292754e+00
1.634151084564010592e+00
1.451056516295168519e+00
1.204019734925876994e+00
9.635194678009367797e-01
7.790889140334856799e-01
6.627200274284232862e-01
5.877852522924803536e-01
5.035807526019884239e-01
3.595488814269977573e-01
1.294983448659352276e-01
-1.738594488955061412e-01
-4.999999999999747424e-01
-7.771970673996264622e-01
-9.385153392408646100e-01
-9.473341337194622902e-01
-8.125977469769409822e-01
-5.877852522924432721e-01
-3.537030330534531863e-01
-1.913036617410034113e-01
-1.545024734259969057e-01
-2.529632186306888242e-01
-4.510565162951639118e-01
-6.830945682688558396e-01
-8.788351861293404177e-01
-9.894510571705774638e-01
-1.004114329228957381e+00
-9.510565162951560847e-01
-8.829999739657536928e-01
-8.529035967597022871e-01
-8.897047850747094033e-01
-9.837397883885367067e-01
-1.087785252292484239e+00
-1.133617507937034308e+00
-1.057950004760709106e+00
-8.278994681996247884e-01
-4.561773064395172606e-01
-8.475608041358748262e-17
-8.803153341155239775e-17
5.065132841623390211e-17
-5.926429347454663935e-18
-2.603037093603544469e-17
2.650444884154791761e-17
3.833837910370186612e-17
8.361124834118803504e-17
3.915548508148452185e-17
-6.890149623106373171e-18
4.819135283300127773e-17
-2.220236580705411612e-17
2.279227942173106838e-17
4.929025560299929706e-17
-7.213897440359564345e-18
-4.904749226099098320e-17
-3.472029199540434222e-17
3.245239076765063204e-18
1.089439299624806383e-18
3.170310681826048062e-17
8.086210789242050817e-17
6.338785834029531099e-17
-1.349615825534463725e-17
-1.914874837518516556e-18
