1.387778780781445676e-17
6.512905473392918143e-01
1.086798616506608361e+00
1.194273615762841967e+00
1.013723133077305993e+00
7.061073738537636535e-01
4.599128909308091706e-01
3.868530316239396916e-01
4.634403087100456009e-01
5.498938314258049465e-01
4.755282581475767101e-01
1.433965318580626425e-01
-4.037229759501343995e-01
-9.930792707172866329e-01
-1.403470042528162987e+00
-1.475528258147577043e+00
-1.191933353346012137e+00
-6.846720507925195820e-01
-1.656212895414649611e-01
1.821266309893969093e-01
2.938926261462366241e-01
2.463503775927965989e-01
2.025286309045789823e-01
3.100036301608112832e-01
6.087829633308090571e-01
9.999999999999995559e-01
1.293330069259496895e+00
1.308030358589083120e+00
9.730418736803688740e-01
3.716836111570998580e-01
-2.938926261462341816e-01
-8.001606197392912012e-01
-1.009949215043480786e+00
-9.333619379573770969e-01
-7.101796792442965911e-01
-5.244717418524235120e-01
-4.986429900621439648e-01
-6.249547180326060491e-01
-7.718475286348109865e-01
-7.614305206079569066e-01
-4.755282581475775427e-01
6.814015732409021975e-02
7.121301958749002292e-01
1.231180957125955544e+00
1.442200141659497836e+00
1.293892626146239788e+00
8.883898995130042886e-01
4.237603729870541014e-01
8.877188807833667761e-02
-3.325655858939948611e-02
-1.619428290115573724e-15
3.325655858939617626e-02
-8.877188807833984174e-02
-4.237603729870512148e-01
-8.883898995129988485e-01
-1.293892626146236013e+00
-1.442200141659497392e+00
-1.231180957125954656e+00
-7.121301958749010064e-01
-6.814015732409063608e-02
4.755282581475747117e-01
7.614305206079593491e-01
7.718475286348125408e-01
6.249547180326125995e-01
4.986429900621447420e-01
5.244717418524230679e-01
7.101796792442922612e-01
9.333619379573726560e-01
1.009949215043478343e+00
8.001606197392914233e-01
2.938926261462349587e-01
-3.716836111571008017e-01
-9.730418736803707613e-01
-1.308030358589082010e+00
-1.293330069259501558e+00
-1.000000000000004663e+00
-6.087829633308121657e-01
-3.100036301608115608e-01
-2.025286309045769007e-01
-2.463503775927917416e-01
-2.938926261462365686e-01
-1.821266309893956326e-01
1.656212895414662656e-01
6.846720507925200261e-01
1.191933353346009694e+00
1.475528258147574823e+00
1.403470042528162320e+00
9.930792707172855227e-01
4.037229759501390625e-01
-1.433965318580567860e-01
-4.755282581475781534e-01
-5.498938314258088322e-01
-4.634403087100504304e-01
-3.868530316239443545e-01
-4.599128909308080604e-01
-7.061073738537592126e-01
-1.013723133077305327e+00
-1.194273615762840191e+00
-1.086798616506607251e+00
-6.512905473392908151e-01
7.722604688367481390e-16
6.512905473392893718e-01
1.086798616506610582e+00
1.194273615762844409e+00
1.013723133077310434e+00
7.061073738537672062e-01
4.599128909308096147e-01
3.868530316239402467e-01
4.634403087100424368e-01
5.498938314257987292e-01
4.755282581475741566e-01
1.433965318580601722e-01
-4.037229759501275717e-01
-9.930792707172856337e-01
-1.403470042528162542e+00
-1.475528258147578597e+00
-1.191933353346012137e+00
-6.846720507925220245e-01
-1.656212895414660435e-01
1.821266309894007396e-01
2.938926261462422307e-01
2.463503775927993189e-01
2.025286309045836730e-01
3.100036301608091738e-01
6.087829633308067256e-01
9.999999999999944489e-01
1.293330069259491566e+00
1.308030358589080899e+00
9.730418736803720936e-01
3.716836111571061863e-01
-2.938926261462368461e-01
-8.001606197392945319e-01
-1.009949215043488557e+00
-9.333619379573759867e-01
-7.101796792442990336e-01
-5.244717418524245112e-01
-4.986429900621417999e-01
-6.249547180326058271e-01
-7.718475286348057685e-01
-7.614305206079537980e-01
-4.755282581475719361e-01
6.814015732409293979e-02
7.121301958749024497e-01
1.231180957125956210e+00
1.442200141659499391e+00
1.293892626146246894e+00
8.883898995130105058e-01
4.237603729870612623e-01
8.877188807833810702e-02
-3.325655858940218534e-02
-1.097993865744078469e-14
3.325655858939211701e-02
-8.877188807833606699e-02
-4.237603729870469405e-01
-8.883898995129908549e-01
-1.293892626146231795e+00
-1.442200141659497170e+00
-1.231180957125956210e+00
-7.121301958749040040e-01
-6.814015732409295367e-02
4.755282581475741011e-01
7.614305206079589050e-01
7.718475286348193132e-01
6.249547180326119333e-01
4.986429900621470734e-01
5.244717418524212915e-01
7.101796792442942596e-01
9.333619379573697694e-01
1.009949215043473458e+00
8.001606197392854281e-01
2.938926261462428413e-01
-3.716836111570978041e-01
-9.730418736803717605e-01
-1.308030358589087561e+00
-1.293330069259503112e+00
-9.999999999999990008e-01
-6.087829633308159405e-01
-3.100036301608128930e-01
-2.025286309045747912e-01
-2.463503775927915196e-01
-2.938926261462252443e-01
-1.821266309893951052e-01
1.656212895414626851e-01
6.846720507925017074e-01
1.191933353346000368e+00
1.475528258147574601e+00
1.403470042528168982e+00
9.930792707172945155e-01
4.037229759501410054e-01
-1.433965318580616710e-01
-4.755282581475813175e-01
-5.498938314258122739e-01
-4.634403087100498198e-01
-3.868530316239446321e-01
-4.599128909308083935e-01
-7.061073738537640976e-01
-1.013723133077295557e+00
-1.194273615762835528e+00
-1.086798616506607473e+00
-6.512905473392947009e-01
1.794688097851349504e-15
6.512905473392991418e-01
1.086798616506609028e+00
1.194273615762845075e+00
1.013723133077304439e+00
7.061073738537688715e-01
4.599128909308068947e-01
3.868530316239359723e-01
4.634403087100307794e-01
5.498938314257925120e-01
4.755282581475726023e-01
1.433965318580622816e-01
-4.037229759501242965e-01
-9.930792707172728662e-01
-1.403470042528159434e+00
-1.475528258147580818e+00
-1.191933353346019464e+00
-6.846720507925242449e-01
-1.656212895414717334e-01
1.821266309894010171e-01
2.938926261462436185e-01
2.463503775928135575e-01
2.025286309045899458e-01
3.100036301608088962e-01
6.087829633307997312e-01
9.999999999999934497e-01
1.293330069259496229e+00
1.308030358589080899e+00
9.730418736803682078e-01
3.716836111570948620e-01
-2.938926261462357914e-01
-8.001606197392997499e-01
-1.009949215043478565e+00
-9.333619379573833141e-01
-7.101796792443000328e-01
-5.244717418524230679e-01
-4.986429900621385247e-01
-6.249547180326011642e-01
-7.718475286348059905e-01
-7.614305206079444721e-01
-4.755282581475851478e-01
6.814015732407750769e-02
7.121301958748934569e-01
1.231180957125947106e+00
1.442200141659502055e+00
1.293892626146242897e+00
8.883898995130194987e-01
4.237603729870629832e-01
8.877188807833942541e-02
-3.325655858940712584e-02
-1.140648464008027988e-14
3.325655858939063209e-02
-8.877188807834150708e-02
-4.237603729870498270e-01
-8.883898995129985154e-01
-1.293892626146224911e+00
-1.442200141659497170e+00
-1.231180957125958209e+00
-7.121301958749133298e-01
-6.814015732409541004e-02
4.755282581475797077e-01
7.614305206079682309e-01
7.718475286348255304e-01
6.249547180326168183e-01
4.986429900621524025e-01
5.244717418524208474e-01
7.101796792442933715e-01
9.333619379573621089e-01
1.009949215043473902e+00
8.001606197392865383e-01
2.938926261462380118e-01
-3.716836111571021339e-01
-9.730418736803759794e-01
-1.308030358589091557e+00
-1.293330069259501780e+00
-1.000000000000000444e+00
-6.087829633308151633e-01
-3.100036301608085076e-01
-2.025286309045727373e-01
-2.463503775927777528e-01
-2.938926261462224132e-01
-1.821266309893852242e-01
1.656212895414726216e-01
6.846720507925261323e-01
1.191933353346013247e+00
1.475528258147578820e+00
1.403470042528162098e+00
9.930792707172789724e-01
4.037229759501188009e-01
-1.433965318580536774e-01
-4.755282581475849257e-01
-5.498938314258112747e-01
-4.634403087100523733e-01
-3.868530316239480182e-01
-4.599128909308030089e-01
-7.061073738537514410e-01
-1.013723133077282457e+00
-1.194273615762830643e+00
-1.086798616506609694e+00
-6.512905473393070244e-01
-1.510373072861014271e-14
6.512905473392732736e-01
1.086798616506601478e+00
1.194273615762849960e+00
1.013723133077317318e+00
7.061073738537817501e-01
4.599128909308122792e-01
3.868530316239323086e-01
4.634403087100218421e-01
5.498938314257851845e-01
4.755282581475664960e-01
1.433965318580765758e-01
-4.037229759501159143e-01
-9.930792707172749756e-01
-1.403470042528160322e+00
-1.475528258147581484e+00
-1.191933353346018798e+00
-6.846720507925222465e-01
-1.656212895414677089e-01
1.821266309894065405e-01
2.938926261462364575e-01
2.463503775928072292e-01
2.025286309045838118e-01
3.100036301608122269e-01
6.087829633308002864e-01
9.999999999999914513e-01
1.293330069259493120e+00
1.308030358589077569e+00
9.730418736803643220e-01
3.716836111570905876e-01
-2.938926261462262435e-01
-8.001606197392916453e-01
-1.009949215043484338e+00
-9.333619379573888653e-01
-7.101796792443034745e-01
-5.244717418524236230e-01
-4.986429900621361377e-01
-6.249547180325961682e-01
-7.718475286348003284e-01
-7.614305206079515775e-01
-4.755282581475796522e-01
6.814015732409443860e-02
7.121301958748965655e-01
1.231180957125949993e+00
1.442200141659501167e+00
1.293892626146243341e+00
8.883898995130148357e-01
4.237603729870429436e-01
8.877188807832304962e-02
-3.325655858939328274e-02
-4.466812659260514703e-15
3.325655858938398463e-02
-8.877188807833497064e-02
-4.237603729870350056e-01
-8.883898995129664300e-01
-1.293892626146224023e+00
-1.442200141659496504e+00
-1.231180957125978859e+00
-7.121301958749215455e-01
-6.814015732411718429e-02
4.755282581475618886e-01
7.614305206079611255e-01
7.718475286348333020e-01
6.249547180326397999e-01
4.986429900621508482e-01
5.244717418524160735e-01
7.101796792442697237e-01
9.333619379573653285e-01
1.009949215043472126e+00
8.001606197393003050e-01
2.938926261462476708e-01
-3.716836111570786527e-01
-9.730418736803501112e-01
-1.308030358589086228e+00
-1.293330069259514881e+00
-1.000000000000030420e+00
-6.087829633308188271e-01
-3.100036301608146139e-01
-2.025286309045784827e-01
-2.463503775927841921e-01
-2.938926261462180833e-01
-1.821266309893926072e-01
1.656212895414649056e-01
6.846720507925061483e-01
1.191933353346014357e+00
1.475528258147574157e+00
1.403470042528171646e+00
9.930792707172850786e-01
4.037229759501401727e-01
-1.433965318580586734e-01
-4.755282581475822612e-01
-5.498938314258190463e-01
-4.634403087100697483e-01
-3.868530316239455202e-01
-4.599128909308115021e-01
-7.061073738537503308e-01
-1.013723133077307992e+00
-1.194273615762835306e+00
-1.086798616506605253e+00
-6.512905473392819333e-01
3.399421524675151860e-15
6.512905473392914812e-01
1.086798616506619686e+00
1.194273615762854179e+00
1.013723133077320648e+00
7.061073738537598787e-01
4.599128909308082269e-01
3.868530316239281452e-01
4.634403087100433249e-01
5.498938314258047244e-01
4.755282581475598902e-01
1.433965318580593673e-01
-4.037229759501443915e-01
-9.930792707172770850e-01
-1.403470042528172534e+00
-1.475528258147577931e+00
-1.191933353346014579e+00
-6.846720507925510013e-01
-1.656212895414831965e-01
1.821266309893856961e-01
2.938926261462548872e-01
2.463503775928145567e-01
2.025286309045893351e-01
3.100036301608063427e-01
6.087829633307906274e-01
9.999999999999901190e-01
1.293330069259488679e+00
1.308030358589081121e+00
9.730418736803835289e-01
3.716836111571142909e-01
-2.938926261462051492e-01
-8.001606197392970854e-01
-1.009949215043486115e+00
-9.333619379574074060e-01
-7.101796792443020312e-01
-5.244717418524282859e-01
-4.986429900621320854e-01
-6.249547180326080476e-01
-7.718475286347926678e-01
-7.614305206079530208e-01
-4.755282581475699932e-01
6.814015732407233128e-02
7.121301958748860184e-01
1.231180957125951769e+00
1.442200141659505386e+00
1.293892626146255997e+00
8.883898995130090626e-01
4.237603729870578761e-01
8.877188807834052175e-02
-3.325655858941015119e-02
-1.191658437691264539e-14
3.325655858936683862e-02
-8.877188807833863438e-02
-4.237603729870548230e-01
-8.883898995129804188e-01
-1.293892626146234237e+00
-1.442200141659492285e+00
-1.231180957125969089e+00
-7.121301958748927907e-01
-6.814015732410015624e-02
4.755282581475858139e-01
7.614305206079609034e-01
7.718475286348376319e-01
6.249547180326316953e-01
4.986429900621425770e-01
5.244717418524201813e-01
7.101796792442789386e-01
9.333619379573662167e-01
1.009949215043474124e+00
8.001606197392788777e-01
2.938926261462316836e-01
-3.716836111571104606e-01
-9.730418736803625457e-01
-1.308030358589097109e+00
-1.293330069259507109e+00
-1.000000000000017986e+00
-6.087829633308031729e-01
-3.100036301608106171e-01
-2.025286309045523092e-01
-2.463503775927910755e-01
-2.938926261462136980e-01
-1.821266309894111757e-01
1.656212895414499175e-01
6.846720507924778376e-01
1.191933353345997704e+00
1.475528258147568605e+00
1.403470042528176309e+00
9.930792707173048406e-01
4.037229759501497761e-01
-1.433965318580441017e-01
-4.755282581475929193e-01
-5.498938314258251525e-01
-4.634403087100668062e-01
-3.868530316239491285e-01
-4.599128909308018431e-01
-7.061073738537374522e-01
-1.013723133077294669e+00
-1.194273615762821983e+00
-1.086798616506612580e+00
-6.512905473392880396e-01
-2.054328200614105420e-14
6.512905473392585076e-01
1.086798616506611914e+00
1.194273615762850627e+00
1.013723133077337524e+00
7.061073738537723132e-01
4.599128909308090596e-01
3.868530316239246480e-01
4.634403087100234520e-01
5.498938314257851845e-01
4.755282581475775427e-01
1.433965318580605608e-01
-4.037229759501115289e-01
-9.930792707172660938e-01
-1.403470042528158324e+00
-1.475528258147582372e+00
-1.191933353346035007e+00
-6.846720507925182497e-01
-1.656212895414713171e-01
1.821266309894213065e-01
2.938926261462504463e-01
2.463503775928076733e-01
2.025286309046043232e-01
3.100036301608107281e-01
6.087829633308019517e-01
9.999999999999747979e-01
1.293330069259487347e+00
1.308030358589078457e+00
9.730418736803658764e-01
3.716836111570960832e-01
-2.938926261462215805e-01
-8.001606197392998610e-01
-1.009949215043483894e+00
-9.333619379573983021e-01
-7.101796792443175743e-01
-5.244717418524242891e-01
-4.986429900621353051e-01
-6.249547180325735196e-01
-7.718475286347993292e-01
-7.614305206079527988e-01
-4.755282581475688275e-01
6.814015732408949810e-02
7.121301958749033378e-01
1.231180957125946662e+00
1.442200141659505164e+00
1.293892626146246227e+00
8.883898995130141696e-01
4.237603729870463298e-01
8.877188807833630291e-02
-3.325655858942723475e-02
-5.022015616527738307e-15
3.325655858937044684e-02
-8.877188807834426876e-02
-4.237603729870665914e-01
-8.883898995129951848e-01
-1.293892626146220914e+00
-1.442200141659493173e+00
-1.231180957125941777e+00
-7.121301958749034489e-01
-6.814015732408330861e-02
4.755282581475960835e-01
7.614305206079732269e-01
7.718475286348308595e-01
6.249547180326227025e-01
4.986429900621597855e-01
5.244717418524237340e-01
7.101796792442796047e-01
9.333619379573472319e-01
1.009949215043475901e+00
8.001606197392706621e-01
2.938926261462151412e-01
-3.716836111571286683e-01
-9.730418736803757573e-01
-1.308030358589100217e+00
-1.293330069259499782e+00
-1.000000000000004885e+00
-6.087829633307919597e-01
-3.100036301608262712e-01
-2.025286309045605249e-01
-2.463503775927687045e-01
-2.938926261461951572e-01
-1.821266309894028768e-01
1.656212895414231334e-01
6.846720507924656252e-01
1.191933353345976832e+00
1.475528258147564165e+00
1.403470042528189632e+00
9.930792707173156098e-01
4.037229759501828052e-01
-1.433965318580427972e-01
-4.755282581475751003e-01
-5.498938314258446924e-01
-4.634403087100865681e-01
-3.868530316239437439e-01
-4.599128909308003998e-01
-7.061073738537243516e-01
-1.013723133077276906e+00
-1.194273615762825314e+00
-1.086798616506609250e+00
-6.512905473393209022e-01
-3.054612847911502064e-14
6.512905473392524014e-01
1.086798616506592152e+00
1.194273615762864171e+00
1.013723133077346628e+00
7.061073738537849698e-01
4.599128909308192181e-01
3.868530316239127131e-01
4.634403087100264496e-01
5.498938314257660886e-01
4.755282581475670511e-01
1.433965318580887049e-01
-4.037229759501014814e-01
-9.930792707172378941e-01
-1.403470042528153661e+00
-1.475528258147587257e+00
-1.191933353346046776e+00
-6.846720507925464494e-01
-1.656212895414749253e-01
1.821266309894029045e-01
2.938926261462690981e-01
2.463503775928287676e-01
2.025286309045959687e-01
3.100036301608128930e-01
6.087829633307836330e-01
9.999999999999868994e-01
1.293330069259482684e+00
1.308030358589074460e+00
9.730418736803756463e-01
3.716836111571062418e-01
-2.938926261462146972e-01
-8.001606197392805431e-01
-1.009949215043496551e+00
-9.333619379574000785e-01
-7.101796792443080264e-01
-5.244717418524293961e-01
-4.986429900621271449e-01
-6.249547180325983886e-01
-7.718475286347801223e-01
-7.614305206079405863e-01
-4.755282581475874792e-01
6.814015732408115755e-02
7.121301958748698091e-01
1.231180957125957320e+00
1.442200141659500723e+00
1.293892626146259106e+00
8.883898995130081744e-01
4.237603729870528246e-01
8.877188807833052975e-02
-3.325655858939662729e-02
-2.652243418114343236e-14
3.325655858938054293e-02
-8.877188807834866802e-02
-4.237603729870431102e-01
-8.883898995129811960e-01
-1.293892626146231795e+00
-1.442200141659488732e+00
-1.231180957125963316e+00
-7.121301958748863514e-01
-6.814015732409164916e-02
4.755282581475682724e-01
7.614305206079736710e-01
7.718475286348268627e-01
6.249547180326405771e-01
4.986429900621471845e-01
5.244717418524189601e-01
7.101796792442729434e-01
9.333619379573565578e-01
1.009949215043463244e+00
8.001606197392950870e-01
2.938926261462221912e-01
-3.716836111570916423e-01
-9.730418736803704283e-01
-1.308030358589088005e+00
-1.293330069259513326e+00
-1.000000000000020650e+00
-6.087829633308018407e-01
-3.100036301608034561e-01
-2.025286309045637168e-01
-2.463503775927774198e-01
-2.938926261461996536e-01
-1.821266309893723734e-01
1.656212895414729269e-01
6.846720507924982657e-01
1.191933353345998814e+00
1.475528258147576821e+00
1.403470042528173645e+00
9.930792707172839684e-01
4.037229759501166360e-01
-1.433965318580543435e-01
-4.755282581476059089e-01
-5.498938314258140503e-01
-4.634403087101020557e-01
-3.868530316239575662e-01
-4.599128909308186630e-01
-7.061073738537807509e-01
-1.013723133077278904e+00
-1.194273615762831087e+00
-1.086798616506599480e+00
-6.512905473392790467e-01
1.668458779012339718e-14
6.512905473393362232e-01
1.086798616506621018e+00
1.194273615762857732e+00
1.013723133077335969e+00
7.061073738538204969e-01
4.599128909308202173e-01
3.868530316239327527e-01
4.634403087099792651e-01
5.498938314257735271e-01
4.755282581475648862e-01
1.433965318581022219e-01
-4.037229759500688409e-01
-9.930792707172532152e-01
-1.403470042528127459e+00
-1.475528258147591920e+00
-1.191933353346043001e+00
-6.846720507925859733e-01
-1.656212895415016817e-01
1.821266309894060687e-01
2.938926261462824208e-01
2.463503775928498063e-01
2.025286309045927491e-01
3.100036301607968503e-01
6.087829633307740851e-01
9.999999999999715783e-01
1.293330069259448933e+00
1.308030358589086450e+00
9.730418736803811974e-01
3.716836111571710788e-01
-2.938926261462079803e-01
-8.001606197392832076e-01
-1.009949215043502102e+00
-9.333619379574185082e-01
-7.101796792443149098e-01
-5.244717418524429409e-01
-4.986429900621272560e-01
-6.249547180325804030e-01
-7.718475286347573627e-01
-7.614305206079280408e-01
-4.755282581475865911e-01
6.814015732402130265e-02
7.121301958748592620e-01
1.231180957125935338e+00
1.442200141659511159e+00
1.293892626146271319e+00
8.883898995130219411e-01
4.237603729870940694e-01
8.877188807832500639e-02
-3.325655858941347492e-02
-4.813629754319949174e-14
3.325655858936345938e-02
-8.877188807833140405e-02
-4.237603729870547675e-01
-8.883898995129588805e-01
-1.293892626146219360e+00
-1.442200141659498502e+00
-1.231180957125967979e+00
-7.121301958749196581e-01
-6.814015732407496806e-02
4.755282581475693826e-01
7.614305206079586830e-01
7.718475286348200903e-01
6.249547180326421314e-01
4.986429900621559552e-01
5.244717418524231789e-01
7.101796792442572892e-01
9.333619379573545594e-01
1.009949215043465021e+00
8.001606197392924225e-01
2.938926261462572187e-01
-3.716836111571099610e-01
-9.730418736803424506e-01
-1.308030358589092224e+00
-1.293330069259496895e+00
-1.000000000000036193e+00
-6.087829633308201593e-01
-3.100036301607991818e-01
-2.025286309045490063e-01
-2.463503775927829431e-01
-2.938926261462270761e-01
-1.821266309893907476e-01
1.656212895414694020e-01
6.846720507925249111e-01
1.191933353345987046e+00
1.475528258147572380e+00
1.403470042528154771e+00
9.930792707173119460e-01
4.037229759501266280e-01
-1.433965318580771031e-01
-4.755282581475881454e-01
-5.498938314258332571e-01
-4.634403087100440466e-01
-3.868530316239690570e-01
-4.599128909308091706e-01
-7.061073738537684275e-01
-1.013723133077270688e+00
-1.194273615762817542e+00
-1.086798616506596149e+00
-6.512905473393117983e-01
6.792005961214881723e-15
6.512905473393034717e-01
1.086798616506625015e+00
1.194273615762854623e+00
1.013723133077305771e+00
7.061073738537871902e-01
4.599128909308019542e-01
3.868530316239345845e-01
4.634403087100142926e-01
5.498938314257770799e-01
4.755282581475718251e-01
1.433965318580515402e-01
-4.037229759501350657e-01
-9.930792707173117240e-01
-1.403470042528155659e+00
-1.475528258147579042e+00
-1.191933353345996371e+00
-6.846720507925423416e-01
-1.656212895414749253e-01
1.821266309894307989e-01
2.938926261462830869e-01
2.463503775928146677e-01
2.025286309045710997e-01
3.100036301608362632e-01
6.087829633308144972e-01
1.000000000000012212e+00
1.293330069259477133e+00
1.308030358589085118e+00
9.730418736803271296e-01
3.716836111570973600e-01
-2.938926261462470602e-01
-8.001606197392965303e-01
-1.009949215043530968e+00
-9.333619379574207287e-01
-7.101796792443219042e-01
-5.244717418524300623e-01
-4.986429900621190403e-01
-6.249547180325788487e-01
-7.718475286348139841e-01
-7.614305206079161614e-01
-4.755282581475854808e-01
6.814015732406289438e-02
7.121301958748256222e-01
1.231180957125913578e+00
1.442200141659505164e+00
1.293892626146284197e+00
8.883898995130449228e-01
4.237603729870809688e-01
8.877188807831920547e-02
-3.325655858943048215e-02
-1.266029237838006549e-14
3.325655858937384690e-02
-8.877188807831379314e-02
-4.237603729870480507e-01
-8.883898995129452247e-01
-1.293892626146205815e+00
-1.442200141659502277e+00
-1.231180957125972864e+00
-7.121301958749300942e-01
-6.814015732411024540e-02
4.755282581475420156e-01
7.614305206079440280e-01
7.718475286348391862e-01
6.249547180326604501e-01
4.986429900621556777e-01
5.244717418524181829e-01
7.101796792442419681e-01
9.333619379573357966e-01
1.009949215043475235e+00
8.001606197393167363e-01
2.938926261462357914e-01
-3.716836111570999135e-01
-9.730418736803371216e-01
-1.308030358589079789e+00
-1.293330069259501114e+00
-1.000000000000051736e+00
-6.087829633308299293e-01
-3.100036301608135592e-01
-2.025286309045574717e-01
-2.463503775927346207e-01
-2.938926261462085909e-01
-1.821266309893824209e-01
1.656212895414427566e-01
6.846720507924963783e-01
1.191933353345975055e+00
1.475528258147567495e+00
1.403470042528168094e+00
9.930792707173394795e-01
4.037229759501364534e-01
-1.433965318580762427e-01
-4.755282581475984705e-01
-5.498938314258254856e-01
-4.634403087100412155e-01
-3.868530316239809919e-01
-4.599128909308080604e-01
-7.061073738537555489e-01
-1.013723133077262251e+00
-1.194273615762804441e+00
-1.086798616506591930e+00
-6.512905473393175715e-01
-3.138723000456377434e-14
6.512905473392699429e-01
1.086798616506628123e+00
1.194273615762868168e+00
1.013723133077313987e+00
7.061073738537998468e-01
4.599128909308029534e-01
3.868530316239226496e-01
4.634403087099942531e-01
5.498938314257850735e-01
4.755282581475894221e-01
1.433965318580527615e-01
-4.037229759501252402e-01
-9.930792707172839684e-01
-1.403470042528142336e+00
-1.475528258147584149e+00
-1.191933353346008140e+00
-6.846720507925542210e-01
-1.656212895414783948e-01
1.821266309893855850e-01
2.938926261463018497e-01
2.463503775928358175e-01
2.025286309045858657e-01
3.100036301608052325e-01
6.087829633308050603e-01
9.999999999999968914e-01
1.293330069259463810e+00
1.308030358589081121e+00
9.730418736803785329e-01
3.716836111571076295e-01
-2.938926261462402878e-01
-8.001606197392994169e-01
-1.009949215043498327e+00
-9.333619379574173980e-01
-7.101796792443050288e-01
-5.244717418524349473e-01
-4.986429900621345279e-01
-6.249547180325802920e-01
-7.718475286347483699e-01
-7.614305206079279298e-01
-4.755282581475668291e-01
6.814015732405460934e-02
7.121301958749165495e-01
1.231180957125972864e+00
1.442200141659510271e+00
1.293892626146250446e+00
8.883898995129846377e-01
4.237603729870539904e-01
8.877188807831673523e-02
-3.325655858940613357e-02
-3.438058504374952187e-14
3.325655858934391251e-02
-8.877188807836197681e-02
-4.237603729870415004e-01
-8.883898995129873022e-01
-1.293892626146239344e+00
-1.442200141659479851e+00
-1.231180957125947550e+00
-7.121301958748851302e-01
-6.814015732411841941e-02
4.755282581475430703e-01
7.614305206079561295e-01
7.718475286348126518e-01
6.249547180326784357e-01
4.986429900621640043e-01
5.244717418524131869e-01
7.101796792442439665e-01
9.333619379573172559e-01
1.009949215043461468e+00
8.001606197393142939e-01
2.938926261462991851e-01
-3.716836111570900325e-01
-9.730418736803315705e-01
-1.308030358589084452e+00
-1.293330069259514659e+00
-1.000000000000067724e+00
-6.087829633308395882e-01
-3.100036301608112277e-01
-2.025286309045425670e-01
-2.463503775927676775e-01
-2.938926261461898282e-01
-1.821266309893739832e-01
1.656212895414391206e-01
6.846720507924847210e-01
1.191933353345945523e+00
1.475528258147562388e+00
1.403470042528172979e+00
9.930792707173506928e-01
4.037229759501922421e-01
-1.433965318580749659e-01
-4.755282581476093506e-01
-5.498938314258448035e-01
-4.634403087100609775e-01
-3.868530316239593980e-01
-4.599128909308069502e-01
-7.061073738537427813e-01
-1.013723133077245153e+00
-1.194273615762824425e+00
-1.086798616506588600e+00
-6.512905473393235667e-01
5.082206824263521833e-17
-3.504067096676871264e-17
-1.147481386517141245e-16
-9.027045963285109538e-17
2.572304273094223729e-17
2.811453570626995949e-17
-3.928444600428918098e-17
3.348117027060167697e-17
8.705093171567267825e-18
-1.682739038196363285e-17
-6.986231493665452357e-17
-4.354581040218971577e-17
-5.525835054511978279e-17
-1.241191380223471236e-16
9.772497243518661404e-17
3.913150491097891499e-17
9.533015983265564141e-17
5.571238992487335989e-17
1.255759776889572044e-16
2.743931900126914779e-17
9.764699221918101716e-17
4.172747140755239835e-17
-2.079574590309436667e-17
9.454830466762770643e-17
