2.961169968921681384e-02
-5.601737688363129380e-05
8.951988300965945874e-05
-8.740338211994137796e-05
5.120265910975047713e-05
4.021532335783846446e-06
-5.632950148256633816e-05
-2.367854168467025885e-03
-2.718883933471992476e-02
-2.990215064011516807e-02
-5.801874146087747689e-05
9.275100991135935141e-05
-9.062097679391418255e-05
5.317323992755732811e-05
4.047244721661638500e-06
-5.833286168360573122e-05
-2.015135395439761161e-03
2.264032459271843323e-02
3.025833922206429619e-02
-6.440722898412692943e-05
1.030661233832539232e-04
-1.008950592502966064e-04
5.946838812891021720e-05
4.125207153476527098e-06
-6.472740013330877573e-05
-1.047720700894456437e-03
-1.047932349503805788e-02
-3.128727579872393055e-02
-7.648141164453807895e-05
1.225656551429163063e-04
-1.203247319859904792e-04
7.138365212823254927e-05
4.257945261446532155e-06
-7.681188504197386513e-05
2.864606647596726471e-04
-5.892883607607109393e-03
3.240349887561511100e-02
-9.698443666164983695e-05
1.556868927380164729e-04
-1.533449772204869047e-04
9.165693487887431124e-05
4.449839366364831507e-06
-9.732980360360716328e-05
1.648867608872450763e-03
2.131379304500786998e-02
-3.455384504705992510e-02
-1.313993882083403994e-04
2.112998429222184859e-04
-2.088223759683421801e-04
1.257635275139382472e-04
4.707398665667248246e-06
-1.317647451915891885e-04
2.702196081304135758e-03
-3.105647323245818922e-02
3.685690110424611615e-02
-1.911213504678150764e-04
3.078396201237335776e-04
-3.051872743331318985e-04
1.850876670047560185e-04
5.039683380436637503e-06
-1.915124971800332733e-04
3.205334531059048087e-03
3.093400041413486151e-02
-4.127495462472038218e-02
-3.019776480579714753e-04
4.870923139942372453e-04
-4.842193272589624762e-04
2.954420399887970855e-04
5.458920007153336462e-06
-3.024013331297649237e-04
3.093258518161725971e-03
-1.987745800059602386e-02
4.605996703239915308e-02
-5.307304475791357369e-04
8.570768554178519140e-04
-8.539289025475125302e-04
5.235693333507345903e-04
5.981379133533042526e-06
-5.311946824534566174e-04
2.545132425906579399e-03
-2.162736608373357506e-03
-5.723705130405518093e-02
-1.087337006321709284e-03
1.757505228162814081e-03
-1.754016636679161818e-03
1.079400991035023901e-03
6.628621570486729322e-06
-1.087851475851918338e-03
2.128100907254104265e-03
3.060571756299309762e-02
6.995900798275818400e-02
-2.881732288772412796e-03
4.660675172973170050e-03
-4.656765204296213836e-03
2.872837704428277475e-03
7.429274203123802209e-06
-2.882308899635448694e-03
3.636263107518335203e-03
-6.545073701064649252e-02
-1.363187481106526711e-01
-1.364847621495160479e-02
2.208135689412915950e-02
-2.207692468013320100e-02
1.363839360189684352e-02
8.421584883678089983e-06
-1.364912984236933170e-02
1.991566505551566058e-02
9.651390796340067468e-02
1.582529863131509340e-01
1.909145413043521200e-01
-3.089089018261119701e-01
3.089139843070900504e-01
-1.909261031759343641e-01
9.657147649842160592e-06
1.909137917807651741e-01
-3.117062285706138636e-01
2.434267037768316974e-02
3.395301556404774213e-02
-2.864012442847969631e-01
4.634038318669057022e-01
-4.633979340136148428e-01
2.863878275651541294e-01
1.120642463644594758e-05
-2.864021140529579013e-01
4.606027454473032856e-01
-1.556798606928613826e-01
-1.493869709543097779e-01
1.041279143583152544e-01
-1.684861655541255721e-01
1.684930952903979373e-01
-1.041436784548727679e-01
1.316709037139278740e-05
1.041268924163156750e-01
-1.707066243546597750e-01
4.920102485690431432e-02
7.728740212554945088e-02
6.493578704401359140e-03
-1.051118982420265122e-02
1.051944046485950301e-02
-6.512347657629460364e-03
1.567692144335028175e-05
6.492361966001234178e-03
-1.175254735801454717e-02
4.890489559523673174e-02
-3.806527752500193928e-02
1.842026311645428727e-03
-2.985725600961078481e-03
2.995690527686305747e-03
-1.864695005070556152e-03
1.893421128795281030e-05
1.840556764068393978e-03
-3.122025452303327665e-03
-3.577268080097781994e-02
2.757071641929120104e-02
7.658839468173463940e-04
-1.245685355295950494e-03
1.257911665257877877e-03
-7.936969433313557226e-04
2.323103244734432617e-05
7.640809085555927286e-04
-4.341538088888730398e-04
2.209737986666730075e-02
-1.811165598694724002e-02
3.806975356111240742e-04
-6.240472001104724331e-04
6.393145198815271355e-04
-4.154283671461854368e-04
2.900921063511653283e-05
3.784460335789120592e-04
7.590425881211127108e-04
-7.933517227038163616e-03
1.330701870545873342e-02
2.052293449985118242e-04
-3.423437865690223160e-04
3.617945322481383300e-04
-2.494768345059760893e-04
3.695807691853800035e-05
2.023609048206908732e-04
1.134654565451768439e-03
-9.303113260165086747e-04
-8.747802509134818341e-03
1.096156576448592513e-04
-1.907612315305781962e-04
2.161246607250611905e-04
-1.673136033004376990e-04
4.819268024702766775e-05
1.058752622615073908e-04
9.375067568112131506e-04
5.134932854080695094e-03
5.622828075064636652e-03
4.747727798784448099e-05
-9.477982091943080295e-05
1.287759270105487538e-04
-1.248132512402715198e-04
6.459550315093836757e-05
4.246380456371726120e-05
3.938864800467960724e-04
-4.706556796739945481e-03
-2.547478938983848296e-03
-2.364494298175798557e-06
-2.106194069695322560e-05
6.817155713219922935e-05
-1.048027214635161302e-04
8.951229204632747596e-05
-9.311843192574955291e-06
-2.453246538417966209e-04
2.578535817644113295e-03
-1.820020427637696406e-04
-5.361417419148354908e-05
5.080590899674195774e-05
1.723117251736708250e-05
-1.011598432229552307e-04
1.292762618662023880e-04
-6.364773801428120700e-05
-7.437583051611084762e-04
-4.310394970347354495e-04
2.988043708560017640e-03
-1.211413711674633122e-04
1.412752671846074517e-04
-3.766725810893583953e-05
-1.145510989375963509e-04
1.968640602211602433e-04
-1.364206504704804286e-04
-9.325021044358669476e-04
9.660408868247603691e-04
-6.326074220901654714e-03
-2.311994603069790770e-04
2.846304997196881731e-04
-1.152969032596849589e-04
-1.540087294608965466e-04
3.217482859514297000e-04
-2.561714227903800416e-04
-7.471935761672438524e-04
-3.721809186584067609e-03
9.982443372664016532e-03
-4.475501963185932273e-04
5.626288245262234689e-04
-2.568855984550340006e-04
-2.479691637549698269e-04
5.809382248177303231e-04
-4.926387583677718958e-04
-2.330607765906415603e-04
9.492902059408368093e-03
-1.641448290426679793e-02
-9.710394846303805694e-04
1.231603015027758286e-03
-5.888335349295585261e-04
-4.911633684543895845e-04
1.221316872772059119e-03
-1.065829979126372336e-03
4.940131542688412604e-04
-1.301102771150926089e-02
2.440282939095840889e-02
-2.699936571640289360e-03
3.436889027037742968e-03
-1.673290682672129784e-03
-1.311981558683815181e-03
3.350987377991431274e-03
-2.960017929466392857e-03
1.386058775313882014e-03
1.631854206492799886e-02
-6.042683041328654470e-02
-1.401355416324154279e-02
1.786095337144029405e-02
-8.749653907820077389e-03
-6.713267012169614467e-03
1.731224663325257526e-02
-1.535721562879342403e-02
3.624324382846785472e-03
1.367119639209493816e-02
6.422747792997884897e-02
1.362583267243215324e-01
-1.737121336384785109e-01
8.520386843628202644e-02
6.508452153971178156e-02
-1.681732580934508781e-01
1.493108167462118274e-01
-2.075183137835702810e-02
-7.211426746863322523e-02
3.603898921058088650e-02
-1.830754720672795044e-01
2.333904798257379620e-01
-1.144571916527363370e-01
-8.747967822805124971e-02
2.259833985236076037e-01
-2.006148007797183830e-01
3.090593129913061371e-02
2.664158346993519833e-02
-8.376165860201502389e-02
5.782292261687935891e-02
-7.371790033714520352e-02
3.616018095395687193e-02
2.761517943649578755e-02
-7.136287239164885998e-02
6.336163424312735160e-02
-8.842063814737644370e-03
5.272457789508741555e-02
4.534770342798491449e-02
4.941446276141250871e-03
-6.301692228491632963e-03
3.095650273911867284e-03
2.351811786416403011e-03
-6.091753350423466384e-03
5.414247663966146457e-03
-9.310551411957825735e-04
-3.930502052940519631e-02
-2.805979625212870823e-02
1.481120031294236999e-03
-1.890004502026643163e-03
9.312634761795904326e-04
6.998700542171082395e-04
-1.821689777968919788e-03
1.622507478499450595e-03
-1.007917818709570291e-03
1.100197095283436677e-02
2.258244007582893911e-02
6.417543939889959644e-04
-8.196955733099514380e-04
4.057509666784641332e-04
2.999066580296923246e-04
-7.865300829077014489e-04
7.027996289782146092e-04
-1.301993996419181093e-03
2.117224788576476703e-03
-1.805156554549997017e-02
3.366867431810213838e-04
-4.305768692699495385e-04
2.144216267888092897e-04
1.550335734359300924e-04
-4.107134096357416102e-04
3.685635869906012823e-04
-1.378692688263846245e-03
-1.144379437880563809e-02
1.562837399547493608e-02
1.990127115737259792e-04
-2.548927703927185298e-04
1.278490420637852639e-04
8.999245712243170593e-05
-2.413939270473276950e-04
2.177481030367443685e-04
-1.168453437395593122e-03
1.364018211762882751e-02
-1.346812193792996243e-02
1.276886852629782938e-04
-1.638216188061759535e-04
8.283842319461557659e-05
5.653577364697123374e-05
-1.538749836032390569e-04
1.396314382946820746e-04
-7.278486202156863325e-04
-1.172922638289494550e-02
1.206951680261940038e-02
8.699305796343385607e-05
-1.118188086955117390e-04
5.704085665618447527e-05
3.761845555530253786e-05
-1.040827841930078770e-04
9.507127157404420264e-05
-1.818157538834233459e-04
6.350970606470550048e-03
-1.078166653024545396e-02
6.204805383359244988e-05
-7.991351779567868103e-05
4.114286149638583925e-05
2.614929531257540179e-05
-7.366755605675193814e-05
6.776563967957662795e-05
3.230834810222270380e-04
-3.477299123296336784e-04
9.859965357412745282e-03
4.588590817888533785e-05
-5.921979699322006728e-05
3.077893868759794304e-05
1.881272087094242919e-05
-5.404005821501163239e-05
5.008013815782079057e-05
6.626683019430870073e-04
-4.831564548486161001e-03
-8.995658814859242708e-03
3.494070006259100063e-05
-4.518915343228390401e-05
2.371235020681040573e-05
1.391576236302035990e-05
-4.080775918208240399e-05
3.810792697757529944e-05
7.682392351456094606e-04
7.518794014687787963e-03
8.337936879706620702e-03
2.725575842957634649e-05
-3.532512554525735465e-05
1.871391650372466710e-05
1.053221689431003462e-05
-3.156271495030931655e-05
2.970544648761708551e-05
6.412147493963258954e-04
-7.527778907539394923e-03
-7.713958741762707606e-03
2.169519537616634752e-05
-2.817800246903163223e-05
1.506873285426860367e-05
8.126400120871781808e-06
-2.490873114953973561e-05
2.362844545645800378e-05
3.467657321941149812e-04
5.094322268643180704e-03
7.219164833782112066e-03
1.756816272353330907e-05
-2.286572840613338928e-05
1.234100937090358848e-05
6.373973107675712322e-06
-1.999786445419022201e-05
1.912026398621315853e-05
-1.013250482957407618e-05
-1.432102221711293623e-03
-6.745974672432582774e-03
1.443768937149096014e-05
-1.883013813839445519e-05
1.025437205481210986e-05
5.070874776672300212e-06
-1.629468750348963429e-05
1.570237466392768308e-05
-3.180634751243286004e-04
-2.267803484070273108e-03
6.359550522030764375e-03
1.201797804690536318e-05
-1.570597879736340436e-05
8.627512305020329682e-06
4.084457151832241763e-06
-1.344969048519309668e-05
1.306185358969664937e-05
-4.916463888477059759e-04
4.768984127094465578e-03
-5.987833462233053614e-03
1.011661912140801329e-05
-1.324720451328066325e-05
7.337950545622493352e-06
3.326035325926918456e-06
-1.122808689551553106e-05
1.098806856361829454e-05
-4.938000308472603695e-04
-5.495207526842130902e-03
5.677521570908056550e-03
8.600760820990510647e-06
-1.128381977101643001e-05
6.300801239810926296e-06
2.734848816859361195e-06
-9.468160510842787980e-06
9.335616480538131562e-06
-3.420915894103168740e-04
4.359409108901214289e-03
-5.377695954750939811e-03
7.376609092477753871e-06
-9.695722111464910586e-06
5.455889631921645444e-06
2.268365257830640136e-06
-8.056043582603446968e-06
8.001865627316889773e-06
-9.852483810983587997e-05
-1.961700808230585139e-03
5.123092198613701104e-03
6.376622981307811244e-06
-8.396360091089682953e-06
4.759693494144068282e-06
1.896240676799165747e-06
-6.909976923907042851e-06
6.912929442562387727e-06
1.529620029566344797e-04
-8.505444368501610328e-04
-4.876239979117791279e-03
5.551299360959105478e-06
-7.322245600127619269e-06
4.180164797067814630e-06
1.596456808354573820e-06
-5.970221705694275099e-06
6.014668270985790155e-06
3.336852422424277376e-04
3.110777423519790752e-03
4.663748129494132977e-03
4.863774540392676315e-06
-6.426060095825148963e-06
3.693320737131874573e-06
1.352792066442419505e-06
-5.192438020060395035e-06
5.266777048722540155e-06
3.936286888208315703e-04
-4.177480200091690521e-03
-4.457154327314606472e-03
4.286199894468537518e-06
-5.672024644001272351e-06
3.280950400323310017e-06
1.153130518085753592e-06
-4.543245141459554474e-06
4.638816375661684518e-06
3.243366579454209572e-04
3.790491464389985667e-03
4.277332579225748971e-03
3.797260881905587405e-06
-5.032729398858886566e-06
2.929041381306325556e-06
9.883095538386148758e-07
-3.997186785080433671e-06
4.107495939809882764e-06
1.581692187985319145e-04
-2.218158405840119779e-03
-4.102106066449427019e-03
3.380448599316044581e-06
-4.486923810073547821e-06
2.626680955350265312e-06
8.513211002554436392e-07
-3.534620194600642277e-06
3.654782315436026774e-06
-4.486834966737512399e-05
4.339393721310277549e-05
3.948174343033608071e-03
3.022836114795210221e-06
-4.017951497274754652e-06
2.365276101854238292e-06
7.367491697521009152e-07
-3.140224309551666634e-06
3.266559444929881284e-06
-2.178230571234678666e-04
1.970520434075618242e-03
-3.797894192420929894e-03
2.714199342478804578e-06
-3.612625237918769760e-06
2.137991534761712697e-06
6.403681575495857284e-07
-2.801929896229109115e-06
2.931666509577092634e-06
-3.081519452051749235e-04
-3.201084672866593046e-03
3.664847305272092483e-03
2.446376857275403657e-06
-3.260407307605258916e-06
1.939339243733732504e-06
5.588521575540313807e-07
-2.510142073841235382e-06
2.641197393145283494e-06
-2.931196581611918844e-04
3.295549208176071915e-03
-3.534751053581111808e-03
2.212797855801010858e-06
-2.952804762378262931e-06
1.764874861425518864e-06
4.895620810621090376e-07
-2.257168203668005044e-06
2.387984243271261837e-06
-1.848709187053922077e-04
-2.315086276820955101e-03
3.418807459039617351e-03
2.008130065794460571e-06
-2.682918133056062354e-06
1.610970427822537488e-06
4.303880046150173255e-07
-2.036792129823314605e-06
2.166212326583790923e-06
-2.427183578050583711e-05
6.405334408169348088e-04
-3.305282612392085491e-03
1.828014303719816236e-06
-2.445100952881487028e-06
1.474642472209306231e-06
3.796312101047560195e-07
-1.843953942475369975e-06
1.971129747419532962e-06
1.338534830744805577e-04
1.129997660235458959e-03
3.203528499511547768e-03
1.668862340751250032e-06
-2.234700348965114380e-06
1.353420613808888042e-06
3.359150845623330118e-07
-1.674506715048077298e-06
1.798826417722777496e-06
2.389495769970209280e-04
-2.423692340779907625e-03
-3.103782052806234454e-03
1.527701557316879510e-06
-2.047857526866602579e-06
1.245246198298272100e-06
2.981172012922125858e-07
-1.525030026635308678e-06
1.646064247760870014e-06
2.605009075590334483e-04
2.842136903597086359e-03
3.013933988169876978e-03
1.402054503139884435e-06
-1.881352986270493223e-06
1.148393399789360562e-06
2.653171308919772709e-07
-1.392685771421478907e-06
1.510145511462871082e-06
1.965360678052162791e-04
-2.308577813387696631e-03
-2.925770780517619567e-03
1.289844761485329524e-06
-1.732485459859108477e-06
1.061407308344590316e-06
2.367560163983567473e-07
-1.275105766628387520e-06
1.388809991207421931e-06
7.260018466286152945e-05
1.046313140252771307e-03
2.846012942482468132e-03
1.189322809106473561e-06
-1.598976490591041288e-06
9.830549622815129402e-07
2.118050350928432591e-07
-1.170303472657847436e-06
1.280153984223993612e-06
-6.795052980836696252e-05
4.860709463440405793e-04
-2.767682918406753033e-03
1.099007202345298547e-06
-1.478894682891423741e-06
9.122863517107613040e-07
1.899406148684796322e-07
-1.076604189289476733e-06
1.182566060114356683e-06
-1.787905741491910413e-04
-1.778523411741010814e-03
2.696552741856708072e-03
1.017637602825958803e-06
-1.370595153858042415e-06
8.482031235880833133e-07
1.707248519684461774e-07
-9.925894434773415668e-07
1.094675795095956391e-06
-2.256248679277667729e-04
2.416789175882897572e-03
-2.626643180175389485e-03
9.441370217750803861e-07
-1.272670833609762162e-06
7.900333332322866705e-07
1.537899200055895476e-07
-9.170524440186524540e-07
1.015312534628185241e-06
-1.965710168392281851e-04
-2.230300962753227999e-03
2.562949287359647492e-03
8.775812903791924786e-07
-1.183913049461590618e-06
7.371109312583772923e-07
1.388256054193751955e-07
-8.489621594373649295e-07
9.434720879993426174e-07
-1.048492635138788612e-04
1.317668079425768184e-03
-2.500307165074267413e-03
8.171742262668931812e-07
-1.103279444702071370e-06
6.888590068756449093e-07
1.255692705964448451e-07
-7.874342030634283191e-07
8.782896326076658836e-07
1.670288341513591519e-05
-1.707772254901313361e-05
2.443069351196813788e-03
7.622273312479191550e-07
-1.029867725205104584e-06
6.447760242958512546e-07
1.137977454095432349e-07
-7.317070982126072155e-07
8.190175712274525011e-07
1.271502366253086762e-04
-1.229934469566724281e-03
-2.386744380855621885e-03
7.121431027000890354e-07
-9.628940641527041454e-07
6.044244669882741124e-07
1.033207365705446357e-07
-6.811228315661284989e-07
7.650073274303396259e-07
1.910476700495039072e-04
2.013491933579427372e-03
2.335148989314111967e-03
6.664012501492871943e-07
-9.016752504757436643e-07
5.674214026264810112e-07
9.397544002264640595e-08
-6.351108388107687104e-07
7.156943306156626772e-07
1.896473632026014940e-04
-2.099962949028630343e-03
-2.284351137211371174e-03
6.245472570359789088e-07
-8.456138632928489329e-07
5.334306341815697738e-07
8.562213110047123266e-08
-5.931747804519514611e-07
6.705855386188175338e-07
1.262323894334546615e-04
1.488627029705043292e-03
2.237717379627367914e-03
5.861828490660858648e-07
-7.941859081483926275e-07
5.021561182705358561e-07
7.814052850607655643e-08
-5.548815257597726480e-07
6.292490638687420201e-07
2.411314469267372695e-05
-4.126105284782419572e-04
-2.191784717665769266e-03
5.509580155473037255e-07
-7.469304536475429579e-07
4.733364333715794903e-07
7.142678872668062340e-08
-5.198519898732233135e-07
5.913054703411690927e-07
-8.176320960555198691e-05
-7.571893097726174054e-04
2.149538911606704503e-03
5.185643023649516570e-07
-7.034409246376317065e-07
4.467401178210629598e-07
6.539100953404340666e-08
-4.877534425596144474e-07
5.564204808897708909e-07
-1.566274689065543218e-04
1.629618264172323985e-03
-2.107912967760363580e-03
4.887291584885654003e-07
-6.633577414085487563e-07
4.221617069672105749e-07
5.995515248261333238e-08
-4.582930511844488485e-07
5.242988177465990329e-07
-1.771800374719363419e-04
-1.930814752863101169e-03
2.069568591248978091e-03
4.612111441457274717e-07
-6.263620871928336732e-07
3.994183739435561500e-07
5.505130380256770956e-08
-4.312124251203911917e-07
4.946789852242723055e-07
-1.387319504371364474e-04
1.581138812405289470e-03
-2.031775224268782785e-03
4.357958616877825398e-07
-5.921706114847826124e-07
3.783470582250766305e-07
5.062021637345899897e-08
-4.062830010620065071e-07
4.673288468696372780e-07
-5.604090371109286903e-05
-7.216397233622956747e-04
1.996917303823284202e-03
4.122924872963884915e-07
-5.605308995310917053e-07
3.588020044682981794e-07
4.661008243595139190e-08
-3.833021185654686652e-07
4.420418488298283712e-07
4.219928360460939486e-05
-3.474794033032844705e-04
-1.962551703941941943e-03
3.905308017800505720e-07
-5.312176070323203583e-07
3.406526539709319091e-07
4.297549601076864614e-08
-3.620896750695221556e-07
4.186337945136417145e-07
1.232057080237220729e-04
1.264262528366603012e-03
1.930824472551291755e-03
3.703586447947127745e-07
-5.040291320520975775e-07
3.237818252548559160e-07
3.967657734546309496e-08
-3.424852676650959099e-07
3.969400741030185392e-07
1.609466875705476438e-04
-1.732370491479201090e-03
-1.899539282722124793e-03
3.516397252616393181e-07
-4.787847526988802500e-07
3.080841372436990172e-07
3.667822464224473070e-08
-3.243457381899887628e-07
3.768132847275621779e-07
1.444224477319554136e-04
1.610260909467843560e-03
1.870636334199572703e-03
3.342517279398984995e-07
-4.553221549133397536e-07
2.934646536826655946e-07
3.394948173707200976e-08
-3.075430671154426180e-07
3.581211759066694209e-07
8.077825516416653430e-05
-9.583598953344682307e-04
-1.842132158695765527e-03
3.180846795855068456e-07
-4.334952890936135728e-07
2.798376924805219914e-07
3.146299391715832484e-08
-2.919625485294083042e-07
3.407448708935760344e-07
-7.599525530109236659e-06
7.449620774971224893e-06
1.815788528453115939e-03
3.030395277372373839e-07
-4.131725130162531298e-07
2.671257985270071057e-07
2.919454547312431633e-08
-2.775012225896483038e-07
3.245773273932137147e-07
-9.087467837342753842e-05
9.174746183050817676e-04
-1.789806287352297028e-03
2.890269070120968925e-07
-3.942349708203581656e-07
2.552588417083380802e-07
2.712265946185684218e-08
-2.640665067349704746e-07
3.095219933480820602e-07
-1.417558184106396330e-04
-1.511866595805945110e-03
1.765792034624273470e-03
2.759660609284037003e-07
-3.765751816159432913e-07
2.441732278213488982e-07
2.522825661463272418e-08
-2.515750133080541786e-07
2.954916407998313226e-07
-1.443719930500462914e-04
1.586884380112659441e-03
-1.742106759565634558e-03
2.637839029593844198e-07
-3.600958045361013146e-07
2.338112067724732769e-07
2.349435821943652442e-08
-2.399515135948805666e-07
2.824073437982812206e-07
-9.916437523888759799e-05
-1.132760503400451549e-03
1.720221730734428772e-03
2.524141897489694253e-07
-3.447085542222349391e-07
2.241202667579815511e-07
2.190583268425749797e-08
-2.291280378093323716e-07
2.701975845365370277e-07
-2.230493056203444735e-05
3.130788128836757903e-04
-1.698637496334386154e-03
2.417967997596359719e-07
-3.303332501980449365e-07
2.150525930597058100e-07
2.044917044030647446e-08
-2.190430893542205659e-07
2.587974677267790291e-07
6.002381505386313737e-05
5.898743216248489296e-04
1.678707025422165877e-03
2.318770954551352403e-07
-3.168969807745836142e-07
2.065645995467935148e-07
1.911229889975385454e-08
-2.096409404891974582e-07
2.481480311893047297e-07
1.204862078701910560e-04
-1.275096077413457457e-03
-1.659052783212877635e-03
2.226053618936685297e-07
-3.043333619695554049e-07
1.986165099158998526e-07
1.788440524147505428e-08
-2.008710416195880200e-07
2.381956366662163482e-07
1.396121714785491380e-04
1.519268514222942706e-03
1.640924142071321923e-03
2.139363131370419779e-07
-2.925818852195227748e-07
1.911719813701973081e-07
1.675580174609336837e-08
-1.926874727414817912e-07
2.288914332515545880e-07
1.120201926440526213e-04
-1.252160807451122015e-03
-1.623050277481143111e-03
2.058286523998198447e-07
-2.815873418882119950e-07
1.841977821173679253e-07
1.571779095765890588e-08
-1.850484758481041325e-07
2.201908842341948613e-07
4.787020715265113968e-05
5.731227441660990962e-04
1.606589730358844864e-03
1.982446825614034291e-07
-2.712993068532121299e-07
1.776634939529980750e-07
1.476255686617966578e-08
-1.779160365804333122e-07
2.120533429779067336e-07
-3.082344622605385533e-05
2.824423066439540886e-04
-1.590365203397510474e-03
1.911499654199365350e-07
-2.616716867501547861e-07
1.715412523122655797e-07
1.388307249011993399e-08
-1.712555182369762674e-07
2.044416796314132978e-07
-9.769865214368303463e-05
-1.026910405372600740e-03
1.575455552360164463e-03
1.845130100605087142e-07
-2.526623129439197618e-07
1.658055143916752940e-07
1.307300067997880719e-08
-1.650353293764644791e-07
1.973219560995418537e-07
-1.308282696009945663e-04
1.413954199429291042e-03
-1.560765512998406324e-03
1.783050029161091076e-07
-2.442325807525558973e-07
1.604328515789597582e-07
1.232664311221582862e-08
-1.592266388306508643e-07
1.906631135371265190e-07
-1.198688642075416543e-04
-1.322126715091454657e-03
1.547304044873768110e-03
1.724995644495789853e-07
-2.363471285623337716e-07
1.554017609562644703e-07
1.163884066542346298e-08
-1.538031073271381617e-07
1.844367402588907058e-07
-6.925773245294251359e-05
7.901303574439490045e-04
-1.534047837230545063e-03
1.670725301167327263e-07
-2.289735494793803360e-07
1.506925018309341344e-07
1.100495453061823463e-08
-1.487406720119085384e-07
1.786167919631771522e-07
3.519642164797362298e-06
-3.599646655815229995e-06
1.521944601333767404e-03
1.620017575778948083e-07
-2.220821334160374332e-07
1.462869432729296294e-07
1.042077620249076252e-08
-1.440173294153047944e-07
1.731794248357540630e-07
7.393388685681160592e-05
-7.715347217499386127e-04
-1.510034088577319033e-03
1.572669517950592527e-07
-2.156456379955004100e-07
1.421684364663529940e-07
9.882512371976834731e-09
-1.396129554363668003e-07
1.681027813436937360e-07
1.186384743775635553e-04
1.276332509516411948e-03
1.499210448872441773e-03
1.528495110212352965e-07
-2.096390821955271483e-07
1.383216833922084428e-07
9.386728575737184055e-09
-1.355091432971413171e-07
1.633668294980331894e-07
1.231733332106150461e-04
-1.347042735078672528e-03
-1.488568604538680843e-03
1.487323850876950200e-07
-2.040395586360029510e-07
1.347326408770657550e-07
8.930317446509817951e-09
-1.316890598090106551e-07
1.589532141987092602e-07
8.661538036983042373e-05
9.658588997616991689e-04
1.478956021131000616e-03
1.448999513745753481e-07
-1.988260722665538896e-07
1.313884148259670571e-07
8.510467235719066520e-09
-1.281373049594785782e-07
1.548451164452347741e-07
2.168867619019851974e-05
-2.668595221189314646e-04
-1.469515743362927868e-03
1.413379039222339983e-07
-1.939793855530204392e-07
1.282771753897461210e-07
8.124636421128665978e-09
-1.248398072862134250e-07
1.510271404675186686e-07
-4.963737476131431991e-05
-5.127738366210716874e-04
1.461054747076096991e-03
1.380331489512533205e-07
-1.894818897405078570e-07
1.253880801708800660e-07
7.770524802384534691e-09
-1.217837091159083363e-07
1.474851900380323363e-07
-1.035482114532916900e-04
1.111012320100251624e-03
-1.452757860799749889e-03
1.349737173394474285e-07
-1.853174807979300620e-07
1.227111994369853298e-07
7.446053642808439510e-09
-1.189572768812595036e-07
1.442063907867215805e-07
-1.223013116444884342e-04
-1.330481417213653927e-03
1.445397191618666421e-03
1.321486835471549770e-07
-1.814714499712155593e-07
1.202374553003690560e-07
7.149345777716920036e-09
-1.163498165050649152e-07
1.411789822217818235e-07
-1.000394881976902905e-04
1.101513802783539442e-03
-1.438193610444699067e-03
1.295480902205325968e-07
-1.779303976656709807e-07
1.179585664978777260e-07
6.878709740698596420e-09
-1.139515968212427566e-07
1.383922541009496854e-07
-4.460385529013455308e-05
-5.058167016466844079e-04
1.431889496239572429e-03
1.271628853327655406e-07
-1.746821278736376826e-07
1.158669872547424262e-07
6.632619148350116234e-09
-1.117537888387608314e-07
1.358364738746065115e-07
2.520944379189038465e-05
-2.541525238948239007e-04
-1.425736521311213312e-03
1.249848620987759062e-07
-1.717155892755339863e-07
1.139558741536372821e-07
6.409707015153642828e-09
-1.097483885068549492e-07
1.335028013138561676e-07
8.599534476733117216e-05
9.220661006612319854e-04
1.420452077808637137e-03
1.230066085300060563e-07
-1.690207920256037166e-07
1.122190359491292977e-07
6.208751801746459353e-09
-1.079281824624395538e-07
1.313832756061339424e-07
1.175552853131672792e-04
-1.275448584011053266e-03
-1.415313815216603932e-03
1.212214581867033375e-07
-1.665887544234807838e-07
1.106509022515828056e-07
6.028652077333038206e-09
-1.062866954300664300e-07
1.294707263448102719e-07
1.095825359133460308e-04
1.197905174013781660e-03
1.411018551903089197e-03
1.196234527438885115e-07
-1.644114413531898300e-07
1.092464809184477692e-07
5.868445774573523288e-09
-1.048181324013889638e-07
1.277587377533379726e-07
6.501332268339979868e-05
-7.188441711040265136e-04
-1.406865433887717620e-03
1.182073015468742237e-07
-1.624817228975230024e-07
1.080013453829179425e-07
5.727276539309322789e-09
-1.035173673752075849e-07
1.262416313483716128e-07
-1.041165630432999353e-06
9.840880022811242245e-07
1.403534853602998733e-03
1.169683523954316920e-07
-1.607933230685044609e-07
1.069115920642469200e-07
5.604393202394020862e-09
-1.023798875933978859e-07
1.249143983862743314e-07
-6.639781216806798191e-05
7.131996554598021842e-04
-1.400343251744810835e-03
1.159025623890250819e-07
-1.593407902444768463e-07
1.059738319619557990e-07
5.499156158556201858e-09
-1.014017766126048051e-07
1.237726947432576810e-07
-1.092232748668318584e-04
-1.184549390855641274e-03
1.397958534298266581e-03
1.150064746322670452e-07
-1.581194605169121154e-07
1.051851592842129252e-07
5.411012828776540218e-09
-1.005796895840129661e-07
1.228128016105863160e-07
-1.153006567286580381e-04
1.255549592502350903e-03
-1.395710455406729347e-03
1.142771970196639606e-07
-1.571254332591082072e-07
1.045431491013357889e-07
5.339506083576451255e-09
-9.991082814618135486e-08
1.220316101310672894e-07
-8.273153197641480109e-05
-9.042160287693491033e-04
1.394258217744533124e-03
1.137123861289185238e-07
-1.563555461976434864e-07
1.040458293104099333e-07
5.284268465806157486e-09
-9.939292653494473476e-08
1.214266041516432089e-07
-2.252391915998896705e-05
2.493938291884450001e-04
-1.392941075291736358e-03
1.133102328362570947e-07
-1.558073577362085972e-07
1.036916789574928691e-07
5.245011515789998113e-09
-9.902423737817179559e-08
1.209958367332441501e-07
4.511428427779852826e-05
4.878735440239497997e-04
1.392413202650422815e-03
1.130694525378713909e-07
-1.554791355620172119e-07
1.034796201240074454e-07
5.221538888807298988e-09
-9.880351674922081885e-08
1.207379241961019920e-07
9.753308173502956823e-05
-1.060102092358459688e-03
-1.392019658470626531e-03
1.129892777925259328e-07
-1.553698433230145393e-07
1.034090065955145521e-07
5.213731336418947482e-09
-9.873002671575287215e-08
1.206520453354148481e-07
1.171977134087013456e-04
1.274733780875088665e-03
