0.000000000000000000e+00
0.000000000000000000e+00
0.000000000000000000e+00
0.000000000000000000e+00
0.000000000000000000e+00
0.000000000000000000e+00
0.000000000000000000e+00
0.000000000000000000e+00
0.000000000000000000e+00
1.099024311978588782e-05
-1.771129129668995908e-05
6.586093991577344692e-06
7.028048432731753266e-06
-1.783276158186812072e-05
2.169338794637171682e-05
-1.722381433261646979e-05
-1.291685852585581010e-03
1.526741805453525613e-02
2.337763802592049758e-05
-3.768169693761138224e-05
1.403126439959718698e-05
1.492462495587105841e-05
-3.792723528164145084e-05
4.617493955767219187e-05
-3.669631778629431134e-05
-2.236549586062927357e-03
-2.568817784732848816e-02
3.895519357073422544e-05
-6.281077242561755765e-05
2.343904107367919060e-05
2.480313898583861516e-05
-6.318569198035168025e-05
7.702425466525477207e-05
-6.130616867409868082e-05
-2.577913244365331175e-03
2.801710903860275825e-02
6.051282875686660612e-05
-9.761096430773471937e-05
3.652866319048635982e-05
3.839359859777687935e-05
-9.812353803589243220e-05
1.198141756883936717e-04
-9.555393542209409774e-05
-2.215239988309913866e-03
-2.064242620260570843e-02
9.302536723969118300e-05
-1.501297397401275368e-04
5.636905170405777837e-05
5.877711552966058232e-05
-1.507915912179440948e-04
1.844864306733018529e-04
-1.474736387170219967e-04
-1.228238715997798797e-03
5.688695877293325348e-03
1.464021418753809218e-04
-2.363984352316950534e-04
8.907785500808474647e-05
9.208560097645219350e-05
-2.372251081337092143e-04
2.908504200614182075e-04
-2.330808831519825728e-04
1.478081747068219582e-04
1.402474528280276550e-02
2.427662618768485208e-04
-3.922102245225669208e-04
1.483198964264181494e-04
1.520010424129608086e-04
-3.932219800586012450e-04
4.831412122683765697e-04
-3.881499103706954543e-04
1.590756127105206162e-03
-3.144210314222214975e-02
4.390189550121424505e-04
-7.096298146279287310e-04
2.692521938254507962e-04
2.737016177456175182e-04
-7.108527298031018385e-04
8.751475170422160638e-04
-7.047220878011056528e-04
2.793462350581914222e-03
4.338775838327969814e-02
9.138401348527012361e-04
-1.477763081235103273e-03
5.622925745089002404e-04
5.676317945433266132e-04
-1.479230555073712252e-03
1.824211855730237166e-03
-1.471873906847538530e-03
3.605549214551833758e-03
-3.923486751978048220e-02
2.441324334833421331e-03
-3.949115776084584188e-03
1.505841819695369690e-03
1.512226533908757244e-03
-3.950870601885874897e-03
4.878501091581987151e-03
-3.942073418742149393e-03
4.390941241181686369e-03
2.358050736775617676e-02
1.160092228194175429e-02
-1.876945560203739649e-02
7.166203275161808599e-03
7.173833818105171400e-03
-1.877155284134663510e-02
2.319688768223460151e-02
-1.876103909217268634e-02
9.272816203599919607e-03
5.926466471211022657e-02
-1.624101093123986872e-01
2.627865507960682190e-01
-1.003792312358691291e-01
-1.003700952215150627e-01
2.627840397809805273e-01
-3.248261534766402336e-01
2.627966278450357684e-01
-9.946355046455611360e-02
-1.501319221785437086e-01
2.436194370571319323e-01
-3.941827579831658213e-01
1.505599676943546461e-01
1.505709490183451127e-01
-3.941857761778747027e-01
4.872317405297007520e-01
-3.941706455525894048e-01
1.501721485437428338e-01
1.927867432211233245e-02
-8.858419070525712369e-02
1.433343732455216180e-01
-5.475423674990725909e-02
-5.474095982965215823e-02
1.433307241108148777e-01
-1.771770062387635347e-01
1.433490177250940356e-01
-5.624705749224175738e-02
1.129157044983142288e-01
-5.531323077976393887e-03
8.952478552095827213e-03
-3.426095534844082312e-03
-3.409917586960353741e-03
8.948032075806026248e-03
-1.107315552252252297e-02
8.970322873122981225e-03
-5.583539772143659118e-03
-5.355998628854029275e-02
-1.574529093674254410e-03
2.550852982332006691e-03
-9.824026755978292579e-04
-9.624955724691384518e-04
2.545381555260643660e-03
-3.161990052728149911e-03
2.572810571855372111e-03
-3.249962708761988672e-03
2.262334993785335667e-03
-6.593907486306116450e-04
1.070916038436295695e-03
-4.190956730241277191e-04
-3.943038188377103468e-04
1.064102047405441698e-03
-1.334886548750607426e-03
1.098261521816856767e-03
-2.277891645910704900e-03
1.017049109375770845e-02
-3.323077678315787022e-04
5.427389107567348603e-04
-2.199971014917363353e-04
-1.886700414067634562e-04
5.341287315886910280e-04
-6.849659262330885443e-04
5.772927442245138043e-04
-1.317679452577257340e-03
-1.554694462955659266e-02
-1.840199299940959484e-04
3.042491234137426927e-04
-1.325303179654642406e-04
-9.224600510179149099e-05
2.931770614172688827e-04
-3.942089769868061303e-04
3.486828313415882416e-04
-3.614256873433300014e-04
1.161902762000717459e-02
-1.042345163273160856e-04
1.771905789321959407e-04
-8.911292456954384670e-05
-3.620165780954670294e-05
1.626480241702761781e-04
-2.428407528591122906e-04
2.355518517493283978e-04
4.063556466161282171e-04
-6.674363154951919348e-03
-5.380147892396718425e-05
9.855689233697783778e-05
-6.653164015388202850e-05
4.782191991607236218e-06
7.895642966197127918e-05
-1.539291797558662482e-04
1.772162454086827470e-04
8.178287160070455818e-04
1.691459323379988344e-03
-1.524760390837602304e-05
4.067953134489598054e-05
-5.573392016150866435e-05
4.350049948410105263e-05
1.340515160992907667e-05
-9.495893956400081460e-05
1.501353692482918260e-04
7.993897576128337554e-04
9.476205947819469309e-05
2.205343933753720303e-05
-1.249254447696469960e-05
-5.345809582055491619e-05
9.029856405099525056e-05
-5.200377198366290467e-05
-4.927897264319151783e-05
1.460714468962853361e-04
3.937156734854945807e-04
5.020990284163133477e-04
6.863271726368078477e-05
-7.565760983729583945e-05
-5.996885570355627043e-05
1.594254854817585667e-04
-1.359577012249343192e-04
-5.255456988172346804e-06
1.663349521363311737e-04
-2.615528440879269067e-04
-2.805942126708729951e-03
1.420083899348030608e-04
-1.718430420063108116e-04
-7.982257390448072401e-05
2.792881710179067993e-04
-2.705439046634761720e-04
5.073463028040157930e-05
2.242570977064268568e-04
-9.914050857250476106e-04
4.176077515675205923e-03
2.838355155073384994e-04
-3.545538065358931580e-04
-1.274696779729333910e-04
5.215657918760219875e-04
-5.329398940458380824e-04
1.460507043981290175e-04
3.613341024749888285e-04
-1.676922496515044752e-03
-2.388461196148748862e-03
6.246159442904700588e-04
-7.904027831005379194e-04
-2.511148206182587110e-04
1.114174736407331275e-03
-1.165649859278156597e-03
3.623253084323475176e-04
7.155153547842577543e-04
-2.439479684965249057e-03
-4.622268206769182194e-03
1.747359849367723051e-03
-2.222792294046133273e-03
-6.688058706828773226e-04
3.078400664442445742e-03
-3.252704438986073546e-03
1.060494580645762741e-03
1.910386824332970836e-03
-4.398154826401479839e-03
1.941794448992358729e-02
9.089624999889002466e-03
-1.158388154527850711e-02
-3.418047939001453428e-03
1.594385045587892041e-02
-1.690546019834340830e-02
5.601555398494260408e-03
9.772345656965216593e-03
-1.841071433683431208e-02
-4.731459884151366369e-02
-8.842399705826486933e-02
1.127305226471228550e-01
3.312826448851646788e-02
-1.549619417492284768e-01
1.644267357948104025e-01
-5.466260075777791549e-02
-9.473349234805733543e-02
1.757711338575899673e-01
4.503898846180899758e-03
1.187979149360832709e-01
-1.514464215292164739e-01
-4.452929343895465492e-02
2.082162690581808584e-01
-2.209130287084801192e-01
7.340963118005117138e-02
1.273326293140422394e-01
-2.347632870608902800e-01
7.500632438874094143e-02
-3.752506588385635944e-02
4.784120549110690290e-02
1.405590169840568136e-02
-6.575882852765058129e-02
6.977812282786713394e-02
-2.320163628482584117e-02
-4.019466155199212520e-02
7.583790601361506400e-02
-4.083294378267569164e-02
-3.209024954219642095e-03
4.093136729755801617e-03
1.196496226071817534e-03
-5.617178684118769028e-03
5.965861511772620196e-03
-1.991814402756364455e-03
-3.422365443457656142e-03
7.841198482190683827e-03
-1.760939328940838711e-02
-9.633092030257722760e-04
1.229916165378840132e-03
3.556796254440761085e-04
-1.682214349272955628e-03
1.790027206758866563e-03
-6.027808607344704861e-04
-1.017886495831669957e-03
3.138464327902310003e-03
2.325827123172643715e-02
-4.184187593192344873e-04
5.350356544395256861e-04
1.521347132508941687e-04
-7.279859484107514128e-04
7.769350400119196410e-04
-2.651017999130561575e-04
-4.357398569573974964e-04
1.546081337760176963e-03
-2.026190798239410618e-02
-2.202734653620446858e-04
2.822393592012299507e-04
7.843028720585934824e-05
-3.813458626163414777e-04
4.086079050010495910e-04
-1.418714661879099011e-04
-2.248949990878024033e-04
5.194624767863850528e-04
1.237141331977797271e-02
-1.307770481248050291e-04
1.679834903640188342e-04
4.535769695136844992e-05
-2.250273074578566313e-04
2.422982625120615981e-04
-8.590912895997479960e-05
-1.302519134420034432e-04
-2.479185590291607113e-04
-3.412069494399044053e-03
-8.435627537052158183e-05
1.086665572370816384e-04
2.835871119068041161e-05
-1.441242343029155342e-04
1.560731463033154993e-04
-5.666579953314147605e-05
-8.158260621534633300e-05
-7.428541447416001477e-04
-4.322654906115193721e-03
-5.782743304314156142e-05
7.472848618733811724e-05
1.875756080153888764e-05
-9.801897903148552968e-05
1.068242822129547391e-04
-3.979558696877729497e-05
-5.407635854829833972e-05
-9.279017906062429809e-04
8.928273687310129408e-03
-4.153341610150394411e-05
5.385449592587089504e-05
1.294507649958659184e-05
-6.979774448731884879e-05
7.659619309344656984e-05
-2.931621789729206269e-05
-3.741106328480350244e-05
-8.170297074330754852e-04
-9.911095801395295585e-03
-3.095058258186972919e-05
4.027489203798018591e-05
9.233888765910194945e-06
-5.154138918447150828e-05
5.697885438543428405e-05
-2.242089986308254924e-05
-2.676040675852702877e-05
-4.877487346205725233e-04
7.613542180000093876e-03
-2.376320662333248051e-05
3.103527727640519528e-05
6.762510992779266190e-06
-3.919861035396866010e-05
4.366759861374012053e-05
-1.766958123352106353e-05
-1.965996602673680688e-05
-6.223848917703937993e-05
-3.357362952749679517e-03
-1.870014548857932115e-05
2.451335826947136529e-05
5.059714621535829247e-06
-3.054746971240248168e-05
3.429992093912069019e-05
-1.426948628878991471e-05
-1.476146402222659759e-05
3.268810910829336247e-04
-1.318231373529580100e-03
-1.502312393400632903e-05
1.976649518328468986e-05
3.853019629258361300e-06
-2.429885367174674992e-05
2.750398067963805924e-05
-1.175849231789571291e-05
-1.128509852461871850e-05
5.727755613007503221e-04
4.888405639193696417e-03
-1.228285762707283582e-05
1.622072725630169297e-05
2.977498023340004109e-06
-1.966927975993683266e-05
2.244514837178606846e-05
-9.854128153710683697e-06
-8.758730950273039726e-06
6.212252000661676148e-04
-6.451487110677120787e-03
-1.019496576876188255e-05
1.351252741727786285e-05
2.329423363959460722e-06
-1.616359409534279338e-05
1.859529590075210980e-05
-8.376671209710502086e-06
-6.885321722787421080e-06
4.806851948327759533e-04
5.754926050644462200e-03
-8.573295150622693012e-06
1.140375974307555212e-05
1.841401319923254985e-06
-1.345824932396066627e-05
1.560883780963182792e-05
-7.207774934135010030e-06
-5.471797011238151067e-06
2.137540190120312345e-04
-3.322110871147680548e-03
-7.292398141731711719e-06
9.733812723513701314e-06
1.468399999063731490e-06
-1.133564837957465234e-05
1.325297954995146134e-05
-6.267150622975043057e-06
-4.389087868502501103e-06
-8.617228178220848883e-05
9.100137452574749708e-05
-6.265561317280940457e-06
8.391564066727525209e-06
1.179588334895582263e-06
-9.645719949237453912e-06
1.136687817582054082e-05
-5.498887531423402725e-06
-3.548780755093091863e-06
-3.251919286521361575e-04
2.812355309921087815e-03
-5.431487709768589855e-06
7.298382779918205499e-06
9.534024181991757052e-07
-8.282643114048207633e-06
9.836891233058753237e-06
-4.863142258780192573e-06
-2.889000854874174129e-06
-4.367662151213980160e-04
-4.526141111962350000e-03
-4.745975739545160721e-06
6.397505277533355184e-06
7.744727533176565260e-07
-7.170315948767935765e-06
8.581114400302292111e-06
-4.330932454700564538e-06
-2.365618519711842893e-06
-3.991569244498199831e-04
4.608578311427283594e-03
-4.176578537198882835e-06
5.647214161894065221e-06
6.316594125463370624e-07
-6.253037241714387573e-06
7.539459126161551783e-06
-3.880785090715904717e-06
-1.946625189958028912e-06
-2.380656268418032684e-04
-3.206334028700926972e-03
-3.699092984196968026e-06
5.016352067734822923e-06
5.167658172437056274e-07
-5.489386924222711128e-06
6.667131013889972257e-06
-3.496525430837695708e-06
-1.608450932949131995e-06
-1.480948588226688872e-05
8.877293867731519961e-04
-3.295201368285274879e-06
4.481306839194325146e-06
4.236789149716512111e-07
-4.848120227240169423e-06
5.930250180776397081e-06
-3.165786085921305521e-06
-1.333502119273198387e-06
1.953356990415214310e-04
1.511656636690817367e-03
-2.950856142124714089e-06
4.023945573049735828e-06
3.477834159188765428e-07
-4.305359155169953414e-06
5.302852408349903197e-06
-2.878981506715700832e-06
-1.108483485112612792e-06
3.273631127975461545e-04
-3.228930889807952662e-03
-2.655153919249952465e-06
3.630173585657448963e-06
2.855558710858433760e-07
-3.842637383419516823e-06
4.764799159060606601e-06
-2.628589706060122664e-06
-9.232349323193170081e-07
3.457929280291670076e-04
3.756664949233963838e-03
-2.399537770229784013e-06
3.288912888477674200e-06
2.342789547072658620e-07
-3.445517313389206450e-06
4.300297458687113157e-06
-2.408640846703019822e-06
-7.699125199411529412e-07
2.534371980226749919e-04
-3.029320943826935286e-03
-2.177223691278516032e-06
2.991367230619468005e-06
1.918374842810874944e-07
-3.102597440446624148e-06
3.896836013378659927e-06
-2.214347506480557662e-06
-6.424035556860046388e-07
8.771268368026820424e-05
1.366422787752824726e-03
-1.982782610864333717e-06
2.730486073511487763e-06
1.565708940168135963e-07
-2.804790154463117263e-06
3.544410173807647455e-06
-2.041833667634237864e-06
-5.359033115858512588e-07
-9.351862480391239223e-05
6.174012566777294791e-04
-1.811831911912838503e-06
2.500568691570078869e-06
1.271652405668254862e-07
-2.544789842512166063e-06
3.234950147728826161e-06
-1.887933456027595680e-06
-4.466051165520829643e-07
-2.315102870550707782e-04
-2.266637755206416666e-03
-1.660805118879667835e-06
2.296968353380069680e-06
1.025732839250568005e-07
-2.316676510544788625e-06
2.961894271201643436e-06
-1.750039906944355652e-06
-3.714708260051436165e-07
-2.851745534483598045e-04
3.061988462870727720e-03
-1.526778081314180552e-06
2.115868867546369470e-06
8.195472684222614810e-08
-2.115617315413629841e-06
2.719867103382443623e-06
-1.625990050280135911e-06
-3.080591413118779294e-07
-2.428982266847032529e-04
-2.809619206853159780e-03
-1.407336473470866163e-06
1.954114099015560908e-06
6.463110366872027744e-08
-1.937639537548228145e-06
2.504434138641700371e-06
-1.513976696580032903e-06
-2.543959279210024257e-07
-1.243542300735433017e-04
1.651532493082372502e-03
-1.300473839505912610e-06
1.809076651501304034e-06
5.005143502434528102e-08
-1.779456297846225554e-06
2.311913155509173756e-06
-1.412480047778552628e-06
-2.088754108139564969e-07
2.765840007784917121e-05
-2.712815572480931081e-05
-1.204512451275191291e-06
1.678555844270058485e-06
3.776584800912008316e-08
-1.638331610972448190e-06
2.139227844752903433e-06
-1.320214211654469394e-06
-1.701842655463181115e-07
1.621990058067039370e-04
-1.513072677742881636e-03
-1.118041370282239072e-06
1.560697776737886530e-06
2.740517172803811705e-08
-1.511975037061814836e-06
1.983793316680660711e-06
-1.236085026189304461e-06
-1.372428283431458235e-07
2.368848962347197703e-04
2.466249281640089074e-03
-1.039867597400160465e-06
1.453932221653256009e-06
1.866503023128310561e-08
-1.398458804905510718e-06
1.843425843727724802e-06
-1.159156517651663927e-06
-1.091592680879844863e-07
2.309372877465194437e-04
-2.560305386730883995e-03
-9.689772638178922176e-07
1.356922438029462301e-06
1.129336818235420815e-08
-1.296152165093004629e-06
1.716271201940684316e-06
-1.088624038924107863e-06
-8.519358217032335125e-08
1.506422343874821729e-04
1.806526931929909249e-03
-9.045045894547770748e-07
1.268524980869609967e-06
5.080590976404801692e-09
-1.203669015561835212e-06
1.600747367639863262e-06
-1.023792611414091359e-06
-6.472916103104523833e-08
2.589442397319134583e-05
-5.014470695781630266e-04
-8.457068920316411498e-07
1.187757308193633868e-06
-1.482555087538566657e-10
-1.119825855666693851e-06
1.495498434268602143e-06
-9.640593365594149608e-07
-4.725016589117090032e-08
-1.006195553665027113e-04
-9.041514400599118609e-04
-7.919443444964399930e-07
1.113771516862780819e-06
-4.539742009565625892e-09
-1.043607841880720734e-06
1.399357284636397187e-06
-9.088990285169376039e-07
-3.232345482683570814e-08
-1.877857207060609030e-04
1.940617684271350035e-03
-7.426634832174099478e-07
1.045832916392541940e-06
-8.217079126976163488e-09
-9.741412007752554532e-07
1.311315209583926783e-06
-8.578524096213718548e-07
-1.958404821183990993e-08
-2.092197283224153615e-04
-2.290597787303101304e-03
-6.973836993190592453e-07
9.833024572489441374e-07
-1.128416341508557685e-08
-9.106707098153674334e-07
1.230497032823115854e-06
-8.105163566275139274e-07
-8.723378597383021904e-09
-1.610695888203665009e-04
1.867968826080019726e-03
-6.556861135900010629e-07
9.256222451092073131e-07
-1.382887457741484652e-08
-8.525412075807833542e-07
1.156140634578839074e-06
-7.665357983917373171e-07
5.202343539680368001e-10
-6.221448381441777985e-05
-8.508652984689077034e-04
-6.172043712530592141e-07
8.723035384212464438e-07
-1.592574632412746549e-08
-7.991823403989684049e-07
1.087580031118064172e-06
-7.255969494564772082e-07
8.369360640289591480e-09
5.286141818433478384e-05
-4.036028541165859185e-04
-5.816169874744980817e-07
8.229167549750338040e-07
-1.763816086935987570e-08
-7.500959212994318115e-07
1.024231290093491342e-06
-6.874216435699687100e-07
1.501382973501108609e-08
1.459111446097879905e-04
1.469411742211082852e-03
-5.486409544730452836e-07
7.770831183806503617e-07
-1.902015059340733671e-08
-7.048454077063226464e-07
9.655808047293046315e-07
-6.517625462457155017e-07
2.061597240143875354e-08
1.874748854098912121e-04
-2.007284574587759121e-03
-5.180263802709306198e-07
7.344676387875670454e-07
-2.011787939536213710e-08
-6.630471009305000107e-07
9.111754364216073654e-07
-6.183991173424469023e-07
2.531493888471847420e-08
1.660687705987012874e-04
1.858872942565547443e-03
-4.895519710741008668e-07
6.947731975191166059e-07
-2.097087616363332851e-08
-6.243627635676247609e-07
8.606142385574663128e-07
-5.871341710408407855e-07
2.923028554987529282e-08
9.118725047899405196e-05
-1.103446388769004083e-03
-4.630212142539037734e-07
6.577355350887727735e-07
-2.161305257854240214e-08
-5.884933907946256551e-07
8.135414505267284276e-07
-5.577909469022543712e-07
3.246496201378531662e-08
-1.060576152056525931e-05
1.073293817746220902e-05
-4.382591368974446400e-07
6.231189962815485584e-07
-2.207355651925445739e-08
-5.551739517311768922e-07
7.696405629754302005e-07
-5.302106017649328403e-07
3.510779352395307709e-08
-1.049690472104228582e-04
1.043584624110620133e-03
-4.151095451228933170e-07
5.907128980794153781e-07
-2.237748253097217570e-08
-5.241689149552012706e-07
7.286292593608153286e-07
-5.042500522317965570e-07
3.723556782356187041e-08
-1.612534802961104285e-04
-1.715632645446383761e-03
-3.934326655631072145e-07
5.603284238450803633e-07
-2.254646977321498160e-08
-4.952684456133280184e-07
6.902551037707443547e-07
-4.797801206351170935e-07
3.891478360609242201e-08
-1.623565001180635008e-04
1.794781399009409781e-03
-3.731031217671455292e-07
5.317959543262653103e-07
-2.259920317525807628e-08
-4.682851498038881051e-07
6.542918361365191132e-07
-4.566839245455492818e-07
4.020312893227365181e-08
-1.098252478415525648e-04
-1.277731656668452519e-03
-3.540081940694365763e-07
5.049627708523172478e-07
-2.255183839551652605e-08
-4.430512870534418995e-07
6.205361948709819909e-07
-4.348554852178823356e-07
4.115072213181896615e-08
-2.271629947186675608e-05
3.531887057537924776e-04
-3.360463177228554046e-07
4.796910710026793207e-07
-2.241835880582340233e-08
-4.194163718294645815e-07
5.888051724328794692e-07
-4.141985146951435279e-07
4.180116995705540259e-08
6.920915892942676917e-05
6.577547298800810478e-04
-3.191257832472701745e-07
4.558562457524097762e-07
-2.221087962537262792e-08
-3.972451039564416629e-07
5.589336448872834497e-07
-3.946253558274649697e-07
4.219246500814959934e-08
1.355593142743073101e-04
-1.419942838362463211e-03
-3.031636086665048498e-07
4.333453881114293529e-07
-2.193990842031901065e-08
-3.764155816865947320e-07
5.307723105683927732e-07
-3.760560593326972220e-07
4.235774483162270377e-08
1.552750009174739621e-04
1.686833489847602147e-03
-2.880845577668295510e-07
4.120559878056820162e-07
-2.161456020508892837e-08
-3.568177485438893035e-07
5.041859068457383523e-07
-3.584175684876462066e-07
4.232594896048718844e-08
1.232422309784634304e-04
-1.386642695555540244e-03
-2.738202837437777454e-07
3.918947953887748619e-07
-2.124275131024918684e-08
-3.383520452988328158e-07
4.790516441164260810e-07
-3.416430059131653381e-07
4.212237154785575602e-08
5.149931547053737766e-05
6.334589450911532783e-04
-2.603085801006817940e-07
3.727768242089112005e-07
-2.083135622710870129e-08
-3.209282338713961543e-07
4.552578446955001055e-07
-3.256710447696451642e-07
4.176914248442517748e-08
-3.519887976071006653e-05
3.087086634869242417e-04
-2.474927233129826237e-07
3.546244766436173687e-07
-2.038634523953558597e-08
-3.044643690808561051e-07
4.327027473538243123e-07
-3.104453490255631304e-07
4.128563497074900362e-08
-1.078539850736032939e-04
-1.123891806930485231e-03
-2.353208954555124910e-07
3.373667730880228199e-07
-1.991290760766390583e-08
-2.888858987252357347e-07
4.112934565922172353e-07
-2.959140821059969007e-07
4.068882279977675820e-08
-1.428578948779388180e-04
1.543443525288354726e-03
-2.237456754802802372e-07
3.209386727556773344e-07
-1.941554669121492438e-08
-2.741248740882606949e-07
3.909450166164618601e-07
-2.820294697052083688e-07
3.999358443723677325e-08
-1.296085202946856141e-04
-1.439613964839419474e-03
-2.127235896702550644e-07
3.052804731298874863e-07
-1.889817335780363816e-08
-2.601192511456074108e-07
3.715795990136272486e-07
-2.687474082996299529e-07
3.921296094777648733e-08
-7.366858352644833907e-05
8.583479606296077341e-04
-2.022147137514807014e-07
2.903372777265933458e-07
-1.836418047317101010e-08
-2.468122813001349947e-07
3.531257762867667793e-07
-2.560271179577466860e-07
3.835839418320219352e-08
5.456103394300970688e-06
-5.414506550331654733e-06
-1.921823204742434399e-07
2.760585227357115201e-07
-1.781650744298035605e-08
-2.341519658721757935e-07
3.355178868069685905e-07
-2.438308317129211922e-07
3.743991641713684260e-08
8.106278214414786021e-05
-8.307469971515490936e-04
-1.825925661225191732e-07
2.623975580290371923e-07
-1.725769788185615994e-08
-2.220905772898351671e-07
3.186954607992120714e-07
-2.321235211474870219e-07
3.646632863035792482e-08
1.282073523353882694e-04
1.371275513294726960e-03
-1.734142106276162498e-07
2.493112698735006072e-07
-1.668995060883325665e-08
-2.105842308360722503e-07
3.026027208478249131e-07
-2.208726396285207172e-07
3.544534475392185913e-08
1.318839414513970493e-04
-1.443831830058427829e-03
-1.646183693559174349e-07
2.367597478549355455e-07
-1.611515927711464069e-08
-1.995925099028926508e-07
2.871881276738860733e-07
-2.100479060341197898e-07
3.438372682287946930e-08
9.176181772043746909e-05
1.032788044613167089e-03
-1.561782895511624331e-07
2.247059833053476931e-07
-1.553495361826051982e-08
-1.890781213558954607e-07
2.724039720395764891e-07
-1.996210939527332667e-07
3.328739015212665159e-08
2.199634668169445778e-05
-2.855958344377398581e-04
-1.480691506712452504e-07
2.131156016035862244e-07
-1.495072995016022335e-08
-1.790066010777567954e-07
2.582060256465178692e-07
-1.895658688889993162e-07
3.216152460796812933e-08
-5.372521174715140686e-05
-5.435054933074045906e-04
-1.402678853814210824e-07
2.019566183116580475e-07
-1.436367812844151388e-08
-1.693460381171918178e-07
2.445532069532212714e-07
-1.798575857167579548e-07
3.101064956719293796e-08
-1.101830890461857069e-04
1.175837895468268435e-03
-1.327530182936123874e-07
1.911992237953234969e-07
-1.377481225666652960e-08
-1.600668339961266572e-07
2.314072909583567888e-07
-1.704731866277287391e-07
2.983872070341255216e-08
-1.289828924888477245e-04
-1.404990654061262674e-03
-1.255045204639159123e-07
1.808155842986898857e-07
-1.318498369436922114e-08
-1.511414917522872011e-07
2.187326515517759844e-07
-1.613910302378939897e-07
2.864917658026977770e-08
-1.045160764652763852e-04
1.160461755649039653e-03
-1.185036780274690768e-07
1.707796648203895756e-07
-1.259490821085810391e-08
-1.425444089640590789e-07
2.064960228562976070e-07
-1.525907818747702514e-07
2.744500799845982393e-08
-4.560213361914396265e-05
-5.322234932737294425e-04
-1.117329735501946912e-07
1.610670699569565498e-07
-1.200517876641827176e-08
-1.342517089410598277e-07
1.946662815070771121e-07
-1.440533035362715278e-07
2.622881021224863097e-08
2.765755663238877830e-05
-2.649867562576581001e-04
-1.051759783569474805e-07
1.516548938050712786e-07
-1.141627896293032508e-08
-1.262410830401669462e-07
1.832142588355895833e-07
-1.357605460026794445e-07
2.500281956395954651e-08
9.070262147586861078e-05
9.618618016693945491e-04
-9.881725445705889788e-08
1.425215912468507946e-07
-1.082860121573913856e-08
-1.184916373403503915e-07
1.721125593868305659e-07
-1.276954592419467065e-07
2.376896636227510649e-08
1.227092528695651109e-04
-1.327773033797455260e-03
-9.264226524287322295e-08
1.336468520740543946e-07
-1.024245096141538757e-08
-1.109837699929015157e-07
1.613354006073939098e-07
-1.198419003199430351e-07
2.252889953096356285e-08
1.134360241645021757e-04
1.244196895365029878e-03
-8.663729456157703845e-08
1.250114962299828450e-07
-9.658062621897313405e-09
-1.036990527720441785e-07
1.508584716793538033e-07
-1.121845641161890728e-07
2.128402593851597829e-08
6.647952890387397000e-05
-7.452728640710212793e-04
-8.078937163485608308e-08
1.165973641916243086e-07
-9.075605621948305834e-09
-9.662010741170231481e-08
1.406587938060019360e-07
-1.047089067107969534e-07
2.003553712108703533e-08
-2.088604142160476948e-06
2.102506437915395432e-06
-7.508620311971747618e-08
1.083872310896072388e-07
-8.495192968787507182e-09
-8.973053254742423268e-08
1.307146003121789635e-07
-9.740106784224961123e-08
1.878442781183542465e-08
-6.919689855295393238e-05
7.335507699921285651e-04
-6.951611018768399930e-08
1.003647165931376151e-07
-7.916886094611053082e-09
-8.301478444938670265e-08
1.210052215788737229e-07
-9.024782848809920210e-08
1.753153081041070038e-08
-1.125051529699064301e-04
-1.216165142293189338e-03
-6.406797017910470515e-08
9.251420740596927317e-08
-7.340705029945659987e-09
-7.645811322953832700e-08
1.115109881655307333e-07
-8.323653791220131382e-08
1.627751208821415219e-08
-1.178116910093701675e-04
1.286224393517150164e-03
-5.873116371013509251e-08
8.482078189819830527e-08
-6.766630741839030350e-09
-7.004647839536914944e-08
1.022131193850750464e-07
-7.635506849013040664e-08
1.502293769939377910e-08
-8.369067444000122258e-05
-9.244211974325650116e-04
-5.349552405480711981e-08
7.727014455019554084e-08
-6.194608665431589056e-09
-6.376647412355274103e-08
9.309365716671236246e-08
-6.959175246484816668e-08
1.376821751573886754e-08
-2.185170801372905702e-05
2.551197952968889404e-04
-4.835129113929526046e-08
6.984855974775244780e-08
-5.624558162644656412e-09
-5.760527299310605476e-08
8.413535226500790110e-08
-6.293536032554378212e-08
1.251368959625728805e-08
4.685953538931990695e-05
4.947518559804027494e-04
-4.328906846981679657e-08
6.254279319667464115e-08
-5.056370295012345417e-09
-5.155054764457251901e-08
7.532162457613532369e-08
-5.637502470097824347e-08
1.125958680610848750e-08
9.946002381794544558e-05
-1.073669729582858723e-03
-3.829978184594204013e-08
5.534005697980680025e-08
-4.489915165031312105e-09
-4.559043531262478924e-08
6.663645165706517243e-08
-4.990022986814781139e-08
1.000607182251008268e-08
1.184869304865158578e-04
1.288349700349401133e-03
-3.337464120044546408e-08
4.822795499745857924e-08
-3.925045918357549998e-09
-3.971346258281344827e-08
5.806432927158333875e-08
-4.350074718527992962e-08
8.753231081582921180e-09
9.777236078132970926e-05
-1.069119555092730781e-03
-2.850510455606157512e-08
4.119443300689416051e-08
-3.361594073686847289e-09
-3.390850571371805495e-08
4.959019023132100242e-08
-3.716661169027800880e-08
7.501105654423179808e-09
4.443280828992194362e-05
4.914468401289060970e-04
-2.368284294259996592e-08
3.422773297555054429e-08
-2.799383399133131833e-09
-2.816473945568942591e-08
4.119934918480542933e-08
-3.088808104212067973e-08
6.249675864889174710e-09
-2.356540787469172619e-05
2.490779377438134823e-04
-1.889970763430722650e-08
2.731634420676215362e-08
-2.238223275843914022e-09
-2.247158917006257246e-08
3.287744451589902838e-08
-2.465560630546216256e-08
4.998886713830598058e-09
-8.343562038794541912e-05
-9.034536426533873454e-04
-1.414769818235562387e-08
2.044896338227581399e-08
-1.677913490145090049e-09
-1.681868609305738125e-08
2.461037394851933605e-08
-1.845978974799494018e-08
3.748647835401946755e-09
-1.151793237737870537e-04
1.252067121826655471e-03
-9.418931158026305761e-09
1.361444626195876468e-08
-1.118248582106449161e-09
-1.119582924855335289e-08
1.638424892127368702e-08
-1.229135942834664523e-08
2.498847647788062778e-09
-1.082425170994426224e-04
-1.178634624483736876e-03
-4.705610995612641637e-09
6.801772247894095425e-09
-5.590154357181156407e-10
-5.592934779032706814e-09
8.185334777397241146e-09
-6.141133983578742550e-09
1.249346269935157480e-09
-6.501238506480483750e-05
7.084524815110758433e-04
0.000000000000000000e+00
0.000000000000000000e+00
0.000000000000000000e+00
0.000000000000000000e+00
0.000000000000000000e+00
0.000000000000000000e+00
0.000000000000000000e+00
0.000000000000000000e+00
0.000000000000000000e+00
