0.000000000000000000e+00
4.461561072841838116e-01
8.133474951670927044e-01
1.046946308578061924e+00
1.132486754666601758e+00
1.097538752791920258e+00
9.992161644867717518e-01
9.020582725728440998e-01
8.544306702633985839e-01
8.720207347503140527e-01
9.343072046462460589e-01
9.950564747945749300e-01
1.002709733880092546e+00
9.228744818140874884e-01
7.543569697195031676e-01
5.325529528413228686e-01
3.186818626001445831e-01
1.785958744360960360e-01
1.587986222505596290e-01
2.684350353942212553e-01
4.739426437596261921e-01
7.085312136736949817e-01
8.933230177017787987e-01
9.627795107122392171e-01
8.854918378810696655e-01
6.730858182757724073e-01
3.742780390009580183e-01
5.645944883301462491e-02
-2.183645325786419678e-01
-4.144982194747441895e-01
-5.328186521438713630e-01
-6.068416801247563663e-01
-6.863164630131280974e-01
-8.146789063548194321e-01
-1.008958604688092731e+00
-1.249828533557021837e+00
-1.485743205933662825e+00
-1.649899001231361462e+00
-1.683978045976838755e+00
-1.560054201720918243e+00
-1.292598688936341889e+00
-9.360300428933021610e-01
-5.684386315762682829e-01
-2.670961823435770710e-01
-8.432458690275179691e-02
-3.216740487261848802e-02
-8.112959284610596344e-02
-1.731822184881309790e-01
-2.441124859672034186e-01
-2.469936524152638313e-01
-1.682506426419738133e-01
-3.060406293157301796e-02
1.179460714257273835e-01
2.247736891762897316e-01
2.550383831284112057e-01
2.073285286950170281e-01
1.165049662883409498e-01
4.244176339246519269e-02
4.858904680052156255e-02
1.780971772502495942e-01
4.362405816243918877e-01
7.856886173387055416e-01
1.156579153592359965e+00
1.468024334023304789e+00
1.653553390593273775e+00
1.681574788745612059e+00
1.563737030406680661e+00
1.348430289306159269e+00
1.102012774901254932e+00
8.847248119841822911e-01
7.300816384697701444e-01
6.351561368483894521e-01
5.650887594596604169e-01
4.698894345095223635e-01
3.070563849047670546e-01
6.139093396289246884e-02
-2.455794652199120576e-01
-5.603234875327522957e-01
-8.146945603268359593e-01
-9.497920107725035255e-01
-9.376324086282762371e-01
-7.926573228884373767e-01
-5.687083879327494707e-01
-3.423159214817453888e-01
-1.880787003968585891e-01
-1.547665119454982308e-01
-2.505154114791943720e-01
-4.422034611165903129e-01
-6.689861824430066717e-01
-8.648936449365991486e-01
-9.821890368732222321e-01
-1.007020155150357033e+00
-9.618116406673679064e-01
-8.937731278368531429e-01
-8.540306320067880819e-01
-8.753467677211541620e-01
-9.569145130862266591e-01
-1.062099330043925427e+00
-1.130220337241570450e+00
-1.098253839398396714e+00
-9.246195726796320180e-01
-6.063393227610661684e-01
-1.831670658980055211e-01
2.730530185377348928e-01
6.802295741198899348e-01
9.714567986496605023e-01
1.115129503472232830e+00
1.122752851085695003e+00
1.041896135969695214e+00
9.370803875104625202e-01
8.656924360948257124e-01
8.577228075733609458e-01
9.066196638098238392e-01
9.743953341955590153e-01
1.008841190568773527e+00
9.662347902807311151e-01
8.308968009765690388e-01
6.241155528321301604e-01
3.988796945070685607e-01
2.221090975377877086e-01
1.507288015002076764e-01
2.102834255844036604e-01
3.839717528516012335e-01
6.162811719684285761e-01
8.301596487712011863e-01
9.517833769757848561e-01
9.342358060339617243e-01
7.718061528016665340e-01
5.000000000000005551e-01
1.814998875525292155e-01
-1.166509928823772357e-01
-3.462723355714558693e-01
-4.932697953789793033e-01
-5.794739490270661708e-01
-6.506845103264999874e-01
-7.556084140064489585e-01
-9.237392548629453914e-01
-1.150615178011001660e+00
-1.396170151185759378e+00
-1.597055505037690226e+00
-1.688625410976839269e+00
-1.628650567870902899e+00
-1.414082504573766164e+00
-1.084617541489441006e+00
-7.115293417936983111e-01
-3.755390354942375608e-01
-1.414453531433598754e-01
-3.840592181650887005e-02
-5.271962600491721107e-02
-1.354514329278368456e-01
-2.219052022767183385e-01
-2.557259733658466816e-01
-2.088328372938930144e-01
-9.001313058259449718e-02
6.075639069878997073e-02
1.899097626634277391e-01
2.530606178326102462e-01
2.342809832768116829e-01
1.545182072030403253e-01
6.578671786114675957e-02
3.303498057493944873e-02
1.101795020986934270e-01
3.190330121196909285e-01
6.389074682323374610e-01
1.010879314994789002e+00
1.355438835399791708e+00
1.597420627453851161e+00
1.689482947721624440e+00
1.625926518175216495e+00
1.442128162955734982e+00
1.200043592072234100e+00
9.652237101980927214e-01
7.837780048892921680e-01
6.676262136440098693e-01
5.932496164556643192e-01
5.141376335033882583e-01
3.820621756086742815e-01
1.690547822004089817e-01
-1.182982385079000276e-01
-4.377946253673999366e-01
-7.244517879746309452e-01
-9.127461270681545003e-01
-9.602292278585420338e-01
-8.638814745705711839e-01
-6.631058997892196327e-01
-4.280447606561717522e-01
-2.371834462399824983e-01
-1.520705403117707522e-01
-1.980234817778122325e-01
-3.575276538783782598e-01
-5.784593880177415492e-01
-7.939351683427580131e-01
-9.464466094067252033e-01
-1.007485623065065283e+00
-9.856172648320599139e-01
-9.202693258458323200e-01
-8.637956750546752493e-01
-8.586981750457048923e-01
-9.186760379092323570e-01
-1.020759134112096067e+00
-1.111689692960540654e+00
-1.126442380385076492e+00
-1.012247229634898105e+00
-7.493633718547557665e-01
-3.609262513289923646e-01
9.192479923377608331e-02
5.281456791769623127e-01
8.718531405576478432e-01
1.075582098269746156e+00
1.133612737903696654e+00
1.080828411542312129e+00
9.777747302531339946e-01
8.875321183833952965e-01
8.528940398000148804e-01
8.821203719751593564e-01
9.483015811790234117e-01
1.002314011681879613e+00
9.943223909373051228e-01
8.956316183502338601e-01
7.125599893187912759e-01
4.869477497284880330e-01
2.828520625121695442e-01
1.641050394383851141e-01
1.708473634650259920e-01
3.036330306480448105e-01
5.210443677803190399e-01
7.519198923007414104e-01
9.180366032004612098e-01
9.593156579336029610e-01
8.527085342575084770e-01
6.182014955977548354e-01
3.100196691554466533e-01
-3.570573532709064857e-03
-2.644032613032683554e-01
-4.437116880471715930e-01
-5.496730703398322593e-01
-6.206731182149882731e-01
-7.070512739327484697e-01
-8.483391669876261254e-01
-1.054665968631502082e+00
-1.299467143003371961e+00
-1.526459922843681705e+00
-1.668566725423034747e+00
-1.672010876337546748e+00
-1.516812478073316095e+00
-1.226114583075252673e+00
-8.607426410465740529e-01
-5.007035407984751219e-01
-2.200373860997550390e-01
-6.383356701800818600e-02
-3.544009869133460389e-02
-9.821636820357387831e-02
-1.909426894835800914e-01
-2.511094039691773583e-01
-2.375393037492509740e-01
-1.441501579649556164e-01
-1.175537131054141310e-15
1.441501579649532294e-01
2.375393037492484483e-01
2.511094039691746382e-01
1.909426894835773159e-01
9.821636820357129705e-02
3.544009869133241120e-02
6.383356701800435573e-02
2.200373860997520969e-01
5.007035407984765651e-01
8.607426410465743860e-01
1.226114583075253117e+00
1.516812478073316539e+00
1.672010876337547192e+00
1.668566725423034303e+00
1.526459922843681705e+00
1.299467143003371961e+00
1.054665968631502748e+00
8.483391669876292340e-01
7.070512739327525775e-01
6.206731182149873849e-01
5.496730703398343687e-01
4.437116880471737579e-01
2.644032613032703538e-01
3.570573532714421683e-03
-3.100196691554484296e-01
-6.182014955977528370e-01
-8.527085342575062565e-01
-9.593156579336004075e-01
-9.180366032004551036e-01
-7.519198923007412994e-01
-5.210443677803188178e-01
-3.036330306480423125e-01
-1.708473634650240491e-01
-1.641050394383838373e-01
-2.828520625121675458e-01
-4.869477497284889767e-01
-7.125599893187912759e-01
-8.956316183502341932e-01
-9.943223909373055669e-01
-1.002314011681880723e+00
-9.483015811790228566e-01
-8.821203719751586902e-01
-8.528940398000162126e-01
-8.875321183833972949e-01
-9.777747302531388796e-01
-1.080828411542317458e+00
-1.133612737903696210e+00
-1.075582098269748377e+00
-8.718531405576533944e-01
-5.281456791769574277e-01
-9.192479923378099604e-02
3.609262513289943630e-01
7.493633718547575429e-01
1.012247229634894552e+00
1.126442380385072495e+00
1.111689692960535103e+00
1.020759134112090960e+00
9.186760379092364648e-01
8.586981750457007845e-01
8.637956750546740281e-01
9.202693258458313208e-01
9.856172648320581375e-01
1.007485623065064617e+00
9.464466094067247592e-01
7.939351683427575690e-01
5.784593880177414382e-01
3.575276538783835334e-01
1.980234817778137868e-01
1.520705403117704191e-01
2.371834462399849408e-01
4.280447606561671448e-01
6.631058997892305129e-01
8.638814745705775122e-01
9.602292278585413676e-01
9.127461270681569427e-01
7.244517879746301681e-01
4.377946253673973276e-01
1.182982385079054122e-01
-1.690547822004104805e-01
-3.820621756086742260e-01
-5.141376335033860379e-01
-5.932496164556623208e-01
-6.676262136440080930e-01
-7.837780048892869500e-01
-9.652237101980971623e-01
-1.200043592072233656e+00
-1.442128162955734760e+00
-1.625926518175213609e+00
-1.689482947721623551e+00
-1.597420627453846498e+00
-1.355438835399790598e+00
-1.010879314994788780e+00
-6.389074682323445664e-01
-3.190330121196885971e-01
-1.101795020986968687e-01
-3.303498057493892137e-02
-6.578671786114526077e-02
-1.545182072030477360e-01
-2.342809832768143474e-01
-2.530606178326162969e-01
-1.899097626634262681e-01
-6.075639069878818743e-02
9.001313058259259592e-02
2.088328372938905164e-01
2.557259733658406309e-01
2.219052022767165622e-01
1.354514329278326268e-01
5.271962600491482409e-02
3.840592181650703818e-02
1.414453531433565447e-01
3.755390354942407805e-01
7.115293417936996434e-01
1.084617541489442338e+00
1.414082504573760612e+00
1.628650567870906229e+00
1.688625410976839714e+00
1.597055505037691114e+00
1.396170151185758268e+00
1.150615178011006545e+00
9.237392548629430600e-01
7.556084140064505128e-01
6.506845103265045394e-01
5.794739490270648385e-01
4.932697953789813572e-01
3.462723355714579232e-01
1.166509928823808717e-01
-1.814998875525211108e-01
-4.999999999999907851e-01
-7.718061528016686434e-01
-9.342358060339609471e-01
-9.517833769757819695e-01
-8.301596487712030736e-01
-6.162811719684148093e-01
-3.839717528516010114e-01
-2.102834255844025502e-01
-1.507288015002075654e-01
-2.221090975377878196e-01
-3.988796945070677280e-01
-6.241155528321309376e-01
-8.308968009765657081e-01
-9.662347902807294497e-01
-1.008841190568774415e+00
-9.743953341955601255e-01
-9.066196638098259486e-01
-8.577228075733598356e-01
-8.656924360948290431e-01
-9.370803875104646297e-01
-1.041896135969699433e+00
-1.122752851085695447e+00
-1.115129503472232830e+00
-9.714567986496607244e-01
-6.802295741198917112e-01
-2.730530185377399999e-01
1.831670658979946964e-01
6.063393227610640590e-01
9.246195726796317960e-01
1.098253839398396048e+00
1.130220337241571116e+00
1.062099330043919210e+00
9.569145130862217741e-01
8.753467677211544951e-01
8.540306320067883039e-01
8.937731278368522547e-01
9.618116406673662411e-01
1.007020155150356366e+00
9.821890368732191234e-01
8.648936449366022572e-01
6.689861824430037851e-01
4.422034611165989171e-01
2.505154114791970366e-01
1.547665119455022276e-01
1.880787003968522053e-01
3.423159214817501628e-01
5.687083879327680114e-01
7.926573228884384870e-01
9.376324086282854520e-01
9.497920107725077443e-01
8.146945603268364033e-01
5.603234875327464115e-01
2.455794652199184136e-01
-6.139093396289080351e-02
-3.070563849047575067e-01
-4.698894345095231406e-01
-5.650887594596590846e-01
-6.351561368483881198e-01
-7.300816384697678130e-01
-8.847248119841858438e-01
-1.102012774901254044e+00
-1.348430289306163932e+00
-1.563737030406675332e+00
-1.681574788745611837e+00
-1.653553390593269778e+00
-1.468024334023310562e+00
-1.156579153592355080e+00
-7.856886173387199745e-01
-4.362405816243952184e-01
-1.780971772502482064e-01
-4.858904680052433811e-02
-4.244176339246646945e-02
-1.165049662883512194e-01
-2.073285286950168615e-01
-2.550383831284177005e-01
-2.247736891762922851e-01
-1.179460714257333370e-01
3.060406293157435717e-02
1.682506426419723977e-01
2.469936524152602786e-01
2.441124859672061387e-01
1.731822184881270099e-01
8.112959284610105071e-02
3.216740487262040316e-02
8.432458690275113078e-02
2.670961823435833993e-01
5.684386315762621766e-01
9.360300428933092665e-01
1.292598688936332341e+00
1.560054201720918687e+00
1.683978045976840532e+00
1.649899001231364126e+00
1.485743205933661715e+00
1.249828533557029164e+00
1.008958604688093619e+00
8.146789063548182108e-01
6.863164630131307620e-01
6.068416801247602521e-01
5.328186521438771361e-01
4.144982194747449666e-01
2.183645325786401914e-01
-5.645944883300596517e-02
-3.742780390009544100e-01
-6.730858182757724073e-01
-8.854918378810693325e-01
-9.627795107122365525e-01
-8.933230177017867923e-01
-7.085312136736939825e-01
-4.739426437596120922e-01
-2.684350353942284162e-01
-1.587986222505584633e-01
-1.785958744360964245e-01
-3.186818626001418631e-01
-5.325529528413264213e-01
-7.543569697194965062e-01
-9.228744818140879325e-01
-1.002709733880094323e+00
-9.950564747945757071e-01
-9.343072046462467251e-01
-8.720207347503159401e-01
-8.544306702633979178e-01
-9.020582725728496509e-01
-9.992161644867680881e-01
-1.097538752791924699e+00
-1.132486754666609752e+00
-1.046946308578067475e+00
-8.133474951670880415e-01
-4.461561072841945252e-01
-1.368880900244047044e-15
4.461561072841916387e-01
8.133474951670844888e-01
1.046946308578063256e+00
1.132486754666604645e+00
1.097538752791919592e+00
9.992161644867630921e-01
9.020582725728454321e-01
8.544306702633948092e-01
8.720207347503137196e-01
9.343072046462451707e-01
9.950564747945747079e-01
1.002709733880093435e+00
9.228744818140872663e-01
7.543569697194969503e-01
5.325529528413284197e-01
3.186818626001456378e-01
1.785958744360951478e-01
1.587986222505579081e-01
2.684350353942285827e-01
4.739426437596179764e-01
7.085312136737001998e-01
8.933230177017928986e-01
9.627795107122418816e-01
8.854918378810739954e-01
6.730858182757833985e-01
3.742780390009651237e-01
5.645944883301659556e-02
-2.183645325786431335e-01
-4.144982194747473536e-01
-5.328186521438729173e-01
-6.068416801247561443e-01
-6.863164630131273203e-01
-8.146789063548155463e-01
-1.008958604688092064e+00
-1.249828533557028498e+00
-1.485743205933659494e+00
-1.649899001231362350e+00
-1.683978045976839866e+00
-1.560054201720917355e+00
-1.292598688936330120e+00
-9.360300428933087113e-01
-5.684386315762625097e-01
-2.670961823435847871e-01
-8.432458690275401736e-02
-3.216740487262453874e-02
-8.112959284610611610e-02
-1.731822184881387228e-01
-2.441124859672182956e-01
-2.469936524152723800e-01
-1.682506426419702883e-01
-3.060406293157195631e-02
1.179460714257285076e-01
2.247736891762872891e-01
2.550383831284122049e-01
2.073285286950112827e-01
1.165049662883458625e-01
4.244176339246183427e-02
4.858904680051617797e-02
1.780971772502421002e-01
4.362405816243978274e-01
7.856886173387229721e-01
1.156579153592357745e+00
1.468024334023311450e+00
1.653553390593270445e+00
1.681574788745612281e+00
1.563737030406675554e+00
1.348430289306164376e+00
1.102012774901255154e+00
8.847248119841919500e-01
7.300816384697755845e-01
6.351561368483865655e-01
5.650887594596574193e-01
4.698894345095212532e-01
3.070563849047616145e-01
6.139093396289452276e-02
-2.455794652199148886e-01
-5.603234875327426368e-01
-8.146945603268320735e-01
-9.497920107724957539e-01
-9.376324086282730175e-01
-7.926573228884261635e-01
-5.687083879327676783e-01
-3.423159214817499407e-01
-1.880787003968525384e-01
-1.547665119454995075e-01
-2.505154114791956488e-01
-4.422034611165985285e-01
-6.689861824430040071e-01
-8.648936449366029233e-01
-9.821890368732202337e-01
-1.007020155150358365e+00
-9.618116406673694607e-01
-8.937731278368514776e-01
-8.540306320067876378e-01
-8.753467677211479447e-01
-9.569145130862264370e-01
-1.062099330043933199e+00
-1.130220337241569784e+00
-1.098253839398400711e+00
-9.246195726796294645e-01
-6.063393227610742731e-01
-1.831670658980045496e-01
2.730530185377151309e-01
6.802295741198953749e-01
9.714567986496682739e-01
1.115129503472234607e+00
1.122752851085690562e+00
1.041896135969703208e+00
9.370803875104600777e-01
8.656924360948201613e-01
8.577228075733587254e-01
9.066196638098215077e-01
9.743953341955582381e-01
1.008841190568772417e+00
9.662347902807288946e-01
8.308968009765720364e-01
6.241155528321291612e-01
3.988796945070603450e-01
2.221090975377895405e-01
1.507288015002106185e-01
2.102834255843975542e-01
3.839717528516065626e-01
6.162811719684424538e-01
8.301596487712021855e-01
9.517833769757941820e-01
9.342358060339601700e-01
7.718061528016658679e-01
4.999999999999945044e-01
1.814998875525338229e-01
-1.166509928823770970e-01
-3.462723355714572016e-01
-4.932697953789770828e-01
-5.794739490270605087e-01
-6.506845103264959906e-01
-7.556084140064428523e-01
-9.237392548629437261e-01
-1.150615178011000328e+00
-1.396170151185760488e+00
-1.597055505037696888e+00
-1.688625410976839269e+00
-1.628650567870899346e+00
-1.414082504573771715e+00
-1.084617541489441672e+00
-7.115293417936847664e-01
-3.755390354942452213e-01
-1.414453531433629840e-01
-3.840592181651339421e-02
-5.271962600491404694e-02
-1.354514329278412310e-01
-2.219052022767137866e-01
-2.557259733658460710e-01
-2.088328372938970945e-01
-9.001313058259735600e-02
6.075639069878468329e-02
1.899097626634221880e-01
2.530606178326042510e-01
2.342809832767945855e-01
1.545182072030483189e-01
6.578671786114598241e-02
3.303498057494330675e-02
1.101795020986943152e-01
3.190330121196969793e-01
6.389074682323302445e-01
1.010879314994789446e+00
1.355438835399804587e+00
1.597420627453847608e+00
1.689482947721625550e+00
1.625926518175220492e+00
1.442128162955732984e+00
1.200043592072222332e+00
9.652237101980950529e-01
7.837780048892897256e-01
6.676262136440114237e-01
5.932496164556664286e-01
5.141376335033905898e-01
3.820621756086810539e-01
1.690547822004143663e-01
-1.182982385079036358e-01
-4.377946253673865584e-01
-7.244517879746388278e-01
-9.127461270681589411e-01
-9.602292278585424778e-01
-8.638814745705588605e-01
-6.631058997892244067e-01
-4.280447606561614271e-01
-2.371834462399906585e-01
-1.520705403117669774e-01
-1.980234817778107892e-01
-3.575276538783729863e-01
-5.784593880177398839e-01
-7.939351683427673390e-01
-9.464466094067254254e-01
-1.007485623065065949e+00
-9.856172648320602470e-01
-9.202693258458330972e-01
-8.637956750546774698e-01
-8.586981750457045592e-01
-9.186760379092405726e-01
-1.020759134112091848e+00
-1.111689692960546427e+00
-1.126442380385086706e+00
-1.012247229634895218e+00
-7.493633718547541012e-01
-3.609262513289758223e-01
9.192479923377826212e-02
5.281456791769671977e-01
8.718531405576424032e-01
1.075582098269743936e+00
1.133612737903685996e+00
1.080828411542306799e+00
9.777747302531291096e-01
8.875321183833956296e-01
8.528940398000171008e-01
8.821203719751598005e-01
9.483015811790224125e-01
1.002314011681879835e+00
9.943223909373020142e-01
8.956316183502335271e-01
7.125599893187821721e-01
4.869477497284980250e-01
2.828520625121715426e-01
1.641050394383901656e-01
1.708473634650324868e-01
3.036330306480424790e-01
5.210443677803037188e-01
7.519198923007412994e-01
9.180366032004712018e-01
9.593156579336015177e-01
8.527085342575106974e-01
6.182014955977492843e-01
3.100196691554520378e-01
-3.570573532711784903e-03
-2.644032613032546997e-01
-4.437116880471630997e-01
-5.496730703398350348e-01
-6.206731182149888282e-01
-7.070512739327493579e-01
-8.483391669876223506e-01
-1.054665968631501416e+00
-1.299467143003380842e+00
-1.526459922843673933e+00
-1.668566725423033859e+00
-1.672010876337542529e+00
-1.516812478073316539e+00
-1.226114583075239128e+00
-8.607426410465869315e-01
-5.007035407984737896e-01
-2.200373860997468234e-01
-6.383356701800746436e-02
-3.544009869133671331e-02
-9.821636820356774433e-02
-1.909426894835859756e-01
-2.511094039691899593e-01
-2.375393037492540826e-01
-1.441501579649650810e-01
-1.205312422228362506e-14
1.441501579649578646e-01
2.375393037492463388e-01
2.511094039691816882e-01
1.909426894835776767e-01
9.821636820355991726e-02
3.544009869133016299e-02
6.383356701800280142e-02
2.200373860997441589e-01
5.007035407984730124e-01
8.607426410465878197e-01
1.226114583075240461e+00
1.516812478073317871e+00
1.672010876337543639e+00
1.668566725423034525e+00
1.526459922843674377e+00
1.299467143003381953e+00
1.054665968631503192e+00
8.483391669876256813e-01
7.070512739327543539e-01
6.206731182149949344e-01
5.496730703398413631e-01
4.437116880471694280e-01
2.644032613032606949e-01
3.570573532717336018e-03
-3.100196691554465978e-01
-6.182014955977434001e-01
-8.527085342575040361e-01
-9.593156579335937462e-01
-9.180366032004624310e-01
-7.519198923007319735e-01
-5.210443677802947260e-01
-3.036330306480347074e-01
-1.708473634650264361e-01
-1.641050394383863908e-01
-2.828520625121697663e-01
-4.869477497284977474e-01
-7.125599893187828382e-01
-8.956316183502344153e-01
-9.943223909373031244e-01
-1.002314011681881167e+00
-9.483015811790242999e-01
-8.821203719751627981e-01
-8.528940398000215417e-01
-8.875321183834017358e-01
-9.777747302531362150e-01
-1.080828411542314571e+00
-1.133612737903693546e+00
-1.075582098269750819e+00
-8.718531405576477322e-01
-5.281456791769718606e-01
-9.192479923378238382e-02
3.609262513289714924e-01
7.493633718547488831e-01
1.012247229634889001e+00
1.126442380385079378e+00
1.111689692960538434e+00
1.020759134112084521e+00
9.186760379092343554e-01
8.586981750456992302e-01
8.637956750546736950e-01
9.202693258458305436e-01
9.856172648320586926e-01
1.007485623065064617e+00
9.464466094067243151e-01
7.939351683427665618e-01
5.784593880177397729e-01
3.575276538783886404e-01
1.980234817778137035e-01
1.520705403117720289e-01
2.371834462399978194e-01
4.280447606561996188e-01
6.631058997892027573e-01
8.638814745705680753e-01
9.602292278585509155e-01
9.127461270681661576e-01
7.244517879746333877e-01
4.377946253674098731e-01
1.182982385079090482e-01
-1.690547822004086487e-01
-3.820621756086747256e-01
-5.141376335033833733e-01
-5.932496164556630980e-01
-6.676262136440062056e-01
-7.837780048892857288e-01
-9.652237101980924994e-01
-1.200043592072239207e+00
-1.442128162955749637e+00
-1.625926518175210278e+00
-1.689482947721624662e+00
-1.597420627453846276e+00
-1.355438835399776831e+00
-1.010879314994757250e+00
-6.389074682323588883e-01
-3.190330121196988666e-01
-1.101795020986982565e-01
-3.303498057494932971e-02
-6.578671786116907505e-02
-1.545182072030380493e-01
-2.342809832768029676e-01
-2.530606178326121891e-01
-1.899097626634296543e-01
-6.075639069878933235e-02
9.001313058258827993e-02
2.088328372938895727e-01
2.557259733658379108e-01
2.219052022767055155e-01
1.354514329278145301e-01
5.271962600492112461e-02
3.840592181651220072e-02
1.414453531433596534e-01
3.755390354942436670e-01
7.115293417937147424e-01
1.084617541489473425e+00
1.414082504573748844e+00
1.628650567870900456e+00
1.688625410976839714e+00
1.597055505037685341e+00
1.396170151185743169e+00
1.150615178011018980e+00
9.237392548629463906e-01
7.556084140064471821e-01
6.506845103265015418e-01
5.794739490270697235e-01
4.932697953789836887e-01
3.462723355714632523e-01
1.166509928823827591e-01
-1.814998875525284661e-01
-5.000000000000059952e-01
-7.718061528016498807e-01
-9.342358060339528425e-01
-9.517833769757857443e-01
-8.301596487711930816e-01
-6.162811719684018197e-01
-3.839717528516265466e-01
-2.102834255844097111e-01
-1.507288015002059556e-01
-2.221090975377869592e-01
-3.988796945070752775e-01
-6.241155528321480350e-01
-8.308968009765576035e-01
-9.662347902807300049e-01
-1.008841190568773749e+00
-9.743953341955575720e-01
-9.066196638098222849e-01
-8.577228075733593915e-01
-8.656924360948256014e-01
-9.370803875104669611e-01
-1.041896135969710979e+00
-1.122752851085712100e+00
-1.115129503472237937e+00
-9.714567986496742691e-01
-6.802295741199002599e-01
-2.730530185377193497e-01
1.831670658980310562e-01
6.063393227610454073e-01
9.246195726796238024e-01
1.098253839398393827e+00
1.130220337241562456e+00
1.062099330043907441e+00
9.569145130862367621e-01
8.753467677211540510e-01
8.540306320067831969e-01
8.937731278368485910e-01
9.618116406673703489e-01
1.007020155150356810e+00
9.821890368732261178e-01
8.648936449366018131e-01
6.689861824430035631e-01
4.422034611165822637e-01
2.505154114791885434e-01
1.547665119455007288e-01
1.880787003968589222e-01
3.423159214817580454e-01
5.687083879327768932e-01
7.926573228884634670e-01
9.376324086282634696e-01
9.497920107725034145e-01
8.146945603268385128e-01
5.603234875327482989e-01
2.455794652199017325e-01
-6.139093396287376159e-02
-3.070563849047554528e-01
-4.698894345095147029e-01
-5.650887594596510910e-01
-6.351561368483791270e-01
-7.300816384697674799e-01
-8.847248119841779612e-01
-1.102012774901253378e+00
-1.348430289306163710e+00
-1.563737030406688655e+00
-1.681574788745614946e+00
-1.653553390593279326e+00
-1.468024334023310118e+00
-1.156579153592356635e+00
-7.856886173386918859e-01
-4.362405816243751788e-01
-1.780971772502567552e-01
-4.858904680052122949e-02
-4.244176339246866214e-02
-1.165049662883538006e-01
-2.073285286950370121e-01
-2.550383831284086522e-01
-2.247736891762948663e-01
-1.179460714257356962e-01
3.060406293156489599e-02
1.682506426419622669e-01
2.469936524152718249e-01
2.441124859672099690e-01
1.731822184881304794e-01
8.112959284609852495e-02
3.216740487260949521e-02
8.432458690274619029e-02
2.670961823435658022e-01
5.684386315762621766e-01
9.360300428933094885e-01
1.292598688936359208e+00
1.560054201720936673e+00
1.683978045976836091e+00
1.649899001231363016e+00
1.485743205933659938e+00
1.249828533557011179e+00
1.008958604688079408e+00
8.146789063548272036e-01
6.863164630131324273e-01
6.068416801247623615e-01
5.328186521438792456e-01
4.144982194747497406e-01
2.183645325786601754e-01
-5.645944883301112771e-02
-3.742780390009597391e-01
-6.730858182757772923e-01
-8.854918378810697766e-01
-9.627795107122444351e-01
-8.933230177017837947e-01
-7.085312136736907629e-01
-4.739426437596090946e-01
-2.684350353941977740e-01
-1.587986222505634593e-01
-1.785958744360894856e-01
-3.186818626001440835e-01
-5.325529528413284197e-01
-7.543569697195149359e-01
-9.228744818140997008e-01
-1.002709733880090548e+00
-9.950564747945761512e-01
-9.343072046462473912e-01
-8.720207347503177164e-01
-8.544306702634113515e-01
-9.020582725728416573e-01
-9.992161644867757486e-01
-1.097538752791921368e+00
-1.132486754666605755e+00
-1.046946308578059037e+00
-8.133474951671071373e-01
-4.461561072841960796e-01
