0.000000000000000000e+00
6.512905473392917033e-01
1.086798616506608806e+00
1.194273615762841967e+00
1.013723133077305771e+00
7.061073738537635425e-01
4.599128909308091706e-01
3.868530316239396916e-01
4.634403087100456009e-01
5.498938314258049465e-01
4.755282581475768766e-01
1.433965318580627257e-01
-4.037229759501343995e-01
-9.930792707172865219e-01
-1.403470042528162987e+00
-1.475528258147577265e+00
-1.191933353346011693e+00
-6.846720507925196930e-01
-1.656212895414648223e-01
1.821266309893967983e-01
2.938926261462365686e-01
2.463503775927965433e-01
2.025286309045789546e-01
3.100036301608113387e-01
6.087829633308095012e-01
9.999999999999996669e-01
1.293330069259496895e+00
1.308030358589083342e+00
9.730418736803689850e-01
3.716836111570999690e-01
-2.938926261462344036e-01
-8.001606197392912012e-01
-1.009949215043481008e+00
-9.333619379573770969e-01
-7.101796792442964801e-01
-5.244717418524234009e-01
-4.986429900621437983e-01
-6.249547180326058271e-01
-7.718475286348109865e-01
-7.614305206079567956e-01
-4.755282581475774872e-01
6.814015732409015036e-02
7.121301958749002292e-01
1.231180957125955766e+00
1.442200141659498058e+00
1.293892626146240010e+00
8.883898995130043996e-01
4.237603729870540459e-01
8.877188807833635842e-02
-3.325655858939963183e-02
-1.898821519314985613e-15
3.325655858939630116e-02
-8.877188807833980011e-02
-4.237603729870512148e-01
-8.883898995129990706e-01
-1.293892626146235791e+00
-1.442200141659497614e+00
-1.231180957125955100e+00
-7.121301958749012284e-01
-6.814015732409076098e-02
4.755282581475747117e-01
7.614305206079594601e-01
7.718475286348129849e-01
6.249547180326124884e-01
4.986429900621445754e-01
5.244717418524229569e-01
7.101796792442923723e-01
9.333619379573726560e-01
1.009949215043478343e+00
8.001606197392914233e-01
2.938926261462346812e-01
-3.716836111571008017e-01
-9.730418736803709834e-01
-1.308030358589082010e+00
-1.293330069259502002e+00
-1.000000000000004663e+00
-6.087829633308119437e-01
-3.100036301608114497e-01
-2.025286309045767341e-01
-2.463503775927919914e-01
-2.938926261462366241e-01
-1.821266309893955215e-01
1.656212895414665431e-01
6.846720507925200261e-01
1.191933353346009694e+00
1.475528258147575267e+00
1.403470042528162320e+00
9.930792707172857448e-01
4.037229759501388959e-01
-1.433965318580568971e-01
-4.755282581475782644e-01
-5.498938314258087212e-01
-4.634403087100502638e-01
-3.868530316239444100e-01
-4.599128909308083379e-01
-7.061073738537594346e-01
-1.013723133077304883e+00
-1.194273615762840413e+00
-1.086798616506607251e+00
-6.512905473392907041e-01
8.584907206763241201e-16
6.512905473392895939e-01
1.086798616506611026e+00
1.194273615762844853e+00
1.013723133077310434e+00
7.061073738537675393e-01
4.599128909308098923e-01
3.868530316239404687e-01
4.634403087100425478e-01
5.498938314257988402e-01
4.755282581475740455e-01
1.433965318580601167e-01
-4.037229759501275161e-01
-9.930792707172857448e-01
-1.403470042528162764e+00
-1.475528258147578375e+00
-1.191933353346011915e+00
-6.846720507925221355e-01
-1.656212895414662656e-01
1.821266309894005175e-01
2.938926261462422862e-01
2.463503775927994854e-01
2.025286309045840616e-01
3.100036301608091738e-01
6.087829633308063926e-01
9.999999999999945599e-01
1.293330069259491788e+00
1.308030358589080899e+00
9.730418736803719826e-01
3.716836111571061863e-01
-2.938926261462369571e-01
-8.001606197392945319e-01
-1.009949215043488557e+00
-9.333619379573760977e-01
-7.101796792442995887e-01
-5.244717418524249553e-01
-4.986429900621418554e-01
-6.249547180326058271e-01
-7.718475286348061015e-01
-7.614305206079536870e-01
-4.755282581475720471e-01
6.814015732409289816e-02
7.121301958749026717e-01
1.231180957125956432e+00
1.442200141659498946e+00
1.293892626146246894e+00
8.883898995130108389e-01
4.237603729870613178e-01
8.877188807833802375e-02
-3.325655858940212983e-02
-1.102553507614570823e-14
3.325655858939202680e-02
-8.877188807833619189e-02
-4.237603729870472180e-01
-8.883898995129912990e-01
-1.293892626146231795e+00
-1.442200141659497170e+00
-1.231180957125956654e+00
-7.121301958749042260e-01
-6.814015732409300918e-02
4.755282581475741011e-01
7.614305206079589050e-01
7.718475286348195352e-01
6.249547180326119333e-01
4.986429900621470734e-01
5.244717418524214025e-01
7.101796792442945927e-01
9.333619379573697694e-01
1.009949215043473680e+00
8.001606197392854281e-01
2.938926261462428968e-01
-3.716836111570980261e-01
-9.730418736803718716e-01
-1.308030358589087783e+00
-1.293330069259503556e+00
-9.999999999999990008e-01
-6.087829633308159405e-01
-3.100036301608130040e-01
-2.025286309045751798e-01
-2.463503775927915473e-01
-2.938926261462251333e-01
-1.821266309893950774e-01
1.656212895414629904e-01
6.846720507925019295e-01
1.191933353346000590e+00
1.475528258147574823e+00
1.403470042528169648e+00
9.930792707172945155e-01
4.037229759501412829e-01
-1.433965318580615600e-01
-4.755282581475810399e-01
-5.498938314258122739e-01
-4.634403087100495977e-01
-3.868530316239445210e-01
-4.599128909308088375e-01
-7.061073738537639866e-01
-1.013723133077295779e+00
-1.194273615762835972e+00
-1.086798616506607917e+00
-6.512905473392947009e-01
1.716981441352648240e-15
6.512905473392993638e-01
1.086798616506609250e+00
1.194273615762845075e+00
1.013723133077304439e+00
7.061073738537687605e-01
4.599128909308070612e-01
3.868530316239358058e-01
4.634403087100306129e-01
5.498938314257925120e-01
4.755282581475726578e-01
1.433965318580619486e-01
-4.037229759501243520e-01
-9.930792707172728662e-01
-1.403470042528159434e+00
-1.475528258147581040e+00
-1.191933353346019908e+00
-6.846720507925242449e-01
-1.656212895414719832e-01
1.821266309894009616e-01
2.938926261462435630e-01
2.463503775928135298e-01
2.025286309045897792e-01
3.100036301608088407e-01
6.087829633307998423e-01
9.999999999999931166e-01
1.293330069259496229e+00
1.308030358589080899e+00
9.730418736803680968e-01
3.716836111570949730e-01
-2.938926261462359024e-01
-8.001606197392998610e-01
-1.009949215043478565e+00
-9.333619379573836472e-01
-7.101796792443003659e-01
-5.244717418524231789e-01
-4.986429900621386357e-01
-6.249547180326010531e-01
-7.718475286348065456e-01
-7.614305206079445831e-01
-4.755282581475852033e-01
6.814015732407743831e-02
7.121301958748933458e-01
1.231180957125947106e+00
1.442200141659501611e+00
1.293892626146242453e+00
8.883898995130198317e-01
4.237603729870629277e-01
8.877188807833941153e-02
-3.325655858940718135e-02
-1.127046443597517853e-14
3.325655858939052800e-02
-8.877188807834152096e-02
-4.237603729870497160e-01
-8.883898995129986265e-01
-1.293892626146224911e+00
-1.442200141659497170e+00
-1.231180957125958209e+00
-7.121301958749135519e-01
-6.814015732409545167e-02
4.755282581475795411e-01
7.614305206079681199e-01
7.718475286348256414e-01
6.249547180326167073e-01
4.986429900621525135e-01
5.244717418524209585e-01
7.101796792442937045e-01
9.333619379573622199e-01
1.009949215043473902e+00
8.001606197392867603e-01
2.938926261462381784e-01
-3.716836111571021339e-01
-9.730418736803757573e-01
-1.308030358589091335e+00
-1.293330069259502002e+00
-1.000000000000000444e+00
-6.087829633308151633e-01
-3.100036301608087297e-01
-2.025286309045727373e-01
-2.463503775927777251e-01
-2.938926261462224687e-01
-1.821266309893851965e-01
1.656212895414726494e-01
6.846720507925261323e-01
1.191933353346013691e+00
1.475528258147578820e+00
1.403470042528162320e+00
9.930792707172791944e-01
4.037229759501188564e-01
-1.433965318580536774e-01
-4.755282581475847037e-01
-5.498938314258112747e-01
-4.634403087100522622e-01
-3.868530316239480182e-01
-4.599128909308032309e-01
-7.061073738537513300e-01
-1.013723133077282679e+00
-1.194273615762830865e+00
-1.086798616506609916e+00
-6.512905473393073574e-01
-1.518809623197353426e-14
6.512905473392731626e-01
1.086798616506601700e+00
1.194273615762850405e+00
1.013723133077317318e+00
7.061073738537814171e-01
4.599128909308125568e-01
3.868530316239324196e-01
4.634403087100221752e-01
5.498938314257856286e-01
4.755282581475662740e-01
1.433965318580765480e-01
-4.037229759501161919e-01
-9.930792707172749756e-01
-1.403470042528160766e+00
-1.475528258147581484e+00
-1.191933353346019242e+00
-6.846720507925222465e-01
-1.656212895414679864e-01
1.821266309894068458e-01
2.938926261462364020e-01
2.463503775928071182e-01
2.025286309045839506e-01
3.100036301608121714e-01
6.087829633308005084e-01
9.999999999999916733e-01
1.293330069259493342e+00
1.308030358589077569e+00
9.730418736803644331e-01
3.716836111570908652e-01
-2.938926261462264100e-01
-8.001606197392916453e-01
-1.009949215043484116e+00
-9.333619379573885322e-01
-7.101796792443035855e-01
-5.244717418524236230e-01
-4.986429900621361377e-01
-6.249547180325962792e-01
-7.718475286348004394e-01
-7.614305206079517996e-01
-4.755282581475797632e-01
6.814015732409423043e-02
7.121301958748967875e-01
1.231180957125949771e+00
1.442200141659500945e+00
1.293892626146243563e+00
8.883898995130150578e-01
4.237603729870429992e-01
8.877188807832309125e-02
-3.325655858939308152e-02
-4.409966438203647755e-15
3.325655858938386666e-02
-8.877188807833485962e-02
-4.237603729870348390e-01
-8.883898995129664300e-01
-1.293892626146223801e+00
-1.442200141659496726e+00
-1.231180957125979081e+00
-7.121301958749216565e-01
-6.814015732411707327e-02
4.755282581475619996e-01
7.614305206079607924e-01
7.718475286348336351e-01
6.249547180326395779e-01
4.986429900621505706e-01
5.244717418524160735e-01
7.101796792442700568e-01
9.333619379573656616e-01
1.009949215043472348e+00
8.001606197393003050e-01
2.938926261462477263e-01
-3.716836111570786527e-01
-9.730418736803498891e-01
-1.308030358589086450e+00
-1.293330069259515103e+00
-1.000000000000030420e+00
-6.087829633308188271e-01
-3.100036301608146139e-01
-2.025286309045785660e-01
-2.463503775927842199e-01
-2.938926261462180833e-01
-1.821266309893928015e-01
1.656212895414652109e-01
6.846720507925060373e-01
1.191933353346014135e+00
1.475528258147573935e+00
1.403470042528171646e+00
9.930792707172854117e-01
4.037229759501402282e-01
-1.433965318580586734e-01
-4.755282581475822612e-01
-5.498938314258192683e-01
-4.634403087100699148e-01
-3.868530316239453537e-01
-4.599128909308118351e-01
-7.061073738537501088e-01
-1.013723133077307770e+00
-1.194273615762835528e+00
-1.086798616506605253e+00
-6.512905473392820443e-01
3.433962882705296480e-15
6.512905473392912592e-01
1.086798616506619686e+00
1.194273615762853957e+00
1.013723133077320648e+00
7.061073738537596567e-01
4.599128909308083935e-01
3.868530316239280897e-01
4.634403087100434915e-01
5.498938314258047244e-01
4.755282581475599457e-01
1.433965318580594506e-01
-4.037229759501442805e-01
-9.930792707172770850e-01
-1.403470042528172312e+00
-1.475528258147577709e+00
-1.191933353346014357e+00
-6.846720507925507793e-01
-1.656212895414830300e-01
1.821266309893856405e-01
2.938926261462549983e-01
2.463503775928147510e-01
2.025286309045896127e-01
3.100036301608063427e-01
6.087829633307908495e-01
9.999999999999902300e-01
1.293330069259488901e+00
1.308030358589081343e+00
9.730418736803836399e-01
3.716836111571143464e-01
-2.938926261462053713e-01
-8.001606197392969744e-01
-1.009949215043485893e+00
-9.333619379574071839e-01
-7.101796792443021422e-01
-5.244717418524285080e-01
-4.986429900621320299e-01
-6.249547180326080476e-01
-7.718475286347925568e-01
-7.614305206079530208e-01
-4.755282581475699377e-01
6.814015732407255332e-02
7.121301958748863514e-01
1.231180957125951769e+00
1.442200141659505608e+00
1.293892626146256219e+00
8.883898995130092846e-01
4.237603729870578761e-01
8.877188807834029971e-02
-3.325655858941012344e-02
-1.176032315563412070e-14
3.325655858936682474e-02
-8.877188807833880091e-02
-4.237603729870548230e-01
-8.883898995129809739e-01
-1.293892626146234015e+00
-1.442200141659492951e+00
-1.231180957125968867e+00
-7.121301958748930128e-01
-6.814015732410036441e-02
4.755282581475860360e-01
7.614305206079610144e-01
7.718475286348379649e-01
6.249547180326313622e-01
4.986429900621425770e-01
5.244717418524200703e-01
7.101796792442793826e-01
9.333619379573663277e-01
1.009949215043474346e+00
8.001606197392787667e-01
2.938926261462315170e-01
-3.716836111571104051e-01
-9.730418736803628788e-01
-1.308030358589097553e+00
-1.293330069259507775e+00
-1.000000000000017542e+00
-6.087829633308032840e-01
-3.100036301608103950e-01
-2.025286309045522537e-01
-2.463503775927912420e-01
-2.938926261462137535e-01
-1.821266309894112867e-01
1.656212895414500008e-01
6.846720507924776156e-01
1.191933353345997926e+00
1.475528258147569050e+00
1.403470042528176309e+00
9.930792707173048406e-01
4.037229759501500537e-01
-1.433965318580440740e-01
-4.755282581475929748e-01
-5.498938314258250415e-01
-4.634403087100668617e-01
-3.868530316239489064e-01
-4.599128909308020097e-01
-7.061073738537374522e-01
-1.013723133077294669e+00
-1.194273615762821983e+00
-1.086798616506612802e+00
-6.512905473392879285e-01
-2.057654214822188709e-14
6.512905473392583966e-01
1.086798616506611914e+00
1.194273615762850849e+00
1.013723133077338190e+00
7.061073738537723132e-01
4.599128909308094482e-01
3.868530316239245370e-01
4.634403087100235630e-01
5.498938314257854065e-01
4.755282581475777093e-01
1.433965318580606163e-01
-4.037229759501114734e-01
-9.930792707172659828e-01
-1.403470042528158768e+00
-1.475528258147582372e+00
-1.191933353346035007e+00
-6.846720507925182497e-01
-1.656212895414714281e-01
1.821266309894212232e-01
2.938926261462505574e-01
2.463503775928077011e-01
2.025286309046043787e-01
3.100036301608105616e-01
6.087829633308020627e-01
9.999999999999745759e-01
1.293330069259487569e+00
1.308030358589078679e+00
9.730418736803658764e-01
3.716836111570961387e-01
-2.938926261462215805e-01
-8.001606197392996389e-01
-1.009949215043483672e+00
-9.333619379573983021e-01
-7.101796792443177964e-01
-5.244717418524245112e-01
-4.986429900621356381e-01
-6.249547180325734086e-01
-7.718475286347996622e-01
-7.614305206079529098e-01
-4.755282581475689385e-01
6.814015732408931769e-02
7.121301958749034489e-01
1.231180957125946884e+00
1.442200141659505164e+00
1.293892626146246005e+00
8.883898995130142806e-01
4.237603729870463298e-01
8.877188807833635842e-02
-3.325655858942716536e-02
-4.899825157862589137e-15
3.325655858937054399e-02
-8.877188807834457407e-02
-4.237603729870664249e-01
-8.883898995129954068e-01
-1.293892626146221358e+00
-1.442200141659493617e+00
-1.231180957125941777e+00
-7.121301958749034489e-01
-6.814015732408360004e-02
4.755282581475958059e-01
7.614305206079733379e-01
7.718475286348308595e-01
6.249547180326229245e-01
4.986429900621597855e-01
5.244717418524239561e-01
7.101796792442799378e-01
9.333619379573475650e-01
1.009949215043476345e+00
8.001606197392708841e-01
2.938926261462153078e-01
-3.716836111571286683e-01
-9.730418736803757573e-01
-1.308030358589100217e+00
-1.293330069259500226e+00
-1.000000000000004885e+00
-6.087829633307921817e-01
-3.100036301608263822e-01
-2.025286309045605804e-01
-2.463503775927688988e-01
-2.938926261461951572e-01
-1.821266309894027935e-01
1.656212895414233000e-01
6.846720507924659582e-01
1.191933353345977054e+00
1.475528258147564165e+00
1.403470042528190076e+00
9.930792707173159428e-01
4.037229759501828052e-01
-1.433965318580429638e-01
-4.755282581475752668e-01
-5.498938314258443594e-01
-4.634403087100868457e-01
-3.868530316239439659e-01
-4.599128909308008439e-01
-7.061073738537246847e-01
-1.013723133077277350e+00
-1.194273615762825314e+00
-1.086798616506609250e+00
-6.512905473393209022e-01
-3.037619246394706852e-14
6.512905473392525124e-01
1.086798616506592596e+00
1.194273615762864171e+00
1.013723133077346628e+00
7.061073738537850808e-01
4.599128909308193847e-01
3.868530316239127131e-01
4.634403087100265606e-01
5.498938314257659776e-01
4.755282581475669956e-01
1.433965318580887049e-01
-4.037229759501016479e-01
-9.930792707172381162e-01
-1.403470042528153883e+00
-1.475528258147587257e+00
-1.191933353346046998e+00
-6.846720507925466714e-01
-1.656212895414752029e-01
1.821266309894027380e-01
2.938926261462691536e-01
2.463503775928287953e-01
2.025286309045960520e-01
3.100036301608130040e-01
6.087829633307836330e-01
9.999999999999872324e-01
1.293330069259483128e+00
1.308030358589074238e+00
9.730418736803758684e-01
3.716836111571060752e-01
-2.938926261462147527e-01
-8.001606197392805431e-01
-1.009949215043496995e+00
-9.333619379574003005e-01
-7.101796792443084705e-01
-5.244717418524293961e-01
-4.986429900621272004e-01
-6.249547180325984996e-01
-7.718475286347803443e-01
-7.614305206079405863e-01
-4.755282581475875348e-01
6.814015732408118531e-02
7.121301958748699201e-01
1.231180957125957320e+00
1.442200141659500945e+00
1.293892626146258662e+00
8.883898995130086185e-01
4.237603729870528801e-01
8.877188807833058526e-02
-3.325655858939646770e-02
-2.646103659049506343e-14
3.325655858938053600e-02
-8.877188807834857087e-02
-4.237603729870431102e-01
-8.883898995129815290e-01
-1.293892626146231573e+00
-1.442200141659488732e+00
-1.231180957125963538e+00
-7.121301958748864624e-01
-6.814015732409173243e-02
4.755282581475683834e-01
7.614305206079734489e-01
7.718475286348270847e-01
6.249547180326409102e-01
4.986429900621474065e-01
5.244717418524190711e-01
7.101796792442731654e-01
9.333619379573564467e-01
1.009949215043463244e+00
8.001606197392951980e-01
2.938926261462221357e-01
-3.716836111570916978e-01
-9.730418736803705393e-01
-1.308030358589087783e+00
-1.293330069259513326e+00
-1.000000000000020650e+00
-6.087829633308019517e-01
-3.100036301608035672e-01
-2.025286309045639666e-01
-2.463503775927771144e-01
-2.938926261461995981e-01
-1.821266309893725399e-01
1.656212895414730935e-01
6.846720507924983767e-01
1.191933353345998814e+00
1.475528258147577043e+00
1.403470042528174089e+00
9.930792707172839684e-01
4.037229759501167470e-01
-1.433965318580540105e-01
-4.755282581476056314e-01
-5.498938314258139393e-01
-4.634403087101022223e-01
-3.868530316239573441e-01
-4.599128909308192181e-01
-7.061073738537810840e-01
-1.013723133077279348e+00
-1.194273615762831309e+00
-1.086798616506600146e+00
-6.512905473392789357e-01
1.666757608113577123e-14
6.512905473393360012e-01
1.086798616506621240e+00
1.194273615762858176e+00
1.013723133077335747e+00
7.061073738538206079e-01
4.599128909308205504e-01
3.868530316239328637e-01
4.634403087099790985e-01
5.498938314257737492e-01
4.755282581475650527e-01
1.433965318581018611e-01
-4.037229759500688964e-01
-9.930792707172534373e-01
-1.403470042528128126e+00
-1.475528258147592142e+00
-1.191933353346042779e+00
-6.846720507925858623e-01
-1.656212895415017927e-01
1.821266309894059576e-01
2.938926261462823097e-01
2.463503775928499728e-01
2.025286309045927213e-01
3.100036301607970168e-01
6.087829633307739741e-01
9.999999999999715783e-01
1.293330069259449155e+00
1.308030358589086450e+00
9.730418736803811974e-01
3.716836111571712453e-01
-2.938926261462079803e-01
-8.001606197392832076e-01
-1.009949215043502324e+00
-9.333619379574189523e-01
-7.101796792443151318e-01
-5.244717418524429409e-01
-4.986429900621274225e-01
-6.249547180325804030e-01
-7.718475286347575848e-01
-7.614305206079283739e-01
-4.755282581475864800e-01
6.814015732402109449e-02
7.121301958748594840e-01
1.231180957125935560e+00
1.442200141659511159e+00
1.293892626146271319e+00
8.883898995130222742e-01
4.237603729870942360e-01
8.877188807832481210e-02
-3.325655858941345411e-02
-4.802224802312753930e-14
3.325655858936349407e-02
-8.877188807833130690e-02
-4.237603729870547675e-01
-8.883898995129591025e-01
-1.293892626146218916e+00
-1.442200141659498058e+00
-1.231180957125968423e+00
-7.121301958749198802e-01
-6.814015732407496806e-02
4.755282581475694381e-01
7.614305206079586830e-01
7.718475286348200903e-01
6.249547180326422424e-01
4.986429900621559552e-01
5.244717418524229569e-01
7.101796792442576223e-01
9.333619379573545594e-01
1.009949215043465243e+00
8.001606197392925335e-01
2.938926261462573297e-01
-3.716836111571098500e-01
-9.730418736803423396e-01
-1.308030358589092224e+00
-1.293330069259497339e+00
-1.000000000000036193e+00
-6.087829633308201593e-01
-3.100036301607993483e-01
-2.025286309045492006e-01
-2.463503775927830264e-01
-2.938926261462270206e-01
-1.821266309893910251e-01
1.656212895414694852e-01
6.846720507925250221e-01
1.191933353345987046e+00
1.475528258147572158e+00
1.403470042528154771e+00
9.930792707173117240e-01
4.037229759501265725e-01
-1.433965318580771586e-01
-4.755282581475879788e-01
-5.498938314258332571e-01
-4.634403087100441576e-01
-3.868530316239691680e-01
-4.599128909308092816e-01
-7.061073738537684275e-01
-1.013723133077270688e+00
-1.194273615762817986e+00
-1.086798616506596371e+00
-6.512905473393117983e-01
6.867925765410592961e-15
6.512905473393030276e-01
1.086798616506624793e+00
1.194273615762854845e+00
1.013723133077305549e+00
7.061073738537873012e-01
4.599128909308021762e-01
3.868530316239346956e-01
4.634403087100141816e-01
5.498938314257771909e-01
4.755282581475718806e-01
1.433965318580516790e-01
-4.037229759501349546e-01
-9.930792707173119460e-01
-1.403470042528156103e+00
-1.475528258147579486e+00
-1.191933353345996149e+00
-6.846720507925425636e-01
-1.656212895414749808e-01
1.821266309894308266e-01
2.938926261462833089e-01
2.463503775928147510e-01
2.025286309045712940e-01
3.100036301608364853e-01
6.087829633308146082e-01
1.000000000000012657e+00
1.293330069259477355e+00
1.308030358589085562e+00
9.730418736803271296e-01
3.716836111570978041e-01
-2.938926261462471712e-01
-8.001606197392965303e-01
-1.009949215043531190e+00
-9.333619379574208397e-01
-7.101796792443220152e-01
-5.244717418524302843e-01
-4.986429900621189848e-01
-6.249547180325790707e-01
-7.718475286348140951e-01
-7.614305206079161614e-01
-4.755282581475854253e-01
6.814015732406272785e-02
7.121301958748261773e-01
1.231180957125913800e+00
1.442200141659505164e+00
1.293892626146283975e+00
8.883898995130448117e-01
4.237603729870811908e-01
8.877188807831903894e-02
-3.325655858943044052e-02
-1.274004059495200188e-14
3.325655858937348608e-02
-8.877188807831398742e-02
-4.237603729870482172e-01
-8.883898995129453358e-01
-1.293892626146206259e+00
-1.442200141659502055e+00
-1.231180957125973308e+00
-7.121301958749302052e-01
-6.814015732411013437e-02
4.755282581475420711e-01
7.614305206079439170e-01
7.718475286348394082e-01
6.249547180326603391e-01
4.986429900621556222e-01
5.244717418524181829e-01
7.101796792442420792e-01
9.333619379573359076e-01
1.009949215043475235e+00
8.001606197393169584e-01
2.938926261462357359e-01
-3.716836111570999135e-01
-9.730418736803371216e-01
-1.308030358589080233e+00
-1.293330069259501780e+00
-1.000000000000051958e+00
-6.087829633308299293e-01
-3.100036301608135036e-01
-2.025286309045573607e-01
-2.463503775927348427e-01
-2.938926261462084244e-01
-1.821266309893824764e-01
1.656212895414428399e-01
6.846720507924964894e-01
1.191933353345975055e+00
1.475528258147567273e+00
1.403470042528168316e+00
9.930792707173397016e-01
4.037229759501363979e-01
-1.433965318580760484e-01
-4.755282581475986925e-01
-5.498938314258254856e-01
-4.634403087100410490e-01
-3.868530316239810474e-01
-4.599128909308081159e-01
-7.061073738537556599e-01
-1.013723133077262251e+00
-1.194273615762804441e+00
-1.086798616506592374e+00
-6.512905473393175715e-01
-3.135343398071859275e-14
6.512905473392701650e-01
1.086798616506628790e+00
1.194273615762868168e+00
1.013723133077314209e+00
7.061073738538000688e-01
4.599128909308032864e-01
3.868530316239228717e-01
4.634403087099943086e-01
5.498938314257848514e-01
4.755282581475895332e-01
1.433965318580528447e-01
-4.037229759501250737e-01
-9.930792707172839684e-01
-1.403470042528142558e+00
-1.475528258147584371e+00
-1.191933353346008140e+00
-6.846720507925543320e-01
-1.656212895414785891e-01
1.821266309893853075e-01
2.938926261463018497e-01
2.463503775928359008e-01
2.025286309045860045e-01
3.100036301608055100e-01
6.087829633308049493e-01
9.999999999999971134e-01
1.293330069259464032e+00
1.308030358589081121e+00
9.730418736803784219e-01
3.716836111571077961e-01
-2.938926261462403433e-01
-8.001606197392991948e-01
-1.009949215043498105e+00
-9.333619379574178421e-01
-7.101796792443052508e-01
-5.244717418524351693e-01
-4.986429900621346945e-01
-6.249547180325805140e-01
-7.718475286347488140e-01
-7.614305206079280408e-01
-4.755282581475668291e-01
6.814015732405459547e-02
7.121301958749167715e-01
1.231180957125972864e+00
1.442200141659510049e+00
1.293892626146250668e+00
8.883898995129847487e-01
4.237603729870543234e-01
8.877188807831698503e-02
-3.325655858940607112e-02
-3.430125202758447618e-14
3.325655858934389864e-02
-8.877188807836228213e-02
-4.237603729870416669e-01
-8.883898995129879683e-01
-1.293892626146239566e+00
-1.442200141659479851e+00
-1.231180957125947772e+00
-7.121301958748855743e-01
-6.814015732411832227e-02
4.755282581475430703e-01
7.614305206079562405e-01
7.718475286348127629e-01
6.249547180326784357e-01
4.986429900621640599e-01
5.244717418524134089e-01
7.101796792442440776e-01
9.333619379573172559e-01
1.009949215043461912e+00
8.001606197393142939e-01
2.938926261462993517e-01
-3.716836111570899770e-01
-9.730418736803317925e-01
-1.308030358589084674e+00
-1.293330069259514881e+00
-1.000000000000067724e+00
-6.087829633308394772e-01
-3.100036301608110612e-01
-2.025286309045426503e-01
-2.463503775927677331e-01
-2.938926261461898837e-01
-1.821266309893739832e-01
1.656212895414392317e-01
6.846720507924848320e-01
1.191933353345945523e+00
1.475528258147562388e+00
1.403470042528173201e+00
9.930792707173508038e-01
4.037229759501922421e-01
-1.433965318580749382e-01
-4.755282581476094061e-01
-5.498938314258449145e-01
-4.634403087100609775e-01
-3.868530316239595646e-01
-4.599128909308069502e-01
-7.061073738537430033e-01
-1.013723133077244931e+00
-1.194273615762824425e+00
-1.086798616506588822e+00
-6.512905473393234557e-01
