1.259306983121696311e-01 0.000000000000000000e+00
-1.547681933733968118e-01 -4.867474824284990197e-03
2.191294046604090606e-01 -8.824257137999802492e-02
-1.008527746741312847e-01 2.438184970405586072e-01
-9.050069720041326038e-02 -1.622835608017024756e-01
6.596079402553842175e-02 1.168691230746564738e-02
2.467274297144166420e-02 2.503048420440658756e-03
-6.252692345530398710e-02 6.346034168372763351e-02
-6.807842783577488198e-03 -1.245243216382848628e-01
8.201997756589697597e-02 6.277298850832455090e-02
-5.076403427094384330e-02 1.724779976144444858e-04
2.125668826192726041e-02 1.166043802730302656e-04
-1.121017192989518657e-02 8.288432721733360667e-05
1.887894127096523831e-03 6.123325604059608857e-05
1.712461321110122711e-02 4.664252462900728841e-05
-3.577839203888351360e-02 3.753642094021768238e-02
-1.023573258247202286e-02 -7.497097100323768526e-02
5.644915957120689998e-02 3.752353982178241454e-02
-3.945061618622641708e-02 1.937114974383258303e-05
2.257213329986141465e-02 1.614382667753863632e-05
-1.866306174370472096e-02 1.360325584382924766e-05
1.483082985167114877e-02 1.157387368918866982e-05
-1.295598437481026294e-02 9.931771837841385508e-06
1.113269741399058529e-02 8.587691428123527676e-06
-1.000268347716422139e-02 7.476155638468659839e-06
8.908608169616964723e-03 6.548347615385253541e-06
-8.147763900041037066e-03 5.767336813133103028e-06
7.412772086346662223e-03 5.104814109326309343e-06
-6.866011324841448868e-03 4.538817736518638724e-06
6.338348887123429129e-03 4.052122914627580719e-06
-5.928206541809777699e-03 3.631084151764474820e-06
5.532499702339582076e-03 3.264791403645204380e-06
-5.215359813620711743e-03 2.944447155504847924e-06
4.909352040020176916e-03 2.662901182479943905e-06
-4.658565231969257966e-03 2.414299297952260913e-06
4.416517836230012331e-03 2.193815490089949961e-06
-4.214809955762658170e-03 1.997445734705602816e-06
4.020075073302780203e-03 1.821847895959764416e-06
-3.855738857778006658e-03 1.664216396288979542e-06
3.697050023866798197e-03 1.522183352693274629e-06
-3.561871772828080485e-03 1.393740027779430748e-06
3.431332037558032684e-03 1.277173997063767857e-06
-3.319389189367076554e-03 1.171018564889540758e-06
3.211307944420723967e-03 1.074011792123914788e-06
-3.118235874412724103e-03 9.850631174502903764e-07
3.028421357103711076e-03 9.032260128299940405e-07
-2.950947804047102108e-03 8.276754631213190105e-07
2.876258742925030115e-03 7.576893230644421440e-07
-2.811898223799829538e-03 6.926328059916886382e-07
2.749950029165979665e-03 6.319455151532205051e-07
-2.696797763560018074e-03 5.751305470246340090e-07
2.645764663457419313e-03 5.217452909159409676e-07
-2.602354555715045460e-03 4.713936217434246123e-07
2.560833413778168186e-03 4.237192403741193991e-07
-2.526038563809292203e-03 3.783999622830082343e-07
2.492953618048535103e-03 3.351427900200043553e-07
-2.465915901114646390e-03 2.936796357003168545e-07
2.440451471352092505e-03 2.537635809471416870e-07
-2.420531579107352421e-03 2.151655808897354194e-07
2.402084478008000012e-03 1.776715342072243686e-07
-2.388826833772256242e-03 1.410796512252288082e-07
2.376973131679283036e-03 1.051980635657923102e-07
-2.370082042588234073e-03 6.984262446163569393e-08
2.364554718182934612e-03 3.483485562071758634e-08
-2.363879439769581148e-03 0.000000000000000000e+00
-3.719328621960688724e-03 0.000000000000000000e+00
-7.295614341020826774e-03 7.875739705077551556e-03
-1.045475132070797647e-01 1.427794797475255284e-01
2.861520884896687766e-01 -3.945066152975394980e-01
-1.910761823717524455e-01 2.625803171925148449e-01
1.353634493088620196e-02 -1.890982133701909346e-02
2.799617196100911889e-03 -4.050017419759514847e-03
1.024340960574807516e-03 1.234461345149152067e-01
4.803180789837505613e-04 -2.507696637569679643e-01
2.599779006416964161e-04 1.245582953149926980e-01
1.547051893557486275e-04 -2.790752624515605864e-04
9.851645123883667776e-05 -1.886698505188342135e-04
6.602721255897577469e-05 -1.341096585722849626e-04
4.606362584786446827e-05 -9.907748951564100811e-05
3.319436962003928168e-05 -7.546919017082398561e-05
2.456973315715586369e-05 7.494106968082549225e-02
1.860063587374657934e-05 -1.500469699034207849e-01
1.435572539616291731e-05 7.496191176826708102e-02
1.126598985181533606e-05 -3.134317868669737070e-05
8.971324664981906511e-06 -2.612126027270830926e-05
7.236825014211591587e-06 -2.201053031297159704e-05
5.905165317380349229e-06 -1.872692101060549218e-05
4.868510295682092579e-06 -1.606994440227159688e-05
4.051414809700591658e-06 -1.389517661552568807e-05
3.400119380612339450e-06 -1.209667392818273214e-05
2.875681304539877411e-06 -1.059544901178699296e-05
2.449468190531506003e-06 -9.331746988358148121e-06
2.100141768473364699e-06 -8.259762735133268903e-06
1.811602275961181691e-06 -7.343961366327218301e-06
1.571564238110207026e-06 -6.556472602568186486e-06
1.370554719165444824e-06 -5.875217573620808441e-06
1.201198911048471463e-06 -5.282543457221325705e-06
1.057704099412942744e-06 -4.764215575651931101e-06
9.354824985745043501e-07 -4.308664621998381877e-06
8.308725485282892674e-07 -3.906418323116725442e-06
7.409308657964240182e-07 -3.549668027966956968e-06
6.632754503494276197e-07 -3.231935089429333943e-06
5.959664688449975350e-07 -2.947811818026896109e-06
5.374148506576702717e-07 -2.692758693834888880e-06
4.863116588421159714e-07 -2.462944401682319960e-06
4.415731107340233019e-07 -2.255118736501892439e-06
4.022974859018660799e-07 -2.066510936737368757e-06
3.677311263069041040e-07 -1.894747839581800930e-06
3.372414498897444079e-07 -1.737787583838656710e-06
3.102954020037107084e-07 -1.593865605215216417e-06
2.864421569282451444e-07 -1.461450388246939252e-06
2.652991587036933099e-07 -1.339207030975538975e-06
2.465408032056816065e-07 -1.225967077640721659e-06
2.298892183942580214e-07 -1.120703421814139844e-06
2.151067238714094929e-07 -1.022509322504139284e-06
2.019896407118444129e-07 -9.305807730913275792e-07
1.903631891644659449e-07 -8.442016142268401156e-07
1.800772747077389281e-07 -7.627309019768717564e-07
1.710029956493715566e-07 -6.855921326511096653e-07
1.630297451429450414e-07 -6.122640002543156164e-07
1.560628039940642475e-07 -5.422724254217081707e-07
1.500213387753955054e-07 -4.751836322203217833e-07
1.448367438570269394e-07 -4.105980991042645911e-07
1.404512670255195217e-07 -3.481452231488858795e-07
1.368168813607045786e-07 -2.874785811467911456e-07
1.338943657475111237e-07 -2.282716707879828277e-07
1.316525674310842220e-07 -1.702140424442166733e-07
1.300678256072052008e-07 -1.130077401795270831e-07
1.291235386508514382e-07 -5.636398044562423992e-08
1.288098633693557371e-07 0.000000000000000000e+00
6.018000125662776971e-03 0.000000000000000000e+00
1.180455197258303834e-02 -3.008264880792557022e-03
1.691614298083333190e-01 -5.453690836752728144e-02
-4.630038051280515043e-01 1.506881182569806965e-01
3.091677575180685755e-01 -1.002967563908122306e-01
-2.190226618161621869e-02 7.222909029553315971e-03
-4.529875778779762947e-03 1.546968999318872138e-03
-1.657418490279236392e-03 1.255935238013570765e-01
-7.771709772059043992e-04 -2.497060146047473672e-01
-4.206530795624729285e-04 1.251687161766828760e-01
-2.503182546135898938e-04 1.065972648374578275e-04
-1.594029665553290222e-04 7.206547024549467923e-05
-1.068342741032572908e-04 5.122533135484671682e-05
-7.453251226659241002e-05 3.784423347538493890e-05
-5.370961828054304565e-05 2.882666554148915634e-05
-3.975466334296164084e-05 7.502250937895678373e-02
-3.009646105544151046e-05 -1.499820590933415299e-01
-2.322805162442275612e-05 7.501454840995057383e-02
-1.822875449721899049e-05 1.197202894300541546e-05
-1.451590823206686098e-05 9.977433595168463384e-06
-1.170942884376158234e-05 8.407274468835682795e-06
-9.554758192556457813e-06 7.153047321942896729e-06
-7.877415133128125492e-06 6.138172563940284127e-06
-6.555326864248565825e-06 5.307485187470943707e-06
-5.501508724052700336e-06 4.620518289961975125e-06
-4.652950091247127445e-06 4.047101396249010909e-06
-3.963322786836886436e-06 3.564410175295968855e-06
-3.398100762489664379e-06 3.154948625666620177e-06
-2.931234056695883166e-06 2.805143630005734965e-06
-2.542844352919236983e-06 2.504349687923058209e-06
-2.217604118841695436e-06 2.244133421534583921e-06
-1.943580665191520893e-06 2.017752053828646411e-06
-1.711401183210510546e-06 1.819768420119327601e-06
-1.513642478375583868e-06 1.645763439479963195e-06
-1.344380023869221454e-06 1.492119025193129183e-06
-1.198851324126060846e-06 1.355852537873337237e-06
-1.073202222651995103e-06 1.234489354678025229e-06
-9.642940026587996471e-07 1.125963922179194576e-06
-8.695554944807655498e-07 1.028542297395656705e-06
-7.868687930113297209e-07 9.407610491208110469e-07
-7.144803018281399926e-07 8.613787086234193987e-07
-6.509310057259929041e-07 7.893369398950398759e-07
-5.950014611795730231e-07 7.237292743785157800e-07
-5.456681281651893454e-07 6.637757920235404888e-07
-5.020685071677743891e-07 6.088024874617280563e-07
-4.634731455831196960e-07 5.582243756204321720e-07
-4.292630560917667969e-07 5.115315677676023748e-07
-3.989113991657508573e-07 4.682777545589322798e-07
-3.719685689228605097e-07 4.280706159265346145e-07
-3.480499905662154392e-07 3.905638074203077181e-07
-3.268261039795515902e-07 3.554502257166013005e-07
-3.080141102312848839e-07 3.224563235919345155e-07
-2.913711510714255644e-07 2.913372801877920683e-07
-2.766886590019302598e-07 2.618728921858766261e-07
-2.637876690534833243e-07 2.338640381192874261e-07
-2.525149210199501004e-07 2.071296351935369984e-07
-2.427396253280129576e-07 1.815039968877663057e-07
-2.343507743158418366e-07 1.568345179281394053e-07
-2.272549237238366548e-07 1.329796422811597642e-07
-2.213743643033477815e-07 1.098070469426025431e-07
-2.166456347374445812e-07 8.719201956969291345e-08
-2.130183287818443461e-07 6.501597882291321184e-08
-2.104541627773182100e-07 4.316511581850535073e-08
-2.089262741249153787e-07 2.152912472385901110e-08
-2.084187371480597517e-07 0.000000000000000000e+00
-6.018000125662946974e-03 0.000000000000000000e+00
-1.180455197258270528e-02 -3.008264880793079174e-03
-1.691614298083339296e-01 -5.453690836752694837e-02
4.630038051280521705e-01 1.506881182569804467e-01
-3.091677575180690196e-01 -1.002967563908120224e-01
2.190226618161639216e-02 7.222909029553446075e-03
4.529875778779647588e-03 1.546968999318707122e-03
1.657418490278840875e-03 1.255935238013570210e-01
7.771709772069962992e-04 -2.497060146047468954e-01
4.206530795619976143e-04 1.251687161766821821e-01
2.503182546133282758e-04 1.065972648377506841e-04
1.594029665552235565e-04 7.206547024552480650e-05
1.068342741037859342e-04 5.122533135510950032e-05
7.453251226639255090e-05 3.784423347492119852e-05
5.370961828028904419e-05 2.882666554171844816e-05
3.975466334271357538e-05 7.502250937895664495e-02
3.009646105631234164e-05 -1.499820590933413078e-01
2.322805162407754614e-05 7.501454840995036566e-02
1.822875449701250757e-05 1.197202894322696540e-05
1.451590823206830433e-05 9.977433594907843205e-06
1.170942884394718759e-05 8.407274469326060662e-06
9.554758192561667066e-06 7.153047321286169216e-06
7.877415132738780021e-06 6.138172564287632856e-06
6.555326864745547160e-06 5.307485187258162254e-06
5.501508723501857023e-06 4.620518290266166679e-06
4.652950091617410439e-06 4.047101395852064165e-06
3.963322786676207674e-06 3.564410175569018396e-06
3.398100762629204587e-06 3.154948625523095949e-06
2.931234056514362312e-06 2.805143630112284510e-06
2.542844352973517395e-06 2.504349687767362118e-06
2.217604118997217462e-06 2.244133421976748672e-06
1.943580664942031150e-06 2.017752053255511308e-06
1.711401183345818977e-06 1.819768420313616630e-06
1.513642478496704285e-06 1.645763439520920202e-06
1.344380023574921339e-06 1.492119025295287921e-06
1.198851324404847553e-06 1.355852537689885571e-06
1.073202222444938111e-06 1.234489355027436060e-06
9.642940028609997524e-07 1.125963921630612417e-06
8.695554943157499792e-07 1.028542297988654307e-06
7.868687929879909986e-07 9.407610485156970621e-07
7.144803020686304340e-07 8.613787091219004058e-07
6.509310056384058857e-07 7.893369395851139087e-07
5.950014610006885584e-07 7.237292746250879180e-07
5.456681283399568064e-07 6.637757917241660110e-07
5.020685070376802928e-07 6.088024876502623437e-07
4.634731458939274245e-07 5.582243755402240812e-07
4.292630556407895151e-07 5.115315679527231195e-07
3.989113994172857613e-07 4.682777541634153273e-07
3.719685691136800920e-07 4.280706162040903706e-07
3.480499903459055577e-07 3.905638075729633840e-07
3.268261039056903172e-07 3.554502258157888586e-07
3.080141105074786110e-07 3.224563229755418635e-07
2.913711508203311175e-07 2.913372806413883759e-07
2.766886592969281184e-07 2.618728920494704402e-07
2.637876688342847501e-07 2.338640383888878488e-07
2.525149209609695022e-07 2.071296349853701813e-07
2.427396254762776047e-07 1.815039964991882471e-07
2.343507744893141842e-07 1.568345188024400372e-07
2.272549232012512077e-07 1.329796417541290882e-07
2.213743649451954676e-07 1.098070469486740752e-07
2.166456341823330689e-07 8.719201975704304886e-08
2.130183292259335559e-07 6.501597860086860692e-08
2.104541624442513026e-07 4.316511609259165994e-08
2.089262741778244448e-07 2.152912452783525832e-08
2.084187372833681828e-07 0.000000000000000000e+00
3.719328621960768522e-03 0.000000000000000000e+00
7.295614341020694067e-03 7.875739705077929725e-03
1.045475132070800700e-01 1.427794797475250288e-01
-2.861520884896690542e-01 -3.945066152975390539e-01
1.910761823717524177e-01 2.625803171925145119e-01
-1.353634493088608746e-02 -1.890982133701880202e-02
-2.799617196100993854e-03 -4.050017419760043938e-03
-1.024340960575131909e-03 1.234461345149156231e-01
-4.803180789831551717e-04 -2.507696637569681863e-01
-2.599779006417397842e-04 1.245582953149929617e-01
-1.547051893561028364e-04 -2.790752624518658435e-04
-9.851645123850819160e-05 -1.886698505185727852e-04
-6.602721255931892467e-05 -1.341096585724106216e-04
-4.606362584744471263e-05 -9.907748951561569199e-05
-3.319436962040958416e-05 -7.546919017085160566e-05
-2.456973315746952338e-05 7.494106968082539511e-02
-1.860063587294513709e-05 -1.500469699034205351e-01
-1.435572539642887210e-05 7.496191176826672020e-02
-1.126598985206778237e-05 -3.134317868639732453e-05
-8.971324664767912107e-06 -2.612126027306188114e-05
-7.236825014313886061e-06 -2.201053031245058707e-05
-5.905165317319219708e-06 -1.872692101096251317e-05
-4.868510295654259924e-06 -1.606994440213310360e-05
-4.051414809645160128e-06 -1.389517661563373390e-05
-3.400119380885173421e-06 -1.209667392815205091e-05
-2.875681304367306730e-06 -1.059544901188847428e-05
-2.449468190409038168e-06 -9.331746988089103351e-06
-2.100141768549200406e-06 -8.259762735333914068e-06
-1.811602275998923150e-06 -7.343961366195010857e-06
-1.571564238016731011e-06 -6.556472602643008295e-06
-1.370554719525603233e-06 -5.875217573475959877e-06
-1.201198910718812805e-06 -5.282543457276627639e-06
-1.057704099596823433e-06 -4.764215575485397647e-06
-9.354824982796624514e-07 -4.308664622602723791e-06
-8.308725487371201583e-07 -3.906418322569421033e-06
-7.409308655290774443e-07 -3.549668028263823381e-06
-6.632754506447529624e-07 -3.231935089213859772e-06
-5.959664686572719523e-07 -2.947811818078354208e-06
-5.374148509033032619e-07 -2.692758693852507166e-06
-4.863116585393724201e-07 -2.462944401797678224e-06
-4.415731110413730184e-07 -2.255118735860588548e-06
-4.022974856901501947e-07 -2.066510937664204066e-06
-3.677311264290627722e-07 -1.894747838988701684e-06
-3.372414498094943889e-07 -1.737787584176594057e-06
-3.102954020332556411e-07 -1.593865604881554893e-06
-2.864421567952940060e-07 -1.461450388753166799e-06
-2.652991586663527095e-07 -1.339207030529779416e-06
-2.465408037977644129e-07 -1.225967077758682855e-06
-2.298892178842493195e-07 -1.120703421564339664e-06
-2.151067239907801520e-07 -1.022509322677611632e-06
-2.019896407231844900e-07 -9.305807737087536113e-07
-1.903631890984956308e-07 -8.442016135492679679e-07
-1.800772746352058027e-07 -7.627309020956054468e-07
-1.710029957774971483e-07 -6.855921327418438346e-07
-1.630297452356443272e-07 -6.122640004250232484e-07
-1.560628038292655173e-07 -5.422724248804744462e-07
-1.500213388322619093e-07 -4.751836323868552370e-07
-1.448367438969255794e-07 -4.105980995136593314e-07
-1.404512667720330538e-07 -3.481452235352955338e-07
-1.368168813745823664e-07 -2.874785802759599607e-07
-1.338943660111890921e-07 -2.282716711488053107e-07
-1.316525673478174951e-07 -1.702140422221720684e-07
-1.300678259125165326e-07 -1.130077405958607173e-07
-1.291235380189784121e-07 -5.636398004490311697e-08
-1.288098640112034232e-07 0.000000000000000000e+00
7.079687072357352260e-16 0.000000000000000000e+00
-3.547898495485821566e-16 -9.734949648569662939e-03
-2.708181933337708165e-16 -1.764851427599963274e-01
7.674136090825392078e-16 4.876369940811172143e-01
-8.498129741914375448e-16 -3.245671216034047291e-01
4.208483846475477155e-16 2.337382461493119762e-02
-1.795493543298378578e-16 5.006096840881390370e-03
-5.501088709218457804e-16 1.269206833674549340e-01
1.204779492430427120e-15 -2.490486432765696700e-01
-5.535783178737993946e-16 1.255459770166493239e-01
-5.050219074975064322e-17 3.449559952288521088e-04
-6.366801370906817193e-17 2.332087605460214186e-04
-1.026485995502082082e-16 1.657686544345107630e-04
3.864080250121878637e-16 1.224665120811523869e-04
-3.314081541167654284e-16 9.328504925843641277e-05
-5.751539411062609328e-16 7.507284188043496231e-02
1.221446856124870225e-15 -1.499419420064754260e-01
-4.316055734691801458e-16 7.504707964356513439e-02
-1.171952158220473812e-16 3.874229948760757460e-05
-2.487221065892668315e-17 3.228765335510483847e-05
-2.816342846015671832e-16 2.720651168752918388e-05
6.562168178328891679e-16 2.314774737838377032e-05
-4.381256432369998359e-16 1.986354367593000977e-05
6.979134449326666845e-17 1.717538285600128366e-05
1.134179432244223118e-16 1.495231127689491890e-05
-1.226520000240686057e-16 1.309669523080053271e-05
8.163156089013119247e-17 1.153467362656215090e-05
8.419513976132602106e-17 1.020962821841181061e-05
-3.075098705907651772e-16 9.077635473145921282e-06
5.379075968042631748e-16 8.104245829105372132e-06
-4.270647495204960403e-16 7.262168303639721220e-06
2.322390827294859192e-17 6.529582807421185564e-06
1.459183010192497274e-16 5.888894310669690046e-06
-3.634159272043015445e-16 5.325802364990918014e-06
7.146261843698681984e-16 4.828598596306726950e-06
-6.129037643456617428e-16 4.387630980030111462e-06
2.341827860496470127e-17 3.994891469325560437e-06
2.971493870964242026e-16 3.643695791800150549e-06
1.718251799944598827e-17 3.328432792730789239e-06
-2.004096245820133768e-16 3.044366705416574881e-06
-2.184580358392851041e-16 2.787480055072371512e-06
5.438977079281271800e-16 2.554347994603408989e-06
-1.286248865079620178e-16 2.342037130067926528e-06
-4.931221882964709622e-16 2.148023583869695434e-06
6.255125909193708509e-16 1.970126234948209415e-06
-6.121743630989573834e-16 1.806452025437757129e-06
4.394511201909556812e-16 1.655350926486888442e-06
1.443226205551197849e-16 1.515378646399501150e-06
-4.855210442363080550e-16 1.385265611497654703e-06
2.922077968821426144e-16 1.263891030542363403e-06
4.593750291762713338e-16 1.150261094009667534e-06
-8.569211450762984492e-16 1.043490581708811436e-06
5.020380570992697276e-16 9.427872434240739188e-07
-2.051835022727386382e-16 8.474384813220256930e-07
-1.523900899090759224e-16 7.567999240469004685e-07
3.346001018263258378e-16 6.702855800400087105e-07
-2.107548639666474686e-16 5.873592712618558309e-07
-5.501088709218457804e-16 5.075271620191834643e-07
1.639308210231844381e-15 4.303311619767956342e-07
-1.260098663573978458e-15 3.553430681906694089e-07
4.338823980313997051e-16 2.821593024782131920e-07
-3.844427789660607029e-16 2.103961275756738303e-07
3.710294927776478084e-16 1.396852483404042999e-07
-4.850025304640912391e-16 6.966971119719972405e-08
6.940909194279207692e-16 0.000000000000000000e+00
-3.719328621960126674e-03 0.000000000000000000e+00
-7.295614341020982899e-03 7.875739705077395431e-03
-1.045475132070797786e-01 1.427794797475256672e-01
2.861520884896684991e-01 -3.945066152975398310e-01
-1.910761823717520291e-01 2.625803171925151780e-01
1.353634493088578389e-02 -1.890982133701875692e-02
2.799617196101291793e-03 -4.050017419760399556e-03
1.024340960574022553e-03 1.234461345149162614e-01
4.803180789849688793e-04 -2.507696637569685194e-01
2.599779006413139096e-04 1.245582953149927674e-01
1.547051893552876790e-04 -2.790752624515435102e-04
9.851645123924857971e-05 -1.886698505187951551e-04
6.602721255893542881e-05 -1.341096585722812763e-04
4.606362584765283201e-05 -9.907748951577622168e-05
3.319436961965013442e-05 -7.546919017079135113e-05
2.456973315729626788e-05 7.494106968082520082e-02
1.860063587496088577e-05 -1.500469699034199245e-01
1.435572539523212975e-05 7.496191176826622060e-02
1.126598985178541208e-05 -3.134317868609384956e-05
8.971324665035112039e-06 -2.612126027298638002e-05
7.236825014521527718e-06 -2.201053031321180880e-05
5.905165317264638599e-06 -1.872692101006118542e-05
4.868510294529815216e-06 -1.606994440245358699e-05
4.051414810883867886e-06 -1.389517661646904730e-05
3.400119380977103601e-06 -1.209667392708615820e-05
2.875681304088218268e-06 -1.059544901216305526e-05
2.449468190373644896e-06 -9.331746987803839595e-06
2.100141768175349285e-06 -8.259762735566522867e-06
1.811602276234034297e-06 -7.343961366889466913e-06
1.571564238524368233e-06 -6.556472602008232487e-06
1.370554718470493678e-06 -5.875217573661415200e-06
1.201198911631733692e-06 -5.282543457098592325e-06
1.057704099190898139e-06 -4.764215575804586766e-06
9.354824983099976659e-07 -4.308664622089886846e-06
8.308725488832347181e-07 -3.906418322893654234e-06
7.409308658263520215e-07 -3.549668027712314300e-06
6.632754502153526803e-07 -3.231935090130360433e-06
5.959664687266789966e-07 -2.947811817497377698e-06
5.374148503866209991e-07 -2.692758694021308973e-06
4.863116595418405718e-07 -2.462944401898786853e-06
4.415731108053525816e-07 -2.255118735877163289e-06
4.022974852442114884e-07 -2.066510937625216834e-06
3.677311264656190201e-07 -1.894747838983057057e-06
3.372414499286935239e-07 -1.737787583482132073e-06
3.102954019852085442e-07 -1.593865606190949245e-06
2.864421573052510389e-07 -1.461450387276007408e-06
2.652991577517638025e-07 -1.339207031253260749e-06
2.465408045161567724e-07 -1.225967078528900078e-06
2.298892178044520396e-07 -1.120703420731672395e-06
2.151067235746633582e-07 -1.022509323087006372e-06
2.019896408269087566e-07 -9.305807728852139699e-07
1.903631896952913286e-07 -8.442016138346977424e-07
1.800772736517395646e-07 -7.627309024589080423e-07
1.710029970428762801e-07 -6.855921325639262581e-07
1.630297441627720674e-07 -6.122640006096628784e-07
1.560628044025916261e-07 -5.422724249568022792e-07
1.500213387585903717e-07 -4.751836322480773589e-07
1.448367430512478848e-07 -4.105980991597757424e-07
1.404512676981585495e-07 -3.481452228747995703e-07
1.368168816608117400e-07 -2.874785817764957674e-07
1.338943650952550968e-07 -2.282716702051157398e-07
1.316525680694624612e-07 -1.702140427772835807e-07
1.300678253782217020e-07 -1.130077403321827489e-07
1.291235382800542952e-07 -5.636397996597319882e-08
1.288098638897727799e-07 0.000000000000000000e+00
6.018000125662266962e-03 0.000000000000000000e+00
1.180455197258346509e-02 -3.008264880792885752e-03
1.691614298083329304e-01 -5.453690836752720511e-02
-4.630038051280512268e-01 1.506881182569808908e-01
3.091677575180684090e-01 -1.002967563908123139e-01
-2.190226618161602440e-02 7.222909029553668120e-03
-4.529875778779899990e-03 1.546968999318327001e-03
-1.657418490279491396e-03 1.255935238013574096e-01
-7.771709772052817419e-04 -2.497060146047478113e-01
-4.206530795625423175e-04 1.251687161766832923e-01
-2.503182546140546912e-04 1.065972648372227861e-04
-1.594029665550363690e-04 7.206547024554773738e-05
-1.068342741033556008e-04 5.122533135512014583e-05
-7.453251226687465495e-05 3.784423347522552730e-05
-5.370961827935357422e-05 2.882666554113016006e-05
-3.975466334501099978e-05 7.502250937895735272e-02
-3.009646105390107601e-05 -1.499820590933417241e-01
-2.322805162452011747e-05 7.501454840995061546e-02
-1.822875449757013647e-05 1.197202894287875355e-05
-1.451590823195166450e-05 9.977433595571598551e-06
-1.170942884394544778e-05 8.407274468475278747e-06
-9.554758191756167532e-06 7.153047322090660780e-06
-7.877415133397007630e-06 6.138172563454114320e-06
-6.555326866001579283e-06 5.307485187838428104e-06
-5.501508722283603416e-06 4.620518290368752533e-06
-4.652950091473497000e-06 4.047101395572788932e-06
-3.963322787059716241e-06 3.564410175191370027e-06
-3.398100762662684835e-06 3.154948627179200792e-06
-2.931234055871847164e-06 2.805143627988361677e-06
-2.542844353335222063e-06 2.504349689162784948e-06
-2.217604119085421967e-06 2.244133421227924960e-06
-1.943580665476834201e-06 2.017752053813120721e-06
-1.711401182884382532e-06 1.819768419671768944e-06
-1.513642478344407549e-06 1.645763439750883718e-06
-1.344380023514472197e-06 1.492119025594237400e-06
-1.198851324626009973e-06 1.355852537628140681e-06
-1.073202222199274839e-06 1.234489354561908870e-06
-9.642940034572243382e-07 1.125963922303996411e-06
-8.695554930431960548e-07 1.028542296772700818e-06
-7.868687945162141948e-07 9.407610500960449718e-07
-7.144803015395838195e-07 8.613787079060968419e-07
-6.509310051872854553e-07 7.893369403319132121e-07
-5.950014614680800682e-07 7.237292743729185863e-07
-5.456681281312927810e-07 6.637757920531265027e-07
-5.020685068867644326e-07 6.088024874656150905e-07
-4.634731463783269324e-07 5.582243752186564931e-07
-4.292630547067256266e-07 5.115315673737930407e-07
-3.989114009978356884e-07 4.682777553985384422e-07
-3.719685677987596972e-07 4.280706158155123120e-07
-3.480499911653455597e-07 3.905638074272466120e-07
-3.268261029277568983e-07 3.554502256663874933e-07
-3.080141111008963413e-07 3.224563238211043616e-07
-2.913711505151485347e-07 2.913372796528365520e-07
-2.766886599587657820e-07 2.618728924507878744e-07
-2.637876681622691385e-07 2.338640382896833500e-07
-2.525149217069005969e-07 2.071296347910811519e-07
-2.427396249135766772e-07 1.815039968600107301e-07
-2.343507744459460973e-07 1.568345185803954323e-07
-2.272549230195389236e-07 1.329796414619366027e-07
-2.213743653025485036e-07 1.098070476789926586e-07
-2.166456340990663421e-07 8.719201902152029504e-08
-2.130183291981779803e-07 6.501597923924684608e-08
-2.104541626107847563e-07 4.316511569707470741e-08
-2.089262738204714087e-07 2.152912471475171285e-08
-2.084187377066407110e-07 0.000000000000000000e+00
-6.018000125662858503e-03 0.000000000000000000e+00
-1.180455197258254568e-02 -3.008264880792464648e-03
-1.691614298083342072e-01 -5.453690836752705245e-02
4.630038051280522260e-01 1.506881182569801414e-01
-3.091677575180689641e-01 -1.002967563908115783e-01
2.190226618161627767e-02 7.222909029553307297e-03
4.529875778779592077e-03 1.546968999318526061e-03
1.657418490278466175e-03 1.255935238013569655e-01
7.771709772081253874e-04 -2.497060146047467288e-01
4.206530795611857637e-04 1.251687161766821266e-01
2.503182546135472846e-04 1.065972648374354659e-04
1.594029665555119542e-04 7.206547024603551994e-05
1.068342741029464364e-04 5.122533135516024099e-05
7.453251226691985263e-05 3.784423347445051925e-05
5.370961828021185577e-05 2.882666554284174938e-05
3.975466334220486772e-05 7.502250937895564575e-02
3.009646105736184934e-05 -1.499820590933414188e-01
2.322805162373103513e-05 7.501454840995043505e-02
1.822875449677176048e-05 1.197202894350802957e-05
1.451590823248904931e-05 9.977433595147390899e-06
1.170942884322346570e-05 8.407274468660907711e-06
9.554758193699523693e-06 7.153047321487390363e-06
7.877415131222084520e-06 6.138172564687833054e-06
6.555326865475109343e-06 5.307485187377510043e-06
5.501508723774224702e-06 4.620518289323286025e-06
4.652950091481740324e-06 4.047101396518823937e-06
3.963322786415310515e-06 3.564410175527167345e-06
3.398100763367178654e-06 3.154948625310721073e-06
2.931234056308534153e-06 2.805143630721822548e-06
2.542844352556951674e-06 2.504349687269338085e-06
2.217604118685781658e-06 2.244133421074228714e-06
1.943580665778003965e-06 2.017752055075976118e-06
1.711401182799381082e-06 1.819768419310946461e-06
1.513642478103085957e-06 1.645763438886317824e-06
1.344380024469224230e-06 1.492119026051163606e-06
1.198851324127523884e-06 1.355852537802484202e-06
1.073202222317699151e-06 1.234489354741856784e-06
9.642940027457918366e-07 1.125963921981588989e-06
8.695554943875618560e-07 1.028542298077774878e-06
7.868687933457061412e-07 9.407610482804006267e-07
7.144803015852770119e-07 8.613787087480090514e-07
6.509310058178388041e-07 7.893369393575170028e-07
5.950014609386217957e-07 7.237292750856239666e-07
5.456681286206703014e-07 6.637757919310250092e-07
5.020685065609735383e-07 6.088024871238881182e-07
4.634731461115606819e-07 5.582243761683498335e-07
4.292630558624546493e-07 5.115315682077664340e-07
3.989113990430191714e-07 4.682777537540205870e-07
3.719685690113314069e-07 4.280706155934677071e-07
3.480499908433375145e-07 3.905638078643969280e-07
3.268261037799160889e-07 3.554502263267326849e-07
3.080141103409993674e-07 3.224563229489518052e-07
2.913711509728851394e-07 2.913372796929350917e-07
2.766886591425377290e-07 2.618728935572161914e-07
2.637876686509732678e-07 2.338640365795848159e-07
2.525149215854699536e-07 2.071296364980490523e-07
2.427396248427782753e-07 1.815039962771436421e-07
2.343507745448253354e-07 1.568345175950724979e-07
2.272549239632284945e-07 1.329796430808672866e-07
2.213743643258991867e-07 1.098070464907070776e-07
2.166456343211109470e-07 8.719201975704304886e-08
2.130183290316445266e-07 6.501597869801312157e-08
2.104541623887401514e-07 4.316511553054125372e-08
2.089262749584500090e-07 2.152912501095574638e-08
2.084187361575326469e-07 0.000000000000000000e+00
3.719328621961391287e-03 0.000000000000000000e+00
7.295614341020511054e-03 7.875739705077024200e-03
1.045475132070800423e-01 1.427794797475261390e-01
-2.861520884896695538e-01 -3.945066152975396090e-01
1.910761823717526675e-01 2.625803171925146229e-01
-1.353634493088588103e-02 -1.890982133701874651e-02
-2.799617196100770509e-03 -4.050017419760136746e-03
-1.024340960576393920e-03 1.234461345149155953e-01
-4.803180789812708283e-04 -2.507696637569679088e-01
-2.599779006431700637e-04 1.245582953149928090e-01
-1.547051893550743080e-04 -2.790752624516297043e-04
-9.851645123918199615e-05 -1.886698505191317999e-04
-6.602721255915789355e-05 -1.341096585723659525e-04
-4.606362584764055342e-05 -9.907748951514506693e-05
-3.319436962062689215e-05 -7.546919017171074102e-05
-2.456973315723034838e-05 7.494106968082658859e-02
-1.860063587206216285e-05 -1.500469699034211457e-01
-1.435572539746341782e-05 7.496191176826652591e-02
-1.126598985138103347e-05 -3.134317868613584884e-05
-8.971324665225940091e-06 -2.612126027246400802e-05
-7.236825014165357140e-06 -2.201053031393298621e-05
-5.905165317006034358e-06 -1.872692100933617265e-05
-4.868510297504833790e-06 -1.606994440390550649e-05
-4.051414807407876758e-06 -1.389517661452669911e-05
-3.400119381334603174e-06 -1.209667392817905771e-05
-2.875681304556828658e-06 -1.059544901200718426e-05
-2.449468190761188727e-06 -9.331746987858144572e-06
-2.100141768143162033e-06 -8.259762736127090966e-06
-1.811602276853737154e-06 -7.343961365348337052e-06
-1.571564237113123463e-06 -6.556472602426548178e-06
-1.370554719780754544e-06 -5.875217574307402336e-06
-1.201198910083717877e-06 -5.282543457222022813e-06
-1.057704100073872389e-06 -4.764215575301516958e-06
-9.354824996285960895e-07 -4.308664622174286056e-06
-8.308725467403064772e-07 -3.906418322942896494e-06
-7.409308664049296287e-07 -3.549668027991852113e-06
-6.632754508168952565e-07 -3.231935089616186870e-06
-5.959664682644701639e-07 -2.947811817709267225e-06
-5.374148511949521640e-07 -2.692758694648939212e-06
-4.863116583272990870e-07 -2.462944400577182521e-06
-4.415731107731947640e-07 -2.255118737219862976e-06
-4.022974865552672954e-07 -2.066510936355941350e-06
-3.677311257839040343e-07 -1.894747839917161603e-06
-3.372414495311390336e-07 -1.737787583480498993e-06
-3.102954027854683321e-07 -1.593865605309242157e-06
-2.864421560597111129e-07 -1.461450388335704917e-06
-2.652991603418948405e-07 -1.339207031635269220e-06
-2.465408013559242800e-07 -1.225967076586009785e-06
-2.298892188470208486e-07 -1.120703422105573388e-06
-2.151067240846720602e-07 -1.022509322552711541e-06
-2.019896414114021477e-07 -9.305807733258269565e-07
-1.903631883197877493e-07 -8.442016137031433613e-07
-1.800772749835870658e-07 -7.627309026893010040e-07
-1.710029947064409272e-07 -6.855921318580022236e-07
-1.630297465454283142e-07 -6.122640007618035483e-07
-1.560628031293045948e-07 -5.422724256159972001e-07
-1.500213392099979462e-07 -4.751836322758329345e-07
-1.448367438127914908e-07 -4.105980987503810020e-07
-1.404512672306505727e-07 -3.481452230053375119e-07
-1.368168806754888056e-07 -2.874785814590413713e-07
-1.338943663997671507e-07 -2.282716707047161009e-07
-1.316525671812840415e-07 -1.702140424164610977e-07
-1.300678250659714763e-07 -1.130077400685047806e-07
-1.291235395485708370e-07 -5.636398065552578052e-08
-1.288098626459760476e-07 0.000000000000000000e+00
5.997500190243827141e-16 0.000000000000000000e+00
-3.482151150077456854e-16 -9.734949648570096620e-03
-4.755077204174460869e-16 -1.764851427599956057e-01
7.724162504732716976e-16 4.876369940811167147e-01
2.788261759686734509e-16 -3.245671216034048401e-01
-6.431181059238028914e-16 2.337382461493182906e-02
2.318509110307742669e-17 5.006096840881235979e-03
-1.248536599039708567e-15 1.269206833674548229e-01
2.416243302922192627e-15 -2.490486432765696423e-01
-9.224085855560688336e-16 1.255459770166494349e-01
-3.668837455028949557e-16 3.449559952289759247e-04
-3.150724098475794710e-16 2.332087605453504601e-04
1.138327448206557042e-15 1.657686544348845417e-04
-7.061034758816326646e-16 1.224665120813490341e-04
9.435807862263076449e-16 9.328504925862330212e-05
-2.664396216088529005e-15 7.507284188043442108e-02
2.938157264641118875e-15 -1.499419420064749819e-01
-1.441849846393874008e-15 7.504707964356480132e-02
1.228956458292994736e-16 3.874229948811134914e-05
3.696317552631177339e-16 3.228765335432281700e-05
7.787015033143240905e-17 2.720651168820042022e-05
-6.431508207652189003e-17 2.314774737830539605e-05
8.274581211140861514e-16 1.986354367525104510e-05
-2.114406712007997489e-15 1.717538285617967219e-05
1.218980443086302782e-15 1.495231127793544636e-05
-2.368065655212820704e-16 1.309669522962323314e-05
3.634776130471771732e-16 1.153467362698296195e-05
-5.143688861829124263e-16 1.020962821857974336e-05
1.976228213812981860e-16 9.077635472814795775e-06
1.653391609675236455e-16 8.104245829435726840e-06
4.504596977958904668e-16 7.262168303371911425e-06
-7.112423188935060980e-16 6.529582807133860130e-06
-1.912838860210413210e-16 5.888894311592562936e-06
-1.359400804110548891e-17 5.325802364422567377e-06
1.145098924103170273e-15 4.828598596566273092e-06
-7.576859824244066399e-16 4.387630979722087084e-06
-1.256930427174572706e-16 3.994891469355257412e-06
2.576910573275416047e-16 3.643695791758181760e-06
4.032907026669710520e-16 3.328432793409640407e-06
-9.488156847196689010e-16 3.044366704738875678e-06
8.065794746893208186e-17 2.787480055530031884e-06
3.875507372622825069e-16 2.554347994379343363e-06
-2.027473950498511446e-16 2.342037129609651210e-06
7.287754189648356355e-16 2.148023583873175045e-06
-1.074530032869304762e-15 1.970126235803329833e-06
3.009001137911147872e-16 1.806452024496141095e-06
1.474397699545738073e-15 1.655350927148522818e-06
-1.788794541589235624e-15 1.515378645781939593e-06
2.382182500008275872e-17 1.385265612677266667e-06
4.928005101892601041e-16 1.263891029758268392e-06
-2.344658605513953308e-16 1.150261093230315907e-06
7.937682570076581006e-16 1.043490582717322744e-06
-9.137420036567572006e-16 9.427872439539641781e-07
7.783048235225835936e-16 8.474384793139206392e-07
-4.521291413145677418e-16 7.567999254348147745e-07
1.114866061261081946e-16 6.702855802481755276e-07
-3.315586830250700076e-16 5.873592715810449505e-07
3.404701049550467311e-16 5.075271613669274373e-07
-2.337708237759871488e-16 4.303311618332472666e-07
3.170513380293597860e-16 3.553430684925112937e-07
-4.289410022298638436e-16 2.821593024782131920e-07
3.838381918544669085e-16 2.103961269928067424e-07
-5.622438942162864416e-16 1.396852492147049318e-07
9.556464176233219470e-16 6.966971121888376750e-08
-1.093340093528981010e-15 0.000000000000000000e+00
-3.719328621960230757e-03 0.000000000000000000e+00
-7.295614341021093921e-03 7.875739705076968689e-03
-1.045475132070793345e-01 1.427794797475266109e-01
2.861520884896667782e-01 -3.945066152975411633e-01
-1.910761823717497809e-01 2.625803171925161772e-01
1.353634493088538837e-02 -1.890982133701948203e-02
2.799617196100550633e-03 -4.050017419759913834e-03
1.024340960574149188e-03 1.234461345149160533e-01
4.803180789856352842e-04 -2.507696637569680753e-01
2.599779006407449203e-04 1.245582953149923233e-01
1.547051893552003465e-04 -2.790752624515373845e-04
9.851645123790156694e-05 -1.886698505193217521e-04
6.602721256202887445e-05 -1.341096585722246267e-04
4.606362584654308332e-05 -9.907748951482303178e-05
3.319436961868976846e-05 -7.546919017097628891e-05
2.456973315749532739e-05 7.494106968082531184e-02
1.860063587578661415e-05 -1.500469699034208959e-01
1.435572539449010178e-05 7.496191176826731695e-02
1.126598985249802428e-05 -3.134317868703476764e-05
8.971324663441544909e-06 -2.612126027288274723e-05
7.236825016390580455e-06 -2.201053031312241633e-05
5.905165316665765977e-06 -1.872692100943889064e-05
4.868510294183129713e-06 -1.606994440256524287e-05
4.051414811036668395e-06 -1.389517661664554186e-05
3.400119381045598073e-06 -1.209667392767720932e-05
2.875681303521045430e-06 -1.059544901143110699e-05
2.449468191298493489e-06 -9.331746988546555353e-06
2.100141767911261776e-06 -8.259762734738937797e-06
1.811602276605453162e-06 -7.343961367012055450e-06
1.571564237381524275e-06 -6.556472602199799152e-06
1.370554719463681313e-06 -5.875217573194771197e-06
1.201198910812746853e-06 -5.282543458124931136e-06
1.057704100162343286e-06 -4.764215575311925299e-06
9.354824971149705496e-07 -4.308664621673803087e-06
8.308725496178315591e-07 -3.906418323578866618e-06
7.409308663308177399e-07 -3.549668027765103087e-06
6.632754496496449976e-07 -3.231935089170481521e-06
5.959664691486264476e-07 -2.947811818716768023e-06
5.374148495834198893e-07 -2.692758692667609716e-06
4.863116600986052807e-07 -2.462944402270122709e-06
4.415731101950549670e-07 -2.255118736634747863e-06
4.022974856742776443e-07 -2.066510936927410763e-06
3.677311271862450055e-07 -1.894747839389399090e-06
3.372414492239214542e-07 -1.737787584130954228e-06
3.102954021006794637e-07 -1.593865604783166934e-06
2.864421565812276044e-07 -1.461450388560155096e-06
2.652991582777450047e-07 -1.339207029418621267e-06
2.465408045790404984e-07 -1.225967080201173509e-06
2.298892180056799628e-07 -1.120703420592894517e-06
2.151067231561613197e-07 -1.022509322289033573e-06
2.019896424152446105e-07 -9.305807731534320349e-07
1.903631876270266067e-07 -8.442016149631692448e-07
1.800772752906127923e-07 -7.627309010005883577e-07
1.710029947530412918e-07 -6.855921333780536694e-07
1.630297455135388965e-07 -6.122639991209990855e-07
1.560628046662695945e-07 -5.422724272119427980e-07
1.500213382176276977e-07 -4.751836311378543343e-07
1.448367442395334659e-07 -4.105980992569202570e-07
1.404512667774540646e-07 -3.481452228860752729e-07
1.368168815385137349e-07 -2.874785816481262302e-07
1.338943655948554579e-07 -2.282716702328713154e-07
1.316525672645507683e-07 -1.702140425274834001e-07
1.300678253990383837e-07 -1.130077407485163832e-07
1.291235399440877896e-07 -5.636397983500157638e-08
1.288098614403432318e-07 0.000000000000000000e+00
-5.809668478227376226e-02 0.000000000000000000e+00
-7.939934845306946889e-03 -6.296653870561139121e-02
2.170379985551170732e-01 -9.034258892801765028e-02
-4.190256741606023239e-01 1.811858371053696737e-01
2.953723185451175848e-01 -5.784915199952160580e-02
-5.675061574673886944e-02 3.574179149053107775e-03
-3.899291617723875131e-03 -2.643576487523919757e-02
2.387166882450558053e-02 1.253939997693512831e-01
2.775176863694868087e-03 -2.246126857346781858e-01
-2.249927396978982502e-02 1.341466847845229071e-01
-1.252255519303490869e-02 -1.525762243300612594e-02
8.093726463398842608e-03 -1.061598880233781406e-02
5.518655221619017323e-03 4.724983386570229260e-03
-5.777145323121937216e-03 8.224157384497110534e-04
9.400417815297957072e-04 -9.449146130720915276e-03
1.308413363067530664e-02 7.413493727747513806e-02
5.093517742773122185e-03 -1.355926020541551591e-01
-1.253585192621258296e-02 8.443224807531127252e-02
-1.170447877486543997e-02 -8.485103581550211549e-03
4.409709481523064849e-03 -1.129046686015951727e-02
9.322057744923839540e-03 1.919715778858187586e-03
-1.072217873559234156e-03 7.396111090390360479e-03
-6.230234803372682907e-03 -9.332515858003776745e-04
7.792749361988529719e-04 -5.569633027584472082e-03
4.996890924530351941e-03 5.477766278852860089e-04
-4.141988357336608313e-04 4.443991421494810842e-03
-4.017063575014318683e-03 -3.792187604146780161e-04
3.347344003357564045e-04 -3.708741736017322384e-03
3.430634244252412680e-03 2.637210235851806476e-04
-2.188942028832235355e-04 3.163065116350539073e-03
-2.942365698460158805e-03 -2.048509730937625429e-04
1.845152040143866877e-04 -2.767942252784828458e-03
2.606295354169969186e-03 1.526685547740651294e-04
-1.324443927800383468e-04 2.450788556340054505e-03
-2.318717389739247039e-03 -1.254955145499939118e-04
1.142273805090792717e-04 -2.209482842509901714e-03
2.106536739044011751e-03 9.701836456800180288e-05
-8.626139405444507293e-05 2.007435558519386244e-03
-1.921946601947959257e-03 -8.234870875084565611e-05
7.539467067340559561e-05 -1.849410605058986754e-03
1.780357859706912854e-03 6.498076855809907081e-05
-5.857297918737523366e-05 1.713862230537344230e-03
-1.656026079284511794e-03 -5.613446212192980869e-05
5.152422683837539798e-05 -1.606286529212493444e-03
1.558711755250615470e-03 4.470333514209885555e-05
-4.051560353275206888e-05 1.512932494888522342e-03
-1.473013444422826244e-03 -3.884221323439268625e-05
3.561793510481123248e-05 -1.438564334682389256e-03
1.405648183006934053e-03 3.086397176096933315e-05
-2.787658606333807965e-05 1.374061490710683231e-03
-1.346625539846249033e-03 -2.660527712033001341e-05
2.424848649960290731e-05 -1.323154888370231541e-03
1.300941553642640750e-03 2.074874738748058375e-05
-1.841506918883167171e-05 1.279769141820579631e-03
-1.261645093854546137e-03 -1.733857041184318215e-05
1.554438563786987582e-05 -1.246607662951773610e-03
1.232761570076538679e-03 1.282450948671132185e-05
-1.081722196165368910e-05 1.219782378336004003e-03
-1.209114278489655230e-03 -9.801664848620855741e-06
8.376772847939334410e-06 -1.201040814916078635e-03
1.194238146884601948e-03 6.133376844744825584e-06
-4.228666452055218627e-06 1.188209032327067205e-03
-1.183989709369615007e-03 -3.172790727049012993e-06
1.983850836667286344e-06 -1.182143169041478814e-03
1.181771105584358827e-03 0.000000000000000000e+00
-6.411468490793592601e-02 0.000000000000000000e+00
-1.974448681789040677e-02 5.995827382481913603e-02
4.787656874678418439e-02 3.580568056048922393e-02
4.397813096744952743e-02 -3.049771884838640285e-02
-1.379543897295154239e-02 -4.244760439129312279e-02
-3.484834956512364995e-02 3.648729880500709531e-03
6.305841610566740793e-04 2.798273387455840755e-02
2.552908731478494703e-02 1.995240320060401480e-04
3.552347840900567898e-03 -2.509332887006923002e-02
-2.207862089022705893e-02 -8.977968607839644302e-03
-1.227223693842173675e-02 1.536421969784163358e-02
8.253129429955759905e-03 1.068805427258561445e-02
5.625489495719818503e-03 -4.673758055215392233e-03
-5.702612810854372494e-03 -7.845715049756537066e-04
9.937513998106379046e-04 9.477972796262092159e-03
1.312388829401875921e-02 8.875721014830360509e-04
5.123614203827497708e-03 -1.438945703918652688e-02
-1.251262387458769790e-02 -9.417699665360629302e-03
-1.168625002036738011e-02 8.497075610491889447e-03
4.424225389753856305e-03 1.130044429375511722e-02
9.333767173767167080e-03 -1.911308504387376718e-03
-1.062663115366126306e-03 -7.388958043069982634e-03
-6.222357388238883291e-03 9.393897583630857629e-04
7.858302630632780323e-04 5.574940512773585329e-03
5.002392433253543755e-03 -5.431561095953542102e-04
-4.095458856422633936e-04 -4.439944320098586014e-03
-4.013100252226254119e-03 3.827831705892944104e-04
3.381325010958951866e-04 3.711896684642817384e-03
3.433565478310780274e-03 -2.609158799542063076e-04
-2.163513585313972954e-04 -3.160560766663491564e-03
-2.940148094340747954e-03 2.070951065158749727e-04
1.864587846802396719e-04 2.769960004838795294e-03
2.608006755352087688e-03 -1.508487863542996854e-04
-1.309307503006389422e-04 -2.449142792899583303e-03
-2.317373009716266162e-03 1.269876335737213824e-04
1.154262318333407623e-04 2.210838695047846660e-03
2.107609941267246309e-03 -9.578387521263969436e-05
-8.529710005263075158e-05 -2.006309594597415966e-03
-1.921077046452397252e-03 8.337725104783495723e-05
7.618153946542700894e-05 1.850351366109071090e-03
1.781072340009385094e-03 -6.411938985068196990e-05
-5.792204818184660663e-05 -1.713072893596229293e-03
-1.655431077823301799e-03 5.685819139540832824e-05
5.206989496602996113e-05 1.606950305005024060e-03
1.559213823758671784e-03 -4.409453265523366992e-05
-4.005213038825840635e-05 -1.512374270512106128e-03
-1.472584181366150269e-03 3.935374480072868775e-05
3.601684650485475342e-05 1.439032612438786128e-03
1.406020151575115319e-03 -3.043590114606628538e-05
-2.752853607324891316e-05 -1.373670926903132819e-03
-1.346298713741251110e-03 2.696072734643169960e-05
2.455650060835491352e-05 1.323477344693040590e-03
1.301232924795500418e-03 -2.045741010666193849e-05
-1.813838053161490743e-05 -1.279507268928904359e-03
-1.261381306185254889e-03 1.757243445058356834e-05
1.579690056053434377e-05 1.246814792587132379e-03
1.233004309700721883e-03 -1.264300549022427667e-05
-1.058287118739335841e-05 -1.219625543818097114e-03
-1.208887023564992474e-03 9.934644490922073246e-06
8.598147210790718642e-06 1.201150621962421457e-03
1.194454792520550229e-03 -6.046184823981642920e-06
-4.015648124151144360e-06 -1.188144016349019713e-03
-1.183779255206875852e-03 3.215955843537121606e-06
2.192777111179045058e-06 1.182164698165445033e-03
1.181979524321703778e-03 0.000000000000000000e+00
