1.000000000000000000e+00
9.999782583223139065e-01
9.999046373711883984e-01
9.997656757218295054e-01
9.995467575793784976e-01
9.992321166175655023e-01
9.988048410541912059e-01
9.982468801759111221e-01
9.975390525397721531e-01
9.966610560936565166e-01
9.955914804721566203e-01
9.943078217383491957e-01
9.927864998553929121e-01
9.910028791847296237e-01
9.889312923198282368e-01
9.865450675757562182e-01
9.838165604652658880e-01
9.807171895014095142e-01
9.772174766747860897e-01
9.732870929602305266e-01
9.688949092128869012e-01
9.640090528169987794e-01
9.585969704521816181e-01
9.526254973412300320e-01
9.460609333404187415e-01
9.388691262275612459e-01
9.310155625345567509e-01
9.224654662595326293e-01
9.131839057787325409e-01
9.031359092597339711e-01
8.922865888551684277e-01
8.806012739295633329e-01
8.680456535409958319e-01
8.545859283636605408e-01
8.401889721969570957e-01
8.248225031610562086e-01
8.084552646278567734e-01
7.910572158795922126e-01
7.725997324248685683e-01
7.530558158334578200e-01
7.324003128765531612e-01
7.106101436783296421e-01
6.876645384974517938e-01
6.635452826635841461e-01
6.382369690940392637e-01
6.117272577094792219e-01
5.840071409552303194e-01
5.550712145164624634e-01
5.249179521915214863e-01
4.935499837584323979e-01
4.609743745354623612e-01
4.272029051982170755e-01
3.922523502736508516e-01
3.561447535863924707e-01
3.189076987857764056e-01
2.805745729339261252e-01
2.411848209872713977e-01
2.007841888572435007e-01
1.594249525919689547e-01
1.171661310810717810e-01
7.407367955186480724e-02
3.022066099903078160e-02
-1.431260742668715065e-02
-5.943843615023109567e-02
-1.050616761949885042e-01
-1.510796667421695216e-01
-1.973822205288958131e-01
-2.438516504225748949e-01
-2.903628405209524588e-01
-3.367833651128113170e-01
-3.829736587908592615e-01
-4.287872409332055268e-01
-4.740709976602752174e-01
-5.186655242273152666e-01
-5.624055306262423226e-01
-6.051203129418842863e-01
-6.466342927343904368e-01
-6.867676263994501040e-01
-7.253368860890885284e-01
-7.621558133564992898e-01
-7.970361462173012335e-01
-8.297885197958279058e-01
-8.602234401481146930e-01
-8.881523302230778238e-01
-9.133886462406918261e-01
-9.357490620318337227e-01
-9.550547181009110265e-01
-9.711325313419758576e-01
-9.838165604652658880e-01
-9.929494212782805640e-01
-9.983837450188538520e-01
-9.999836719633704574e-01
-9.976263715384844355e-01
-9.912035791576122579e-01
-9.806231389933369735e-01
-9.658105408939475778e-01
-9.467104386679953132e-01
-9.232881360073331711e-01
-8.955310254099935197e-01
-8.634499646137575590e-01
-8.270805742745614975e-01
-7.864844399369997907e-01
-7.417502007636935790e-01
-6.929945070335417068e-01
-6.403628281032939240e-01
-5.840300923704644376e-01
-5.242011407959731306e-01
-4.611109757598192416e-01
-3.950247874494886013e-01
-3.262377406351196774e-01
-2.550745055829508057e-01
-1.818885180130469514e-01
-1.070609544310386629e-01
-3.099941086647298172e-02
4.586372495979631342e-02
1.230732157354851031e-01
2.001532360458707083e-01
2.766099555083062489e-01
3.519344426583287389e-01
4.256058852685368765e-01
4.970951190971499845e-01
5.658684531396563910e-01
6.313917753194406846e-01
6.931349182329091807e-01
7.505762600975931509e-01
8.032075314806450539e-01
8.505387937578867685e-01
8.921035506241007385e-01
9.274639494028992237e-01
9.562160244539882337e-01
9.779949307166000416e-01
9.924801114344070641e-01
9.994003404572395777e-01
9.985385762893913553e-01
9.897365623363956200e-01
9.728991056761427947e-01
9.479979652304546534e-01
9.150752795226501091e-01
8.742464643555680759e-01
8.257025118088759941e-01
7.697116240044480362e-01
7.066201181865527925e-01
6.368525438625047830e-01
5.609109580911678661e-01
4.793733115196424088e-01
3.928909054663193845e-01
3.021848892279407339e-01
2.080417768277349200e-01
1.113079735790154512e-01
1.288331505072782233e-02
-8.628636579792302308e-02
-1.852176135072199359e-01
-2.828986224603497468e-01
-3.782993467793170916e-01
-4.703823721587434559e-01
-5.581144581328998378e-01
-6.404786434345522972e-01
-7.164867915711226054e-01
-7.851924387838168373e-01
-8.457037924545418583e-01
-8.971967150818874748e-01
-9.389275174687476966e-01
-9.702453750615513961e-01
-9.906041737655550961e-01
-9.995735863362169571e-01
-9.968491779049455381e-01
-9.822613396107195971e-01
-9.557828529234356774e-01
-9.175348942731772484e-01
-8.677913002143208265e-01
-8.069809276791313213e-01
-7.356879619820019256e-01
-6.546500471311477165e-01
-5.647541386296248689e-01
-4.670300081695770711e-01
-3.626413622313685581e-01
-2.528745723009488411e-01
-1.391250528378540907e-01
-2.288136380256032207e-02
9.429284305995801196e-02
2.107788715081503894e-01
3.249248151317042366e-01
4.350689287158274743e-01
5.395642443882965322e-01
6.368041001497899423e-01
7.252482112679284887e-01
8.034488818626778217e-01
8.700769257725953221e-01
9.239468433991515628e-01
9.640407855768293732e-01
9.895308274481207089e-01
9.997990755930939999e-01
9.944551409261055408e-01
9.733505286531234368e-01
9.365895252560245687e-01
8.845362012360523662e-01
8.178171972143762902e-01
7.373200197486851071e-01
6.441866414493535586e-01
5.398022769974583079e-01
4.257792915650724930e-01
3.039362897544124476e-01
1.762725301019162083e-01
4.493791079789559439e-02
-8.780112530332842558e-02
-2.195993161138586891e-01
-3.480733861652694494e-01
-4.708452879044466854e-01
-5.855871457059531604e-01
-6.900670918062797865e-01
-7.821951174187740108e-01
-8.600680108278994096e-01
-9.220124195096329744e-01
-9.666250572940834340e-01
-9.928090820147844608e-01
-9.998056953718097439e-01
-9.872200658623572211e-01
-9.550407481264587828e-01
-9.036518679213377814e-01
-8.338374606159363323e-01
-7.467774914284390775e-01
-6.440352458342536446e-01
-5.275359562403747482e-01
-3.995367231231841121e-01
-2.625879917320921297e-01
-1.194870549887552258e-01
2.677573531392835049e-02
1.730771585742419127e-01
3.162266264709548413e-01
4.530357191848383702e-01
5.803903149923875793e-01
6.953237309790500920e-01
7.950891828375932224e-01
8.772297975809866255e-01
9.396443788709764044e-01
9.806471341681205489e-01
9.990196287710902956e-01
9.940533357094045730e-01
9.655813028795585673e-01
9.139976589738334489e-01
8.402639254738434316e-01
7.459013896735324778e-01
6.329691183290423462e-01
5.040275466689223549e-01
3.620879553665466988e-01
2.105485396916435548e-01
5.311817038490915244e-02
-1.062706660328763264e-01
-2.635578902508264321e-01
-4.146586199879488954e-01
-5.555702330196014005e-01
-6.824809659786047478e-01
-7.918771315623511775e-01
-8.806459300820365099e-01
-9.461708056767318409e-01
-9.864163589293377665e-01
-9.999999797870502416e-01
-9.862476088162807075e-01
-9.452313693788298998e-01
-8.777872338639162164e-01
-7.855113862240106215e-01
-6.707345103376920470e-01
-5.364738558861206208e-01
-3.863635945489071188e-01
-2.245646611258497738e-01
-5.565595647875275220e-02
1.154905496323540837e-01
2.838476600573626163e-01
4.443800286431482949e-01
5.921963041610222023e-01
7.227018128188354984e-01
8.317470232422292664e-01
9.157669503035884562e-01
9.719067197726548590e-01
9.981287414884533193e-01
9.932973266520132016e-01
9.572371315362273592e-01
8.907625063287399891e-01
7.956756591016419522e-01
6.747324904908654775e-01
5.315759886622337671e-01
3.706381658184270678e-01
1.970126320869309833e-01
1.630100226881240136e-02
-1.655626241522728803e-01
-3.425039195112605239e-01
-5.085113155197440449e-01
-6.578430729487235729e-01
-7.852313459741461221e-01
-8.860759478920176013e-01
-9.566205726401230125e-01
-9.941045405585936523e-01
-9.968837205748664054e-01
-9.645151280140816796e-01
-8.978007905937435140e-01
-7.987877874488495955e-01
-6.707228596974889046e-01
-5.179616191783701362e-01
-3.458340894998563897e-01
-1.604700388397053423e-01
3.141075907812695273e-02
2.227366389933288504e-01
4.063424602547456299e-01
5.752391252183498560e-01
7.228841804685942618e-01
8.434430189868079575e-01
9.320301341185309729e-01
9.849202282907710826e-01
9.997197592776494446e-01
9.754907055704620245e-01
9.128199232549776276e-01
8.138294048819151305e-01
6.821249739784586152e-01
5.226833791558894715e-01
3.416802978392237677e-01
1.462643197321635835e-01
-5.571555412044291306e-02
-2.560191000421624952e-01
-4.463490039966955258e-01
-6.186966596453374878e-01
-7.656853233364393496e-01
-8.808958599655070110e-01
-9.591604802812082609e-01
-9.968106856424990836e-01
-9.918670976477973467e-01
-9.441609252654692419e-01
-8.553794491380454224e-01
-7.290309908725880472e-01
-5.703282672549615517e-01
-3.859926657629274560e-01
-1.839856614169956828e-01
2.682284227845429733e-02
2.370361957610985781e-01
4.371468476041606155e-01
6.179682958974213047e-01
7.710636499500005403e-01
8.891507199615790169e-01
9.664638942866972116e-01
9.990543629671863046e-01
9.850124869138205952e-01
9.245992320618809934e-01
8.202774778364698705e-01
6.766385160464063464e-01
5.002239874930218821e-01
2.992486350126854489e-01
8.323433698476481735e-02
-1.374293328877062292e-01
-3.519785513900830498e-01
-5.497998073212645442e-01
-7.209602806716540746e-01
-8.567175188650528739e-01
-9.499819723616925726e-01
-9.957073982845753291e-01
-9.911869402421236153e-01
-9.362367629859892348e-01
-8.332543081017274034e-01
-6.871443201228237818e-01
-5.051124902390068394e-01
-2.963335482768028051e-01
-7.150754133197138873e-02
1.576755069718221436e-01
3.791367303564891489e-01
5.810450570462917241e-01
7.524560641803285099e-01
8.839184675812939984e-01
9.680142195709520170e-01
9.998006468526530188e-01
9.771273744348332180e-01
9.008067925924481134e-01
7.746242699204446414e-01
6.051828392966243086e-01
4.015862477223909321e-01
1.749735691528995496e-01
-6.207249824461946036e-02
-2.962135264776975530e-01
-5.141027441932216613e-01
-7.031505153527310981e-01
-8.522640453528180782e-01
-9.525174655697707937e-01
-9.977110530775078479e-01
-9.847834975530974644e-01
-9.140486359679339534e-01
-7.892375891936032062e-01
-6.173382656133343804e-01
-4.082361409873895286e-01
-1.741723912413704334e-01
7.095289189120490558e-02
3.123942748040706707e-01
5.354447752071604949e-01
7.263374271191079812e-01
8.731093375771191711e-01
9.663734763397801020e-01
9.999474265782025695e-01
9.712956721939712823e-01
8.817523810280942786e-01
7.365045267947207819e-01
5.443298526950695049e-01
3.170997430371226278e-01
6.907256207743660281e-02
-1.839825734538044211e-01
-4.257792915650733812e-01
-6.405630829320999586e-01
-8.141487604079464813e-01
-9.348776038412260903e-01
-9.944286795133395751e-01
-9.884264689284824046e-01
-9.167987579295049372e-01
-7.838540958232952383e-01
-5.980661355758746245e-01
-3.715716871921951880e-01
-1.194090774821606749e-01
1.414579445674422897e-01
3.932693261738901547e-01
6.186769144153055899e-01
8.019500085055384364e-01
9.300941756436600372e-01
9.938027339123570725e-01
9.881696197887299693e-01
9.131070686184796781e-01
7.734308076140451460e-01
5.785980892763707972e-01
3.421083777461677577e-01
8.060113812430387548e-02
-1.872918213622687122e-01
-4.422623923465848761e-01
-6.657188856852674919e-01
-8.411553163202993844e-01
-9.553958559984573329e-01
-9.996192614573399249e-01
-9.700816130957710115e-01
-8.684758186442189665e-01
-7.018917860287512411e-01
-4.823702264571944620e-01
-2.260736386193824832e-01
4.787213443752638686e-02
3.187856163104006435e-01
5.659850077953229031e-01
7.703750503438528963e-01
9.159435429916785720e-01
9.910490719844851082e-01
9.893943680257970552e-01
9.106013041466720637e-01
7.603325098931745796e-01
5.499388802437388257e-01
2.956493613965524569e-01
1.735642786837596901e-02
-2.629153622001172419e-01
-5.227423003356296283e-01
-7.411009002137785018e-01
-9.000893927240761760e-01
-9.864292571764948780e-01
-9.926186766132981676e-01
-9.176348069651280026e-01
-7.671161136864422803e-01
-5.529972379121285142e-01
-2.926137100238941358e-01
-7.338694564534555161e-03
2.791449618886071016e-01
5.428004226576065294e-01
7.612601927789878209e-01
9.157467570017039371e-01
9.927242170364987128e-01
9.851330825159132498e-01
8.930921943192846602e-01
7.239946656827822569e-01
4.919753729637068584e-01
2.167817554014961900e-01
-7.786715128768668948e-02
-3.663011556214050279e-01
-6.231293765953244135e-01
-8.254880170867594513e-01
-9.551059231952597761e-01
-9.999992723338949618e-01
-9.556349147941020084e-01
-8.254454585018740076e-01
-6.206347211065634806e-01
-3.592750330128861025e-01
-6.476255812559210401e-02
2.362425812182377682e-01
5.162137756561854252e-01
7.492794485861572484e-01
9.136378616493838756e-01
9.936382279064442935e-01
9.813263176111155506e-01
8.772976572116962801e-01
6.907625290883764313e-01
4.387990361367175574e-01
1.448470103506148965e-01
-1.634306524316100628e-01
-4.567287449544603084e-01
-7.068846021489761933e-01
-8.896031405544791992e-01
-9.868570702211799661e-01
-9.887219566145579730e-01
-8.944547513731807564e-01
-7.126936148765405932e-01
-4.607401755955256029e-01
-1.629750300719866873e-01
1.514554252095775544e-01
4.514666236123923704e-01
7.071067811865421326e-01
8.925686627372573234e-01
9.888378708682122875e-01
9.857023516032916710e-01
8.829056369521369740e-01
6.903080671430451565e-01
4.270182644969869323e-01
1.195619127016737671e-01
-2.007441796859142924e-01
-5.009582864681298986e-01
-7.499032753675967111e-01
-9.214312094027408140e-01
-9.972191591772856523e-01
-9.687929801797308116e-01
-8.385496342100902112e-01
-6.196489024265428025e-01
-3.347622312081129370e-01
-1.378801324761780300e-02
3.092440608092860699e-01
5.997643175799043380e-01
8.263735866196753044e-01
9.642741822883614811e-01
9.980432637045532074e-01
9.234328757290487522e-01
7.479797576044050489e-01
4.903334404060794016e-01
1.783502283483045237e-01
-1.538616213503670449e-01
-4.696392188482648167e-01
-7.338083627946411225e-01
-9.166280495371279535e-01
-9.971916989984455082e-01
-9.658911251739521475e-01
-8.256457975353627132e-01
-5.917329462722747957e-01
-2.902095184410031226e-01
4.492221869755210623e-02
3.755058354268352439e-01
6.635617348757630873e-01
8.756687412975122653e-01
9.868895409875370062e-01
9.837743151905464778e-01
8.660735708525745258e-01
6.469337937913642866e-01
3.515227234881611595e-01
1.421522796234854329e-02
-3.253555951625603515e-01
-6.269353717165631057e-01
-8.544341660622181145e-01
-9.802912472338429772e-01
-9.888864987445018517e-01
-8.785686529438970771e-01
-6.620279528218121490e-01
-3.649356085713115205e-01
-2.298186833139042110e-02
3.223565655510760575e-01
6.288254577142715629e-01
8.585769818602752013e-01
9.828919150574647601e-01
9.858459736949205521e-01
8.664439788509311624e-01
6.389259923974730526e-01
3.311718920063307370e-01
-1.863170788985273052e-02
-3.666753007801810682e-01
-6.689944067213147161e-01
-8.870424225139896812e-01
-9.926605277388970139e-01
-9.717979206231435185e-01
-8.264814865935290467e-01
-5.747481943579340058e-01
-2.485103521629971335e-01
1.104087717883699832e-01
4.555880999589598246e-01
7.420029870397606420e-01
9.319287753895112436e-01
9.999766339210119925e-01
9.365818187066290434e-01
7.494541871970872293e-01
4.627604771425467001e-01
1.141049042345300135e-01
-2.503296495711651581e-01
-5.818629560555199642e-01
-8.358263337357464406e-01
-9.776290219524368386e-01
-9.875528223365120928e-01
-8.636004752879291591e-01
-6.219738614004510779e-01
-2.950730863579785757e-01
7.275463815420123159e-02
4.311726106521619473e-01
7.307275278623432957e-01
9.297024512622358294e-01
9.999972315723080207e-01
9.311989036082941595e-01
7.322398653257871093e-01
4.303674232200042082e-01
6.752110493339433250e-02
-3.054174424550180067e-01
-6.357255776301071748e-01
-8.763066800438644721e-01
-9.924647216067401523e-01
-9.670046892294476004e-01
-8.028967624750791288e-01
-5.230770323569986502e-01
-1.673624227129003883e-01
2.131245159816057555e-01
5.632546692379685194e-01
8.318812923220123556e-01
9.793620982921615870e-01
9.835020839329012832e-01
8.430140690756419142e-01
5.779419474843650040e-01
2.269304231418027007e-01
-1.583083426061281662e-01
-5.205551912544416071e-01
-8.055760054032233830e-01
-9.702871965590820214e-01
-9.893596587793450636e-01
-8.592366344688631141e-01
-5.989117894860392921e-01
-2.472929408655527017e-01
1.425059356434542901e-01
5.111247822044889810e-01
8.019875421153672690e-01
9.700312531945434191e-01
9.887816306136617550e-01
8.546511800370018008e-01
5.877445859203969114e-01
2.289859883119609585e-01
-1.660459291297634865e-01
-5.356649805420482524e-01
-8.217034403635367079e-01
-9.787171507119081237e-01
-9.813063708844437238e-01
-8.283586596738224950e-01
-5.434862523899367526e-01
-1.715236653297558256e-01
2.284201975337657176e-01
5.922975585116176944e-01
8.613810275298561248e-01
9.918041997233747464e-01
9.618250362968235878e-01
7.755929231953200276e-01
4.627465522374450968e-01
7.383870534936817775e-02
-3.277310963474742156e-01
-6.760067628616484026e-01
-9.133272483314921475e-01
-9.999525463254577140e-01
-9.208454801410204116e-01
-6.884328115467112097e-01
-3.408180184097486798e-01
6.432992239586993177e-02
4.592561712099365590e-01
7.774259691584490817e-01
9.647759378384376250e-01
9.890024961586098007e-01
8.452760087603619077e-01
5.573478267426587029e-01
1.737856810761218840e-01
-2.400962299570991443e-01
-6.132942258798037560e-01
-8.812999880633000105e-01
-9.973230601892892899e-01
-9.405877693047227650e-01
-7.202131342568348638e-01
-3.739271553108194923e-01
3.824270432247932339e-02
4.442758943490162094e-01
7.727114167519486543e-01
9.652660005804722942e-01
9.872840696762146262e-01
8.341286885033372123e-01
5.323102143385116669e-01
1.350671004672358289e-01
-2.868977554506289551e-01
-6.579377120060904138e-01
-9.110357557481865154e-01
-9.999944657181980556e-01
-9.080116031765954610e-01
-6.510257004193847896e-01
-2.751393721083327248e-01
1.515020053142171752e-01
5.509748866165772307e-01
8.497961090227261760e-01
9.925050864774944692e-01
9.520889421570530864e-01
7.352686316131956668e-01
3.815831316190718692e-01
-4.365426070048637058e-02
-4.613061014104267721e-01
-7.931033760104523322e-01
-9.763608621215951189e-01
-9.759414271165761656e-01
-7.911648269403941391e-01
-4.562731359992148739e-01
-3.426492572302813899e-02
3.948285244276935058e-01
7.490692771212142942e-01
9.602936856769512808e-01
9.873424335052159995e-01
8.242519138273164403e-01
5.017465764714723608e-01
8.164070935880061997e-02
-3.548703721422896140e-01
-7.228407641652225823e-01
-9.501309964563620092e-01
-9.916610887273105135e-01
-8.385239589958122242e-01
-5.200856961347332108e-01
-9.855175167964178029e-02
3.430380996953769079e-01
7.171001558798115738e-01
9.489020114474143730e-01
9.916047176802712526e-01
8.359039375720944687e-01
5.122530328694007151e-01
8.510947261126340646e-02
-3.597528748167779789e-01
-7.324003128765306236e-01
-9.569485429555772971e-01
-9.871338093578025941e-01
-8.160288537498552319e-01
-4.778285963875928410e-01
-4.122172044364885019e-02
4.044125541345564567e-01
7.672410513105141217e-01
9.719399841969355025e-01
9.754630467460273513e-01
7.762885119782205745e-01
4.151216881740723008e-01
-3.321937112496372441e-02
-4.751632538358710467e-01
-8.178678157469820853e-01
-9.887811613544496003e-01
-9.511496703703724576e-01
-7.121292244138053285e-01
-3.216695123302439896e-01
1.377249462317021722e-01
5.683033825403037698e-01
8.778444169307295653e-01
9.994902442166687662e-01
9.063580854826315258e-01
6.177015079330492320e-01
1.951673521101406350e-01
-2.701823832168827599e-01
-6.773945762323402286e-01
-9.375328825786442000e-01
-9.932157399994389069e-01
-8.314696123025522301e-01
-4.869785021070047737e-01
-3.487717008847669026e-02
4.254694234232422878e-01
7.922376731564305663e-01
9.837145153932856934e-01
9.566535159279060396e-01
7.162632139249965890e-01
3.154754722768108866e-01
-1.564934201357745247e-01
-5.938683315288441067e-01
-8.979985495033542264e-01
-9.997031590154967784e-01
-8.751980208762761837e-01
-5.518973976654969471e-01
-1.026276074022922091e-01
3.705885620086367682e-01
7.596117207991109899e-01
9.749311078304537803e-01
9.664073970909300426e-01
7.351749355876057157e-01
3.338295631697364430e-01
-1.453039387460841880e-01
-5.912643255640843698e-01
-9.001236101600810224e-01
-9.993041964888351725e-01
-8.648333373136248836e-01
-5.273891596526024683e-01
-6.556196162489051626e-02
4.122558060792387846e-01
7.932258241964389445e-01
9.867568707512808235e-01
9.462114714938330007e-01
6.803886372734233579e-01
2.519018085305199106e-01
-2.373383382155781207e-01
-6.702287203213409539e-01
-9.424991338566668375e-01
-9.879542486906690568e-01
-7.947937589497178212e-01
-4.089357850841811026e-01
7.663932739347051326e-02
5.441190041597750993e-01
8.793926023723812602e-01
9.999933138636885044e-01
8.755868045614511042e-01
5.358692348525786464e-01
6.375932636390263530e-02
-4.246305393339582790e-01
-8.084608116169361702e-01
-9.921147013144782090e-01
-9.291982514449872443e-01
-6.345244131680690680e-01
-1.809246040609275297e-01
3.185146338738797378e-01
7.385200656059665025e-01
9.730724483284381998e-01
9.623263621107278620e-01
7.081367784025210943e-01
2.741032356597913333e-01
-2.300837073990922022e-01
-6.762104592456907870e-01
-9.501358948842943963e-01
-9.811324500901734691e-01
-7.603978043351015126e-01
-3.438317868240947095e-01
1.618435727621282683e-01
6.262498223712306133e-01
9.289367774432810698e-01
9.907454242571858138e-01
7.947537192800006034e-01
3.912030914920718860e-01
-1.150911072259438311e-01
-5.917709337878324094e-01
-9.134909299329730947e-01
-9.949903522165689518e-01
-8.139298002722459291e-01
-4.173155092038315916e-01
9.040453304582588001e-02
5.746427843091173049e-01
9.062930343242139308e-01
9.962597970272206727e-01
8.196354746566908434e-01
4.229032821839583400e-01
-8.798889133625535652e-02
-5.757118679805821593e-01
-9.084113000089002465e-01
-9.954635662130899565e-01
-8.124084969690559266e-01
-4.081357625211883833e-01
1.078605449930735705e-01
5.949268839842047907e-01
9.195369445405771058e-01
9.920155626413684757e-01
7.915700700636811860e-01
3.725748038117094318e-01
-1.498652899905290048e-01
-6.313308685714331681e-01
-9.379693220684000021e-01
-9.838418814135785340e-01
-7.552818122852075211e-01
-3.152876528150287405e-01
2.135296603860370457e-01
6.829217123214261775e-01
9.605422227266852131e-01
9.674203748665457514e-01
7.007160368015276086e-01
2.351220956275046625e-01
-2.977494515942240572e-01
-7.463991908599386660e-01
-9.825219453884155296e-01
-9.378876024677148537e-01
-6.243694266616595101e-01
-1.311563766571106349e-01
4.003285607170991578e-01
8.168379329964341462e-01
9.975346452383578866e-01
8.892728875085308404e-01
5.225628507845313520e-01
3.333223633174258425e-03
-5.173998554985755893e-01
-8.873540637559451660e-01
-9.976090337654204276e-01
-8.149378793140530375e-01
-3.921714338512990450e-01
1.467304744553659113e-01
6.427918880757688136e-01
9.488692903091222597e-01
9.734477001681166586e-01
7.083075591524945480e-01
2.316120760998985340e-01
-3.148046317904422686e-01
-7.674525728290493287e-01
-9.901168402512774414e-01
-9.150588083948818507e-01
-5.639657221966777323e-01
-4.207235336485153077e-02
4.930854227497016851e-01
8.791007751315400576e-01
9.980700828336109831e-01
8.128771819382544228e-01
3.791425444358639263e-01
-1.711120108139229656e-01
-6.694052720973930892e-01
-9.623391738859851108e-01
-9.589905776375373669e-01
-6.594623312519026781e-01
-1.555314516940529412e-01
3.971363577586853322e-01
8.269021831043160686e-01
9.995065603657327102e-01
8.602634863044980040e-01
4.517609356165163681e-01
-9.877059023540971094e-02
-6.188077192821753725e-01
-9.445226417503499450e-01
-9.725427332238405498e-01
-6.930850979138309942e-01
-1.937467240901029064e-01
3.675957960038720440e-01
8.125110667182261492e-01
9.987650533336205338e-01
8.660421584590055621e-01
4.558621467859395593e-01
-1.009993432809886404e-01
-6.259166663842328227e-01
-9.496330789610580858e-01
-9.669926829407899938e-01
-6.714402301305432141e-01
-1.578647440341802155e-01
4.075018303074859349e-01
8.407048022623345718e-01
9.999735305483806735e-01
8.323917672183419603e-01
3.918824218613120025e-01
-1.777288568639661115e-01
-6.893960501458102907e-01
-9.742237284032518874e-01
-9.374104141875782004e-01
-5.901743277182808223e-01
-4.679263788087546089e-02
5.126576922369427969e-01
9.018301131690011907e-01
9.902826860291561450e-01
7.475208475932855201e-01
2.539352013965029409e-01
-3.254150078015403125e-01
-7.957650883562000788e-01
-9.981348836607396580e-01
-8.633231591289424189e-01
-4.359851958433013652e-01
1.397161256372274896e-01
6.684361427954357282e-01
9.698600237969663418e-01
9.403859915722692087e-01
5.891187931779020559e-01
3.554277474552156035e-02
-5.307535009727359920e-01
-9.148559618382771097e-01
-9.837291933655677445e-01
-7.126385189251854824e-01
-1.944771195924048235e-01
3.916511844203515169e-01
8.421172878225511305e-01
9.995561658533047567e-01
8.081389675597084876e-01
3.338147562769176457e-01
-2.579621900644520904e-01
-7.596627989337596532e-01
-9.944402641105377638e-01
-8.787171574910473959e-01
-4.523690246154079553e-01
1.345410174905924405e-01
6.742454185086931284e-01
9.747406167985018799e-01
9.282944968734286872e-01
5.504819057520211611e-01
-2.453651755294457282e-02
-5.912769936152630912e-01
-9.462267173230577422e-01
-9.610786749205951773e-01
-6.295018569411088283e-01
-7.026346654436808892e-02
5.149001334312757194e-01
9.138739798260604452e-01
9.811664484915177953e-01
6.913324929313702238e-01
1.490731832112242305e-01
-4.481473212853787635e-01
-8.817864630865744902e-01
-9.922714163170870405e-01
-7.380666123447078286e-01
-2.117737703262037308e-01
3.931393418350518920e-01
8.532043346448621168e-01
9.975524704861603587e-01
7.717053972381758831e-01
2.586238173918503636e-01
-3.512874248551865475e-01
-8.305591583849709636e-01
-9.995163790228946965e-01
-7.939541097156170846e-01
-2.900261234241950925e-01
3.234745227196229589e-01
8.155473639695198784e-01
9.999697714045663322e-01
8.060820038464947546e-01
3.063536287743073294e-01
-3.101999364723953545e-01
-8.091997668443042802e-01
