1.000000000000000000e+00
9.999801697096439845e-01
9.999203130812190921e-01
9.998198782655967065e-01
9.996783091427763335e-01
9.994950453398094847e-01
9.992695222503892305e-01
9.990011710561526037e-01
9.986894187497405984e-01
9.983336881596619472e-01
9.979333979770097507e-01
9.974879627840781415e-01
9.969967930849289450e-01
9.964592953379574070e-01
9.958748719905106128e-01
9.952429215156065601e-01
9.945628384508111708e-01
9.938340134393230940e-01
9.930558332733240290e-01
9.922276809396475272e-01
9.913489356678253372e-01
9.904189729805665809e-01
9.894371647467293807e-01
9.884028792368438898e-01
9.873154811812470122e-01
9.861743318308904271e-01
9.849787890208826502e-01
9.837282072368309649e-01
9.824219376840440665e-01
9.810593283596635850e-01
9.796397241277881029e-01
9.781624667976582810e-01
9.766268952049700358e-01
9.750323452963852722e-01
9.733781502173102229e-01
9.716636404030116747e-01
9.698881436731436878e-01
9.680509853297567524e-01
9.661514882588640996e-01
9.641889730356394406e-01
9.621627580333212970e-01
9.600721595359026361e-01
9.579164918546798635e-01
9.556950674487438846e-01
9.534071970494890635e-01
9.510521897892226795e-01
9.486293533339559270e-01
9.461379940204568406e-01
9.435774169976516301e-01
9.409469263724544730e-01
9.382458253601133613e-01
9.354734164391574902e-01
9.326290015110298981e-01
9.297118820644969528e-01
9.267213593449189490e-01
9.236567345284730779e-01
9.205173089014165866e-01
9.173023840444824994e-01
9.140112620224963846e-01
9.106432455793082026e-01
9.071976383381298303e-01
9.036737450073719646e-01
9.000708715920736624e-01
8.963883256110188880e-01
8.926254163196333247e-01
8.887814549387582641e-01
8.848557548893951630e-01
8.808476320335183463e-01
8.767564049210508914e-01
8.725813950430985066e-01
8.683219270915426558e-01
8.639773292250847447e-01
8.595469333418405133e-01
8.550300753585825531e-01
8.504260954967250985e-01
8.457343385751516784e-01
8.409541543099791072e-01
8.360848976213561823e-01
8.311259289473934553e-01
8.260766145653201109e-01
8.209363269199618784e-01
8.157044449596375646e-01
8.103803544795681324e-01
8.049634484728908079e-01
7.994531274893716954e-01
7.938488000019119362e-01
7.881498827809346741e-01
7.823558012767447556e-01
7.764659900099529777e-01
7.704798929700465981e-01
7.643969640221989215e-01
7.582166673223996733e-01
7.519384777409883203e-01
7.455618812946752660e-01
7.390863755871286411e-01
7.325114702582030679e-01
7.258366874418884507e-01
7.190615622330512879e-01
7.121856431630363415e-01
7.052084926842022705e-01
6.981296876634508486e-01
6.909488198848149354e-01
6.836654965611648205e-01
6.762793408550873409e-01
6.687899924089902859e-01
6.611971078844842697e-01
6.535003615110788200e-01
6.456994456442443076e-01
6.377940713328662525e-01
6.297839688961317517e-01
6.216688885098693440e-01
6.134486008023691817e-01
6.051228974596984944e-01
5.966915918405223396e-01
5.881545196004421827e-01
5.795115393258455372e-01
5.707625331772624433e-01
5.619074075422211267e-01
5.529460936975768570e-01
5.438785484812926896e-01
5.347047549736384520e-01
5.254247231877617885e-01
5.160384907695925172e-01
5.065461237070123524e-01
4.969477170482331507e-01
4.872433956293024671e-01
4.774333148106604252e-01
4.675176612226478179e-01
4.574966535198660700e-01
4.473705431442773772e-01
4.371396150969188432e-01
4.268041887180955007e-01
4.163646184759112745e-01
4.058212947629737943e-01
3.951746447011080798e-01
3.844251329538952433e-01
3.735732625468420331e-01
3.626195756949696647e-01
3.515646546376048898e-01
3.404091224801323867e-01
3.291536440424598919e-01
3.177989267139277874e-01
3.063457213143866431e-01
2.947948229611342397e-01
2.831470719414115877e-01
2.714033545901161082e-01
2.595646041723863040e-01
2.476318017706956032e-01
2.356059771760626032e-01
2.234882097829781478e-01
2.112796294876288228e-01
1.989814175889638437e-01
1.865948076921502552e-01
1.741210866139299429e-01
1.615615952893610374e-01
1.489177296794367555e-01
1.361909416790010874e-01
1.233827400244178474e-01
1.104946912003633291e-01
9.752842034514912217e-02
8.448561215389978341e-02
7.136801177893738191e-02
5.817742572665200035e-02
4.491572275014422966e-02
3.158483473688879217e-02
1.818675759062425568e-02
4.723552106678677830e-03
-8.802655160125689993e-03
-2.238967103583843279e-02
-3.603523487693154753e-02
-4.973701772994678499e-02
-6.349262150221360312e-02
-7.729957814461389798e-02
-9.115534884742916566e-02
-1.050573232503157206e-01
-1.190028186675016336e-01
-1.329890793293241336e-01
-1.470132756412696473e-01
-1.610725034616965479e-01
-1.751637833994802718e-01
-1.892840601328301120e-01
-2.034302017505838778e-01
-2.175989991173104821e-01
-2.317871652635894453e-01
-2.459913348028799907e-01
-2.602080633764207174e-01
-2.744338271276488550e-01
-2.886650222076507233e-01
-3.028979643132120869e-01
-3.171288882590677649e-01
-3.313539475859750838e-01
-3.455692142063027106e-01
-3.597706780888415001e-01
-3.739542469845921202e-01
-3.881157461953275711e-01
-4.022509183867592486e-01
-4.163554234481801619e-01
-4.304248384004969452e-01
-4.444546573546021562e-01
-4.584402915220712194e-01
-4.723770692802182758e-01
-4.862602362935689593e-01
-5.000849556938604668e-01
-5.138463083207026605e-01
-5.275392930250862866e-01
-5.411588270379404930e-01
-5.546997464059976179e-01
-5.681568064972470911e-01
-5.815246825782900419e-01
-5.947979704659543954e-01
-6.079711872555451091e-01
-6.210387721281432905e-01
-6.339950872394006787e-01
-6.468344186922975192e-01
-6.595509775963578347e-01
-6.721389012158508480e-01
-6.845922542095193020e-01
-6.969050299644031776e-01
-7.090711520263484058e-01
-7.210844756297999369e-01
-7.329387893295085110e-01
-7.446278167367752499e-01
-7.561452183628813994e-01
-7.674845935723590973e-01
-7.786394826487555987e-01
-7.896033689755547202e-01
-8.003696813349103767e-01
-8.109317963268488638e-01
-8.212830409115918773e-01
-8.314166950776283871e-01
-8.413259946381612675e-01
-8.510041341585338204e-01
-8.604442700172071357e-01
-8.696395236028514608e-01
-8.785829846500590179e-01
-8.872677147161718292e-01
-8.956867508016571611e-01
-9.038331091164306663e-01
-9.116997889944630229e-01
-9.192797769589562407e-01
-9.265660509403070844e-01
-9.335515846490066716e-01
-9.402293521055450354e-01
-9.465923323293139457e-01
-9.526335141883995883e-01
-9.583459014120725428e-01
-9.637225177676645993e-01
-9.687564124034219182e-01
-9.734406653587928115e-01
-9.777683932434892977e-01
-9.817327550865193597e-01
-9.853269583562415113e-01
-9.885442651523430602e-01
-9.913779985704751496e-01
-9.938215492401075712e-01
-9.958683820359836014e-01
-9.975120429633594910e-01
-9.987461662170150634e-01
-9.995644814138051615e-01
-9.999608209982966400e-01
-9.999291278208046752e-01
-9.994634628868920290e-01
-9.985580132771371131e-01
-9.972071002357094649e-01
-9.954051874260082533e-01
-9.931468893513237806e-01
-9.904269799381792971e-01
-9.872404012796891504e-01
-9.835822725359375518e-01
-9.794478989880401887e-01
-9.748327812421886396e-01
-9.697326245796121791e-01
-9.641433484480012028e-01
-9.580610960895439288e-01
-9.514822443003103647e-01
-9.444034133153003108e-01
-9.368214768130205261e-01
-9.287335720330180955e-01
-9.201371099993181923e-01
-9.110297858422362616e-01
-9.014095892105455921e-01
-8.912748147654662167e-01
-8.806240727474203833e-01
-8.694562996059671534e-01
-8.577707686827803490e-01
-8.455671009369611912e-01
-8.328452757014220831e-01
-8.196056414584692584e-01
-8.058489266221289249e-01
-7.915762503141395845e-01
-7.767891331199101579e-01
-7.614895078101273640e-01
-7.456797300130182382e-01
-7.293625888216501707e-01
-7.125413173199767192e-01
-6.952196030106546631e-01
-6.774015981270000708e-01
-6.590919298107450475e-01
-6.402957101365733816e-01
-6.210185459637188599e-01
-6.012665485941979249e-01
-5.810463432165595687e-01
-5.603650781133151515e-01
-5.392304336095128381e-01
-5.176506307392220174e-01
-4.956344396059647606e-01
-4.731911874124867801e-01
-4.503307661344993496e-01
-4.270636398123868749e-01
-4.034008514342053986e-01
-3.793540293825823362e-01
-3.549353934175284442e-01
-3.301577601665236505e-01
-3.050345480925980568e-01
-2.795797819105675375e-01
-2.538080964209799006e-01
-2.277347397308040478e-01
-2.013755758293281628e-01
-1.747470864873211516e-01
-1.478663724469483076e-01
-1.207511538696163650e-01
-9.341977000845870516e-02
-6.589117807188184239e-02
-3.818495124429698712e-02
-1.032127582988069843e-02
1.767905251492794816e-02
4.579463349464372307e-02
7.400346786821494771e-02
1.022829641572485238e-01
1.306099464034903290e-01
1.589606630098550077e-01
1.873107966991507389e-01
2.156354756243059334e-01
2.439092856635598217e-01
2.721062839335701145e-01
3.002000135528903879e-01
3.281635196875292149e-01
3.559693669096043456e-01
3.835896578991845884e-01
4.109960535184651875e-01
4.381597942862731632e-01
4.650517232797025113e-01
4.916423104883189676e-01
5.179016786448791265e-01
5.437996305548932208e-01
5.693056779455871741e-01
5.943890718529242223e-01
6.190188345632734457e-01
6.431637931241008799e-01
6.667926144356980389e-01
6.898738419334011773e-01
7.123759338670822006e-01
7.342673031817924523e-01
7.555163590004231322e-01
7.760915497059789336e-01
7.959614076177164987e-01
8.150945952517538728e-01
8.334599531530348937e-01
8.510265492815336508e-01
8.677637299314691077e-01
8.836411721579472411e-01
8.986289376809227791e-01
9.126975282316629468e-01
9.258179423019871068e-01
9.379617332514466055e-01
9.491010687223567777e-01
9.592087913070936889e-01
9.682584804064411355e-01
9.762245152119435332e-01
9.830821387392041366e-01
9.888075228329270550e-01
9.933778340581512767e-01
9.967713003856512044e-01
9.989672785728481719e-01
9.999463221348117159e-01
9.996902497930424403e-01
9.981822142827155853e-01
9.954067713919663163e-01
9.913499490995999475e-01
9.859993166703415746e-01
9.793440535594238883e-01
9.713750179709471633e-01
9.620848149070682087e-01
9.514678635377017413e-01
9.395204637130624148e-01
9.262408614340755797e-01
9.116293130884549623e-01
8.956881482531151573e-01
8.784218308565793221e-01
8.598370184882178080e-01
8.399426196344823570e-01
8.187498486158719668e-01
7.962722779922249972e-01
7.725258881979994996e-01
7.475291141637215864e-01
7.213028886745661561e-01
6.938706822122799878e-01
6.652585390223848538e-01
6.354951091447449407e-01
6.046116761423619979e-01
5.726421802605813349e-01
5.396232367468554170e-01
5.055941490598838683e-01
4.705969166963450134e-01
4.346762373636246513e-01
3.978795032279809352e-01
3.602567909695058024e-01
3.218608453781273138e-01
2.827470562287826006e-01
2.429734281787853112e-01
2.026005434365114877e-01
1.616915169576702560e-01
1.203119439338961871e-01
7.852983934802736099e-02
3.641556938150494055e-02
-5.958225528384874202e-03
-4.851671616985751834e-02
-9.118297874978645301e-02
-1.338780979551545125e-01
-1.765212790209721161e-01
-2.190299689229928404e-01
-2.613199867920914521e-01
-3.033056636239641057e-01
-3.448999913331585176e-01
-3.860147811738279811e-01
-4.265608315214938218e-01
-4.664481049802165491e-01
-5.055859147479099258e-01
-5.438831201392805292e-01
-5.812483311308412892e-01
-6.175901217557497880e-01
-6.528172521379019821e-01
-6.868388989147858892e-01
-7.195648937570722214e-01
-7.509059696499451597e-01
-7.807740145567402257e-01
-8.090823320396515195e-01
-8.357459083652680754e-01
-8.606816855744906514e-01
-8.838088399471416556e-01
-9.050490652414839854e-01
-9.243268600379717093e-01
-9.415698184650709290e-01
-9.567089235331058816e-01
-9.696788422499683646e-01
-9.804182216403672934e-01
-9.888699847383580765e-01
-9.949816255713758162e-01
-9.987055021031864266e-01
-9.999991260532888893e-01
-9.988254484617006268e-01
-9.951531398209751966e-01
-9.889568635520921136e-01
-9.802175415578401330e-01
-9.689226105468319306e-01
-9.550662677837102876e-01
-9.386497048867888937e-01
-9.196813282637191778e-01
-8.981769647491842923e-01
-8.741600509864583257e-01
-8.476618050774312740e-01
-8.187213790137177760e-01
-7.873859903952188377e-01
-7.537110319424473737e-01
-7.177601573154167580e-01
-6.796053417654015494e-01
-6.393269161669081768e-01
-5.970135730059612511e-01
-5.527623429380320585e-01
-5.066785405746697668e-01
-4.588756782128454725e-01
-4.094753462852811499e-01
-3.586070593842164422e-01
-3.064080667951612491e-01
-2.530231265718587141e-01
-1.986042422888317505e-01
-1.433103617239469552e-01
-8.730703685056069585e-02
-3.076604465686511372e-02
2.613503154038931270e-02
8.321326046018762135e-02
1.402808609001302831e-01
1.971457392757745841e-01
2.536120662807860859e-01
3.094808920881034209e-01
3.645507992981375511e-01
4.186185926160211346e-01
4.714800240067805182e-01
5.229305518356646143e-01
5.727661322513493136e-01
6.207840408133890042e-01
6.667837221028984906e-01
7.105676647881412622e-01
7.519422993457298698e-01
7.907189153646938529e-01
8.267145950862644366e-01
8.597531595583305375e-01
8.896661235118348277e-01
9.162936547986556546e-01
9.394855339686757345e-01
9.591021093097070738e-01
9.750152424299385334e-01
9.871092392307013741e-01
9.952817608999739996e-01
9.994447093565562712e-01
9.995250813937064382e-01
9.954657856117593573e-01
9.872264160944851374e-01
9.747839766762742553e-01
9.581335495693520388e-01
9.372889020747781075e-01
9.122830250906328597e-01
8.831685971581468841e-01
8.500183678542078125e-01
8.129254544490790435e-01
7.720035459037362102e-01
7.273870084843196970e-01
6.792308875235681942e-01
6.277108001631597212e-01
5.730227142678325780e-01
5.153826091136948229e-01
4.550260139203698428e-01
3.922074208202413481e-01
3.271995694387468401e-01
2.602926008972247240e-01
1.917930797440799418e-01
1.220228830702013989e-01
5.131795686904653403e-02
-1.997305944079873219e-02
-9.149033850536647527e-02
-1.628644977572564767e-01
-2.337183555912611954e-01
-3.036688061772696567e-01
-3.723288070216421164e-01
-4.393094722870664048e-01
-5.042222637567645993e-01
-5.666812701895833637e-01
-6.263055646646759067e-01
-6.827216283673691599e-01
-7.355658281299281009e-01
-7.844869339221691718e-01
-8.291486613975884712e-01
-8.692322235516757312e-01
-9.044388745519238437e-01
-9.344924278657654737e-01
-9.591417299553706144e-01
-9.781630700401191536e-01
-9.913625057611640257e-01
-9.985780840313253082e-01
-9.996819359306896580e-01
-9.945822242269009017e-01
-9.832249219722385414e-01
-9.655954006697665681e-01
-9.417198067202666723e-01
-9.116662052718306208e-01
-8.755454712055238398e-01
-8.335119078130921455e-01
-7.857635747648112901e-01
-7.325423082342182868e-01
-6.741334175472539769e-01
-6.108650444599320606e-01
-5.431071731428427363e-01
-4.712702811620764765e-01
-3.958036241918898579e-01
-3.171931498691021312e-01
-2.359590390949629635e-01
-1.526528761958332869e-01
-6.785445265592368602e-02
1.783178738411534542e-02
1.037806480298095330e-01
1.893504133296365632e-01
2.738873902774748847e-01
3.567307396733135905e-01
4.372175673927580219e-01
5.146882446075037310e-01
5.884919215248772817e-01
6.579921953176750549e-01
7.225728891424409994e-01
7.816438955432289948e-01
8.346470341595876308e-01
8.810618705550723462e-01
9.204114402090027847e-01
9.522678193250178058e-01
9.762574821597523878e-01
9.920663831182268133e-01
9.994447009529914272e-01
9.982111820931329760e-01
9.882570204660763302e-01
9.695492122051641015e-01
9.421333254004724544e-01
9.061356275850992459e-01
8.617645169839307506e-01
8.093112077091590972e-01
7.491496240809786267e-01
6.817354650883762357e-01
6.076044066789276776e-01
5.273694170629884548e-01
4.417171685092108890e-01
3.514035381558882620e-01
2.572482001137779140e-01
1.601283215251132486e-01
6.097138619101746815e-02
-3.925281920823750492e-02
-1.395410095061012101e-01
-2.388659372562391969e-01
-3.361865898467639169e-01
-4.304589645563516309e-01
-5.206473267330112842e-01
-6.057358447990107697e-01
-6.847404848649996101e-01
-7.567210375590367466e-01
-8.207931404358581595e-01
-8.761401512238796707e-01
-9.220247203895604038e-01
-9.577999062457426271e-01
-9.829196722918240869e-01
-9.969486048308321413e-01
-9.995706893302157559e-01
-9.905969866331312268e-01
-9.699720551186704620e-01
-9.377789723630198804e-01
-8.942428198516335636e-01
-8.397325068864766040e-01
-7.747608250384919737e-01
-6.999826422911450408e-01
-6.161911663420985841e-01
-5.243122292672750540e-01
-4.253965707486719316e-01
-3.206101241184925454e-01
-2.112223383216657313e-01
-9.859259923979421525e-02
1.584515470529206105e-02
1.305994955472799257e-01
2.441400877722495755e-01
3.549175974639108277e-01
4.613847052488250222e-01
5.620179695256987129e-01
6.553402582199047144e-01
7.399434416003880521e-01
8.145110161553531514e-01
8.778403107686414408e-01
9.288639120814822236e-01
9.666699365500182051e-01
9.905207728669753742e-01
9.998699206023018426e-01
9.943765595644478150e-01
9.739174998426113339e-01
9.385961850178889954e-01
8.887484507772733799e-01
8.249447781568721716e-01
7.479888247742129126e-01
6.589120684352208768e-01
5.589644550173907822e-01
4.496010059757746813e-01
3.324644094684263695e-01
2.093636920642337473e-01
8.224914422805189307e-02
-4.681624893044594726e-02
-1.756885411590723423e-01
-3.021773141098045845e-01
-4.240824373754506493e-01
-5.392325431765370158e-01
-6.455245933866293750e-01
-7.409638582087472169e-01
-8.237035768157201510e-01
-8.920835323809116479e-01
-9.446667488042391758e-01
-9.802735056057699792e-01
-9.980118722621483807e-01
-9.973039848252528428e-01
-9.779073268430128474e-01
-9.399303339402497182e-01
-8.838417170961524461e-01
-8.104729934622583176e-01
-7.210138248590148846e-01
-6.169998917736112531e-01
-5.002931731871540499e-01
-3.730546578347134212e-01
-2.377096780187619440e-01
-9.690622986340677314e-02
4.653317951136657499e-02
1.896654408175581785e-01
3.294856178962035642e-01
4.629895360555869033e-01
5.872389792773928807e-01
6.994281591930395781e-01
7.969500082614857650e-01
8.774607660393467512e-01
9.389412750110085470e-01
9.797533848990331862e-01
9.986898848949880003e-01
9.950164443199761566e-01
9.685041454815287443e-01
9.194513386087238560e-01
8.486937373077066971e-01
7.576019023980202771e-01
6.480655294338327765e-01
5.224642565645735148e-01
3.836250392337764437e-01
2.347664898722162385e-01
7.943094633529919346e-02
-7.859459660084050503e-02
-2.353671927288812360e-01
-3.868844368399475542e-01
-5.291865706216384302e-01
-6.584617431099450968e-01
-7.711517305187127747e-01
-8.640552439255958506e-01
-9.344258467528471224e-01
-9.800614759112634689e-01
-9.993826179206777294e-01
-9.914963393333998676e-01
-9.562436120719582933e-01
-8.942277088906992466e-01
-8.068218692002000481e-01
-6.961549449571586834e-01
-5.650743210003942307e-01
-4.170860516515842442e-01
-2.562728500073565008e-01
-8.719128961415782697e-02
8.524969095505907646e-02
2.559261749276735554e-01
4.196490650860812410e-01
5.713222031584901384e-01
7.061042042874362545e-01
8.195689990053459661e-01
9.078598132519796193e-01
9.678312142198913781e-01
9.971739224035689464e-01
9.945173495526752339e-01
9.595052740040141970e-01
8.928407083553387968e-01
7.962968418591874764e-01
6.726919360175049878e-01
5.258271938033733939e-01
3.603878804019898241e-01
1.818093089791974482e-01
-3.889324906309787194e-03
-1.902989208891912587e-01
-3.708366352913076147e-01
-5.389774314152944168e-01
-6.884932330107621512e-01
-8.136911339181904790e-01
-9.096416328489030922e-01
-9.723876968032210133e-01
-9.991256417450578020e-01
-9.883493752877118288e-01
-9.399504802214313504e-01
-8.552679214982479294e-01
-7.370828082655644931e-01
-5.895555953616965494e-01
-4.181053073259866637e-01
-2.292327386307395909e-01
-3.029203865210298649e-02
1.707824705167735047e-01
3.657850784998445404e-01
5.465718260346409396e-01
7.054050151496716881e-01
8.352948197686039800e-01
9.303229849205031377e-01
9.859334831640216290e-01
9.991755542535333268e-01
9.688858166752185586e-01
8.957981047405978448e-01
7.825723158970248061e-01
6.337367778843778776e-01
4.555423571173992103e-01
2.557305875440479270e-01
4.322233288795037515e-02
-1.722622896776170864e-01
-3.806380104723260382e-01
-5.719242801322397263e-01
-7.367297843628555221e-01
-8.667284544479424424e-01
-9.551028445001011891e-01
-9.969309304676992056e-01
-9.894938203896495033e-01
-9.324845745178234058e-01
-8.281022753549059923e-01
-6.810205482342027716e-01
-4.982257281525982462e-01
-2.887265453114116198e-01
-6.314424673628621365e-02
1.668008777916849816e-01
3.888839354048523322e-01
5.910223404532036762e-01
7.619420310016111753e-01
8.918267173843430484e-01
9.729126440692397182e-01
9.999921885808594757e-01
9.707926679107564683e-01
8.862019682883808258e-01
7.503199187087301603e-01
5.703234136452313141e-01
3.561437421910212953e-01
1.199658633610048014e-01
-1.244291559614742609e-01
-3.624463586529328429e-01
-5.795418710271827978e-01
-7.621209841625032899e-01
-8.984145719531171359e-01
-9.792771223164301597e-01
-9.988512570483150110e-01
-9.550489448034141793e-01
-8.498086128670415684e-01
-6.890997237172880041e-01
-4.826615299036268736e-01
-2.434798390989112438e-01
1.297631702179735495e-02
2.697183970771943606e-01
5.093464324561643997e-01
7.152319585215451969e-01
8.726967604578285131e-01
9.701038825330401405e-01
9.997785595459859342e-01
9.586840356680566000e-01
8.487905839576570521e-01
6.770949127480208052e-01
4.552705581566829363e-01
1.989563926211024292e-01
-7.328176451198234465e-02
-3.412543233458106284e-01
-5.846295651062219934e-01
-7.844882776910645505e-01
-9.248337565516560055e-01
-9.939359155655567157e-01
-9.853941332651091622e-01
-8.988191276530039797e-01
-7.400590972467638862e-01
-5.209282509214328005e-01
-2.584345455157320837e-01
2.645485898254604923e-02
3.104305595367444770e-01
5.697229918892653400e-01
7.821024197685044754e-01
9.288304323028198084e-01
9.963906620850032647e-01
9.778354355668985587e-01
8.736093339741263231e-01
6.917491893610908660e-01
4.474104688545896824e-01
1.617285878261482124e-01
-1.399143857109695910e-01
-4.300874928331746561e-01
-6.817913898977115972e-01
-8.710020017082543697e-01
-9.790383183105004772e-01
-9.945177716504334242e-01
-9.146884213374572026e-01
-7.459756278318750988e-01
-5.036489457888488896e-01
-2.105973057572892715e-01
1.047101025605923913e-01
4.109121291653691777e-01
6.768512225076962485e-01
8.747773509709280138e-01
9.833318665995182117e-01
9.899861700953004329e-01
8.926483898879927770e-01
7.002233512401538906e-01
4.320116732047734609e-01
1.159540380907324864e-01
-2.141453263649080729e-01
-5.221599305381736666e-01
-7.735894356845448572e-01
-9.394895988759540684e-01
-9.999344061125992056e-01
-9.465878265802321057e-01
-7.840408078209097908e-01
-5.296935441736734251e-01
-2.121224619153596336e-01
1.319507209229050515e-01
4.617943307071110115e-01
7.374603583036966059e-01
9.246821115324278528e-01
9.992750690717735473e-01
9.504659024808185253e-01
7.826752998549212359e-01
5.154487773090091762e-01
1.814496207298616770e-01
-1.773252777588709694e-01
-5.147031386895521976e-01
-7.862567910432803897e-01
-9.552411963045815968e-01
-9.977488025937851779e-01
-9.063454213553734373e-01
-6.916119566222452830e-01
-3.812723057377659930e-01
-1.690547261064352311e-02
3.514197517575994856e-01
6.719332742866074293e-01
8.984772251904872276e-01
9.973159454669344726e-01
9.524250788264128076e-01
7.684049489018246470e-01
4.704649695531111786e-01
1.013319091263303884e-01
-2.846082310343785449e-01
-6.291834690156481447e-01
-8.792167563737409708e-01
-9.948988026485308112e-01
-9.564214611354175943e-01
-7.677352744149219532e-01
-4.566856734078048596e-01
-7.132128224568061448e-02
3.272217454804930981e-01
6.742687219406782173e-01
9.121349791692374698e-01
9.999284916808754975e-01
9.209403990785812733e-01
6.862459138248551138e-01
3.337057578241461320e-01
-7.769349217784468631e-02
-4.774103206276664180e-01
-7.953450875360222883e-01
-9.742556596008336012e-01
-9.803882650972215451e-01
-8.103104360775350568e-01
-4.925060715297163161e-01
-8.317252655583752541e-02
3.432943077054663727e-01
7.076133322218584043e-01
9.404047268408922688e-01
9.957021456578670771e-01
8.605234218913124788e-01
5.584395262456167686e-01
1.461370179077753628e-01
-2.967016666561500537e-01
-6.825188573721664431e-01
-9.332107567893187516e-01
-9.962542263939103693e-01
-8.562621264234020479e-01
-5.393434592583189469e-01
-1.089926573198487514e-01
3.460553077191623195e-01
7.298287849529816462e-01
9.594161879097292678e-01
9.832773740764753079e-01
7.934686119350157218e-01
4.287778795870723636e-01
-3.238733220844643157e-02
-4.882824162748679031e-01
-8.360551181294889611e-01
-9.951434148843449901e-01
-9.265059614037275404e-01
-6.430001482463180151e-01
-2.080236459608989785e-01
2.778523485423946560e-01
6.996705195650811948e-01
9.552761172435209058e-01
9.805131676848142241e-01
7.661409147938367248e-01
3.618611759486565771e-01
-1.342010784671296142e-01
-5.986449582125430435e-01
-9.133148477323003167e-01
-9.957296695366375516e-01
-8.215307854322785319e-01
-4.326769202201358744e-01
7.149444818453218331e-02
5.588236158470255566e-01
8.986947978799341152e-01
9.973930037470919441e-01
8.248337154175579000e-01
4.248563461307399147e-01
-9.461138700483757991e-02
-5.897685344841971933e-01
-9.204637545951447342e-01
-9.902928859428584696e-01
-7.757309579750855111e-01
-3.352665533168515677e-01
2.051494749572273235e-01
6.872182010504304106e-01
9.665020447892798128e-01
9.563441191681946174e-01
6.560122288124422552e-01
1.536312402427636725e-01
-3.982695447029299118e-01
-8.283208536566797342e-01
-9.996722520592984385e-01
-8.545500098481159101e-01
-4.352617647337320150e-01
1.263383634124571886e-01
6.490584668706438354e-01
9.604714879508344794e-01
9.544672566176009010e-01
6.288984362700178465e-01
8.956928330913482839e-02
-4.824783555617125352e-01
-8.909311396566436114e-01
-9.919139911919131469e-01
-7.460550868242991074e-01
-2.356803506180115138e-01
3.607478618402433224e-01
8.298615802317064194e-01
9.997864279626237360e-01
8.044186641794267567e-01
3.111694101991914763e-01
-3.000103395939086592e-01
-8.008404390188517130e-01
