1.000000000000000000e+00
9.999802595533364702e-01
9.999210233583846197e-01
9.998222468455798539e-01
9.996838557167180284e-01
9.995057459215902496e-01
9.992877836253277746e-01
9.990298051665179591e-01
9.987316170061616427e-01
9.983929956675663409e-01
9.980136876672827118e-01
9.975934094372077565e-01
9.971318472380004128e-01
9.966286570639671938e-01
9.960834645395976183e-01
9.954958648079452743e-01
9.948654224110691224e-01
9.941916711627696301e-01
9.934741140138714233e-01
9.927122229103271245e-01
9.919054386444327021e-01
9.910531706994714085e-01
9.901547970881164895e-01
9.892096641849535965e-01
9.882170865534980475e-01
9.871763467681102799e-01
9.860866952312339340e-01
9.849473499864056514e-01
9.837574965275101002e-01
9.825162876047812688e-01
9.812228430280736102e-01
9.798762494679577051e-01
9.784755602552199782e-01
9.770197951793775371e-01
9.755079402868448435e-01
9.739389476794239053e-01
9.723117353138178709e-01
9.706251868029014407e-01
9.688781512195144829e-01
9.670694429035802120e-01
9.651978412733837054e-01
9.632620906418838391e-01
9.612609000389675806e-01
9.591929430405969903e-01
9.570568576058353649e-01
9.548512459227836979e-01
9.525746742644954912e-01
9.502256728559882459e-01
9.478027357535060426e-01
9.453043207372398005e-01
9.427288492187562152e-01
9.400747061644322278e-01
9.373402400362451647e-01
9.345237627513163226e-01
9.316235496616578349e-01
9.286378395556278420e-01
9.255648346826483852e-01
9.224027008028031771e-01
9.191495672629808045e-01
9.158035271012944234e-01
9.123626371815619640e-01
9.088249183596964764e-01
9.051883556839127598e-01
9.014508986307234739e-01
8.976104613787582176e-01
8.936649231225054502e-01
8.896121284281435226e-01
8.854498876336904800e-01
8.811759772957760140e-01
8.767881406853986759e-01
8.722840883351100638e-01
8.676614986401295360e-01
8.629180185159689431e-01
8.580512641152133746e-01
8.530588216061787410e-01
8.479382480162374058e-01
8.426870721426715782e-01
8.373027955339911177e-01
8.317828935447186822e-01
8.261248164667198690e-01
8.203259907402242757e-01
8.143838202477526877e-01
8.082956876942380964e-01
8.020589560766909765e-01
7.956709702468290901e-01
7.891290585701559168e-01
7.824305346850330967e-01
7.755726993653563328e-01
7.685528424904988221e-01
7.613682451262429041e-01
7.540161817204751316e-01
7.464939224174651500e-01
7.387987354945961815e-01
7.309278899254546547e-01
7.228786580732233791e-01
7.146483185183525322e-01
7.062341590245094780e-01
6.976334796468252053e-01
6.888435959864718239e-01
6.798618425956064470e-01
6.706855765367200073e-01
6.613121811004122330e-01
6.517390696856033561e-01
6.419636898461559271e-01
6.319835275078464765e-01
6.217961113595763534e-01
6.113990174226443530e-01
6.007898738018391249e-01
5.899663656220124341e-01
5.789262401536988678e-01
5.676673121312313386e-01
5.561874692666670672e-01
5.444846779626930644e-01
5.325569892275141548e-01
5.204025447945391791e-01
5.080195834494819485e-01
4.954064475672640411e-01
4.825615898608643928e-01
4.694835803439921240e-01
4.561711135091600089e-01
4.426230157224330664e-01
4.288382528357654322e-01
4.148159380174862298e-01
4.005553398010846533e-01
3.860558903520217022e-01
3.713171939518375986e-01
3.563390356983342500e-01
3.411213904200846581e-01
3.256644318029728313e-01
3.099685417258614128e-01
2.940343198018725568e-01
2.778625931210813027e-01
2.614544261897310817e-01
2.448111310603228175e-01
2.279342776461501241e-01
2.108257042130160797e-01
1.934875280400023267e-01
1.759221562402311367e-01
1.581322967316158845e-01
1.401209693465690354e-01
1.218915170685886951e-01
1.034476173825488177e-01
8.479329372434724066e-02
6.593292701438527303e-02
4.687126725808980071e-02
2.761344519539220277e-02
8.164983979734054959e-03
-1.146818913423182373e-02
-3.127973111652931903e-02
-5.126287152510772271e-02
-7.141040093177494774e-02
-9.171465943772760809e-02
-1.121675253072348666e-01
-1.327604037497102096e-01
-1.534842158821445313e-01
-1.743293879056284912e-01
-1.952858405315205104e-01
-2.163429786946488853e-01
-2.374896815928282112e-01
-2.587142930938776120e-01
-2.800046125532734131e-01
-3.013478860875282161e-01
-3.227307983503852618e-01
-3.441394648608920859e-01
-3.655594249344519264e-01
-3.869756352699458835e-01
-4.083724642480259792e-01
-4.297336869976911000e-01
-4.510424812902213976e-01
-4.722814243215133767e-01
-4.934324904457742522e-01
-5.144770499254120999e-01
-5.353958687637793146e-01
-5.561691096891899777e-01
-5.767763343603176107e-01
-5.971965068646636343e-01
-6.174079985833020867e-01
-6.373885944964716721e-01
-6.571155010058445933e-01
-6.765653553504203943e-01
-6.957142366939370604e-01
-7.145376789624654501e-01
-7.330106855114478792e-01
-7.511077457018076053e-01
-7.688028534649001822e-01
-7.860695279359753984e-01
-8.028808362354428185e-01
-8.192094184765738030e-01
-8.350275150772871191e-01
-8.503069964523707336e-01
-8.650193951608143861e-01
-8.791359405808869543e-01
-8.926275961831475758e-01
-9.054650994686945786e-01
-9.176190046366363706e-01
-9.290597280409583769e-01
-9.397575964926553338e-01
-9.496828984581677791e-01
-9.588059381997728892e-01
-9.670970928976250214e-01
-9.745268727865772362e-01
-9.810659843337394825e-01
-9.866853964748890649e-01
-9.913564099193591383e-01
-9.950507295238354422e-01
-9.977405397255980635e-01
-9.993985830151111971e-01
-9.999982414164926281e-01
-9.995136209322622589e-01
-9.979196388958555541e-01
-9.951921141617026123e-01
-9.913078600481849412e-01
-9.862447799335055665e-01
-9.799819653884329629e-01
-9.724997967130042387e-01
-9.637800457266191279e-01
-9.538059806425157605e-01
-9.425624728384234263e-01
-9.300361053152469415e-01
-9.162152826149873031e-01
-9.010903419477579446e-01
-8.846536652557872582e-01
-8.668997919197090063e-01
-8.478255317893139686e-01
-8.274300781973323859e-01
-8.057151205907677749e-01
-7.826849563899234141e-01
-7.583466016606403848e-01
-7.327099001604264750e-01
-7.057876302943094649e-01
-6.775956094914005190e-01
-6.481527954885097920e-01
-6.174813839827875128e-01
-5.856069020914480561e-01
-5.525582970333263733e-01
-5.183680194244377759e-01
-4.830721005580884131e-01
-4.467102230196052237e-01
-4.093257839664833364e-01
-3.709659503871671760e-01
-3.316817056356691773e-01
-2.915278865252738938e-01
-2.505632102528361771e-01
-2.088502904157654438e-01
-1.664556413772483867e-01
-1.234496702315103361e-01
-7.990665562051224580e-02
-3.590471265652248056e-02
8.474256788179465594e-03
5.314462915225932893e-02
9.801714032956009015e-02
1.429989835792588593e-01
1.879939248698749843e-01
2.329024362949957683e-01
2.776218481631433366e-01
3.220465203229933016e-01
3.660680332379293578e-01
4.095753992704901925e-01
4.524552945773039347e-01
4.945923119485672870e-01
5.358692348525913030e-01
5.761673328654939308e-01
6.153666785784293047e-01
6.533464859798517876e-01
6.899854702080514546e-01
7.251622284596196399e-01
7.587556417225812533e-01
7.906452968787742730e-01
8.207119285887313209e-01
8.488378802340919016e-01
8.749075830476020776e-01
8.988080524094118617e-01
9.204294001309876183e-01
9.396653613850596276e-01
9.564138347720004818e-01
9.705774338406901736e-01
9.820640482057864107e-01
9.907874122242893433e-01
9.966676790132109609e-01
9.996319974079712622e-01
9.996150892789983367e-01
9.965598244429758612e-01
9.904177902266018130e-01
9.811498525659164693e-01
9.687267053547014006e-01
9.531294045926824721e-01
9.343498837299618609e-01
9.123914464599548468e-01
8.872692330809610617e-01
8.590106564282543600e-01
8.276558032761438533e-01
7.932577970249614641e-01
7.558831174233491268e-01
7.156118730336734624e-01
6.725380221301718864e-01
6.267695377274238311e-01
5.784285124733458128e-01
5.276511992080701319e-01
4.745879830899809027e-01
4.194032813247617342e-01
3.622753667045467973e-01
3.033961113739635507e-01
2.429706474896463075e-01
1.812169417311806086e-01
1.183652809558726898e-01
5.465766666793518691e-02
-9.652883603995982692e-03
-7.430312945867222074e-02
-1.390204962268902500e-01
-2.035240593930133512e-01
-2.675256245929517052e-01
-3.307309022998806136e-01
-3.928407756181021560e-01
-4.535526588740018683e-01
-5.125619439233438657e-01
-5.695635302891912666e-01
-6.242534344080823416e-01
-6.763304723977069388e-01
-7.254980098721665049e-01
-7.714657714259974819e-01
-8.139517014918309368e-01
-8.526838673550546366e-01
-8.874023941898230294e-01
-9.178614210716329325e-01
-9.438310660314196410e-01
-9.650993873533655343e-01
-9.814743274933206418e-01
-9.927856252168472118e-01
-9.988866808361763772e-01
-9.996563587747347990e-01
-9.950007111177715524e-01
-9.848546053296047820e-01
-9.691832389438614914e-01
-9.479835237746545573e-01
-9.212853220657015729e-01
-8.891525170025160740e-01
-8.516839001712657176e-01
-8.090138588674885556e-01
-7.613128466487499857e-01
-7.087876211969086349e-01
-6.516812344162248305e-01
-5.902727607506021990e-01
-5.248767509623067928e-01
-4.558424000803621423e-01
-3.835524199018225944e-01
-3.084216083141146370e-01
-2.308951098002742508e-01
-1.514463637874983448e-01
-7.057473999670667297e-02
1.119713736170706124e-02
9.332637183498805611e-02
1.752530756772148202e-01
2.564039385835666374e-01
3.361960699906074712e-01
4.140410973194749156e-01
4.893494990600413819e-01
5.615351480703530962e-01
6.300200369305822834e-01
6.942391536810181840e-01
7.536454728276444914e-01
8.077150231599067309e-01
8.559519907365730207e-01
8.978938124045825475e-01
9.331162124703723526e-01
9.612381326932374348e-01
9.819265036664062141e-01
9.949008039444527940e-01
9.999373520162266882e-01
9.968732754600957424e-01
9.856101014011083850e-01
9.661169127631231701e-01
9.384330158154030599e-01
9.026700661907455236e-01
8.590136029342492208e-01
8.077239432555430865e-01
7.491363945234598143e-01
6.836607446734187521e-01
6.117799975988067462e-01
5.340483262630513206e-01
4.510882231837354261e-01
3.635868355777412408e-01
2.722914807789487135e-01
1.780043464976193146e-01
8.157639002027315678e-02
-1.609953952475870476e-02
-1.140963212767743817e-01
-2.114608798274919266e-01
-3.072231432495401426e-01
-4.004055747402484600e-01
-4.900331997292268760e-01
-5.751440395980113029e-01
-6.547998528414206154e-01
-7.280970747301742652e-01
-7.941778374859315148e-01
-8.522409448308653213e-01
-9.015526677041062475e-01
-9.414572221263903806e-01
-9.713867858183266035e-01
-9.908709074076363921e-01
-9.995451610574804802e-01
-9.971589002606138230e-01
-9.835819675054395805e-01
-9.588102216435542280e-01
-9.229697521645915392e-01
-8.763196592771496096e-01
-8.192532907384117991e-01
-7.522978407707342496e-01
-6.761122331157531917e-01
-5.914832292314556872e-01
-4.993197237197913863e-01
-4.006452121235747899e-01
-2.965884410491478329e-01
-1.883722769080382331e-01
-7.730085713435518036e-02
3.525488381103202007e-02
1.478731923720179864e-01
2.590988274258923529e-01
3.674615663688365341e-01
4.714956788605972338e-01
5.697601348280297850e-01
6.608592887097786139e-01
7.434637597318984881e-01
8.163312087821988916e-01
8.783266967356756494e-01
9.284422973956927283e-01
9.658156310482820528e-01
9.897469824337891131e-01
9.997146701238676103e-01
9.953883431928950420e-01
9.766398959563715731e-01
9.435517125944671291e-01
8.964219807686468755e-01
8.357668468483131496e-01
7.623192249516763663e-01
6.770241174057448630e-01
5.810303550502853298e-01
4.756787215226067622e-01
3.624864856025718507e-01
2.431284290748835786e-01
1.194145234551591828e-01
-6.735523719524030839e-03
-1.333205646726249305e-01
-2.582887941664798737e-01
-3.795705997726562253e-01
-4.951129993857095735e-01
-6.029151301060367008e-01
-7.010642035575702646e-01
-7.877713016397650536e-01
-8.614063550193992169e-01
-9.205316256420722487e-01
-9.639330053640857709e-01
-9.906484464976473836e-01
-9.999928574634535661e-01
-9.915788284694120325e-01
-9.653325985427178013e-01
-9.215047364103108318e-01
-8.606750834151574159e-01
-7.837515963063867996e-01
-6.919628304362936966e-01
-5.868439183666263048e-01
-4.702160235023720158e-01
-3.441593811551256765e-01
-2.109801780749908373e-01
-7.317166335616147321e-02
6.662997418394830951e-02
2.056942876592639247e-01
3.412490050278040310e-01
4.705352817344163330e-01
5.908647307948183824e-01
6.996770936865868151e-01
7.945973407798130328e-01
8.734909382025460856e-01
9.345159917672640759e-01
9.761709802543672154e-01
9.973368218317366640e-01
9.973120799760394339e-01
9.758402095773902607e-01
9.331278698438527641e-01
8.698534872716034982e-01
7.871654375690354533e-01
6.866694274162761236e-01
5.704048918384931888e-01
4.408104764598044234e-01
3.006789408705696220e-01
1.531020939390550228e-01
1.406647646768786333e-03
-1.509178540708980276e-01
-3.002976183044955283e-01
-4.431580488752874802e-01
-5.760101980865773852e-01
-6.955381959666614433e-01
-7.986854992212207849e-01
-8.827377218312926210e-01
-9.453997833107147253e-01
-9.848651433855832860e-01
-9.998749862723479431e-01
-9.897653752970562158e-01
-9.545006191289642228e-01
-8.946913724079648134e-01
-8.115963321475552217e-01
-7.071067811865476838e-01
-5.837136634254426193e-01
-4.444573430653689372e-01
-2.928606903219573288e-01
-1.328466363750949453e-01
3.135816332334043915e-02
1.953314406831195837e-01
3.545726414212608257e-01
5.046265123461234348e-01
6.412096662880585329e-01
7.603365910209328726e-01
8.584414095211536644e-01
9.324916421497893015e-01
9.800902751540577773e-01
9.995626097056418136e-01
9.900246536639436545e-01
9.514302228810047612e-01
8.845944347960935650e-01
7.911918949537860568e-01
6.737285835795028266e-01
5.354872272613672157e-01
3.804467693361747727e-01
2.131774078235113001e-01
3.871352517306844015e-02
-1.375923387129771580e-01
-3.102305491880880672e-01
-4.737058719767075488e-01
-6.227142308602572340e-01
-7.523191340070087829e-01
-8.581219168550979770e-01
-9.364198765454554430e-01
-9.843464993702664145e-01
-9.999883165786954686e-01
-9.824734663295473514e-01
-9.320277843323735434e-01
-8.499951787391517577e-01
-7.388201442621318282e-01
-6.019915068003519609e-01
-4.439478264629189153e-01
-2.699462809330325785e-01
-8.589825467426612238e-02
1.018237790597926323e-01
2.866022306343488091e-01
4.618062514663812679e-01
6.210315911620710727e-01
7.583399010487897884e-01
8.684885515500859743e-01
9.471419726414620488e-01
9.910558112630569738e-01
9.982258367466726456e-01
9.679945113115938637e-01
9.011094594952465675e-01
7.997296854133151278e-01
6.673772530512925849e-01
5.088342019818075102e-01
3.299866466534794318e-01
1.376202196050470283e-01
-6.082682150293100554e-02
-2.575444891585752516e-01
-4.446558541795069819e-01
-6.145341693566326313e-01
-7.601197313871368433e-01
-8.752233211778064348e-01
-9.548030293485125775e-01
-9.952018028854230369e-01
-9.943341507244022326e-01
-9.518121062874832505e-01
-8.690027235540876971e-01
-7.490120141761504868e-01
-5.965932257680485185e-01
-4.179806027842671301e-01
-2.206531295417896166e-01
-1.303608415379528540e-02
1.958486215784650541e-01
3.967695334620957581e-01
5.806940750537190610e-01
7.392004997346630635e-01
8.648746240334184154e-01
9.516724665912923431e-01
9.952306751098957127e-01
9.931082792930400194e-01
9.449458334138101101e-01
8.525313355956051220e-01
7.197663161941399990e-01
5.525300176001594066e-01
3.584444489174852255e-01
1.465480688792744901e-01
-7.310931310677194761e-02
-2.899333756066978518e-01
-4.932930005322008205e-01
-6.730450435334078829e-01
-8.200504417136409430e-01
-9.266552658605815562e-01
-9.871109744665305108e-01
-9.979101432039032549e-01
-9.580172975780938405e-01
-8.689790664388963304e-01
-7.349035254400347883e-01
-5.623050696846780827e-01
-3.598181412729046791e-01
-1.377902906846472653e-01
9.222800976966305520e-02
3.180730494627682647e-01
5.276079662190105157e-01
7.093801418184588758e-01
8.532604511343371279e-01
9.510284133684236973e-01
9.968687931441975181e-01
9.877487195402521181e-01
9.236498427714124881e-01
8.076372237910321994e-01
6.457552307778413603e-01
4.467502752754221040e-01
2.216302527132379130e-01
-1.691950907795156112e-02
-2.552347393394758246e-01
-4.794481263498084345e-01
-6.762994629671463809e-01
-8.339330228352618279e-01
-9.426339689836483737e-01
-9.954572871012317137e-01
-9.887073543811584209e-01
-9.222336742456055392e-01
-7.995182167539182094e-01
-6.275417174052448921e-01
-4.164295600976365974e-01
-1.788917342467472027e-01
7.051504175999528945e-02
3.162624861491994399e-01
5.428122272681724647e-01
7.356049697063620219e-01
8.820145549576604571e-01
9.722038467488881563e-01
9.998232370016866266e-01
9.625005350503140766e-01
8.620827550089654734e-01
7.046052636939719171e-01
4.999810511183640505e-01
2.614214829679958330e-01
4.618583453071614837e-03
-2.532636063054047870e-01
-4.947260210572660410e-01
-7.031259609897010376e-01
-8.638421800539481943e-01
-9.653315882613068277e-01
-9.999998324730311472e-01
-9.648180951528108062e-01
-8.616338265587110135e-01
-6.971429684977756835e-01
-4.825143276467184772e-01
-2.326815943843799361e-01
3.465665686276708790e-02
3.002656444758418086e-01
5.447490281012681290e-01
7.499727367578019610e-01
9.004337087140418250e-01
9.844693163675678482e-01
9.952111913628957085e-01
9.312028062142378992e-01
7.966226996000387306e-01
6.010832615740820950e-01
3.590066204892878310e-01
8.861210190599511094e-02
-1.894185665477632896e-01
-4.535042258803230752e-01
-6.828396650908965526e-01
-8.590542238592245861e-01
-9.677207859123717615e-01
-9.995892447228578170e-01
-9.514359697270270422e-01
-8.264478816594269528e-01
-6.340947130456663361e-01
-3.894833822735077611e-01
-1.122310530371972981e-01
1.750650754873821768e-01
4.486464546686709243e-01
6.855568866665304739e-01
8.655900356108396920e-01
9.730547997438692143e-01
9.982018996438392078e-01
9.381782869501505973e-01
7.974118369992143629e-01
5.873747384681015093e-01
3.257264812962670231e-01
3.489203961533433873e-02
-2.598170193313602550e-01
-5.323859976958394968e-01
-7.583995893735635541e-01
-9.172602759949591844e-01
-9.941194350840317773e-01
-9.813365890813395831e-01
-8.793185753463110821e-01
-6.966420291638121265e-01
-4.494253790081496058e-01
-1.599852155436251588e-01
1.451197723500975423e-01
4.374925908155087861e-01
6.895362626305399090e-01
8.770832695963296510e-01
9.817645873868339201e-01
9.928826045698119218e-01
9.085915939992628143e-01
7.362496184442239855e-01
4.918818789662974256e-01
1.987807844148192782e-01
-1.146456133752338374e-01
-4.175863006587393622e-01
-6.798474940487979623e-01
-8.748865741583032873e-01
-9.825539274775388909e-01
-9.912554748823286799e-01
-8.992974990945905578e-01
-7.152508299837020411e-01
-4.572669302986706596e-01
-1.513849209235179072e-01
1.710245690695952059e-01
4.764369113712532688e-01
7.326562131287766011e-01
9.122433911190260813e-01
9.955226435566765231e-01
9.728315061081381776e-01
8.457493471022828890e-01
6.271405308513258170e-01
3.399719322353073059e-01
1.499745132349203022e-02
-3.124696290096449225e-01
-6.063666728824599339e-01
-8.338677695439890014e-01
-9.691054289015137435e-01
-9.962016780284815853e-01
-9.112454868178331280e-01
-7.229605732080189862e-01
-4.519484624012749530e-01
-1.285514892928218411e-01
2.104584429884589769e-01
5.260158502817852133e-01
7.812643170503308365e-01
9.459086597812449426e-01
9.998991838524484699e-01
9.359918608705881660e-01
7.608464955547515896e-01
4.944885518169375715e-01
1.681515316549823114e-01
-1.792863616758488821e-01
-5.058789123702025492e-01
-7.716719298265282134e-01
-9.436388551092375065e-01
-9.998786122305149959e-01
-9.325330304920429469e-01
-7.490225838482912346e-01
-4.713967368259978086e-01
-1.338263368619067584e-01
2.214976945923268215e-01
5.495827233922416788e-01
8.083336269960151865e-01
9.640130201633274609e-01
9.957490940660495005e-01
8.984774821284933211e-01
6.838877472994916440e-01
3.791930855971480385e-01
2.382358454416531185e-02
-3.355772211664357907e-01
-6.512332545443123566e-01
-8.806094644536716087e-01
-9.922273437790808392e-01
-9.701187839705294191e-01
-8.162733137933021466e-01
-5.506870982862311914e-01
-2.089392330153133082e-01
1.624393783031173599e-01
5.122233533711605391e-01
7.915484261991946324e-01
9.607976325110533233e-01
9.953421527569710214e-01
8.892910146428100182e-01
6.566598010448064793e-01
3.297189388939819055e-01
-4.531947021101537937e-02
-4.147267492041862291e-01
-7.249197371507930532e-01
-9.302752363276226566e-01
-9.999541032032672749e-01
-9.227009763364374395e-01
-7.088521347438754283e-01
-3.891752130210321958e-01
-1.062702251410841889e-02
3.704172631733249621e-01
6.965095051322076625e-01
9.178239226541221596e-01
9.998843324433440705e-01
9.291111450238366265e-01
7.152731408801588087e-01
3.903794920055924655e-01
4.087320042152922835e-03
-3.837516968962182973e-01
-7.123117096205581200e-01
-9.293713539295924697e-01
-9.997396360742063504e-01
-9.111535034886913964e-01
-6.766331170125314820e-01
-3.328195445229590876e-01
6.554461344630725661e-02
4.541979850087671244e-01
7.696863171577468243e-01
9.597825218866031793e-01
9.922837884498945105e-01
8.606834009932304852e-01
5.856883992338326461e-01
2.122177437925942545e-01
-1.977348864619965507e-01
-5.752776712287109850e-01
-8.561892220688482880e-01
-9.919419573363249532e-01
-9.582755497767223574e-01
-7.597782100849272968e-01
-4.295767872609926319e-01
-2.405996559609407254e-02
3.865747004751109994e-01
7.304004077940577933e-01
9.464055401216543428e-01
9.954764099231320218e-01
8.677185008203044392e-01
5.847098340082519385e-01
1.961482341470253965e-01
-2.286489208763226033e-01
-6.129846239861325152e-01
-8.866278444164136241e-01
-9.987703042975529799e-01
-9.276864668504679612e-01
-6.852245167893959987e-01
-3.151594514869612840e-01
1.144438649479750381e-01
5.235810882576549252e-01
8.351676544773173338e-01
9.896594082281765514e-01
9.566482549739026009e-01
7.411395066164803147e-01
3.831689657018833572e-01
-4.933800100202104938e-02
-4.732560421972863973e-01
-8.061712366000470809e-01
-9.824863635889821145e-01
-9.665619204222983818e-01
-7.602242225307651591e-01
-4.030083803806225884e-01
3.509773185059478218e-02
4.671482769899323317e-01
8.064200953385384230e-01
9.839046329341845087e-01
9.625717755450026170e-01
7.454178309134851244e-01
3.754931229486202504e-01
-7.229945462601372608e-02
-5.061491727213447422e-01
-8.360953302985330016e-01
-9.927852756479909058e-01
-9.423057272135807461e-01
-6.938697497023649241e-01
-2.985561277985857576e-01
1.608558194378616191e-01
5.870123373864972738e-01
8.885794965791641298e-01
9.999629313691020815e-01
8.958708958092211905e-01
5.974316996276342051e-01
1.683217263805574515e-01
-2.984965447777612191e-01
-7.007428382357926422e-01
-9.492485367148194575e-01
-9.879309051925997398e-01
-8.067990647507223834e-01
-4.449075707251179401e-01
1.765473292078019452e-02
4.772012460468769146e-01
8.295854100526136587e-01
9.939069700023557274e-01
9.313742138952523231e-01
6.548666570496556316e-01
2.267620421072290282e-01
-2.547554570417133180e-01
-6.779975241391263951e-01
-9.436760010257458919e-01
-9.884088821367037481e-01
-8.002209053293417584e-01
-4.221690479635931692e-01
5.705880053092077242e-02
5.236394574723934880e-01
8.655497913073523231e-01
9.995991301686124597e-01
8.920107638473264711e-01
5.673879545849920270e-01
1.035929165814786362e-01
-3.865432639024616313e-01
-7.824869889353411878e-01
-9.857086734124337335e-01
-9.445001969271281661e-01
-6.675875710716753231e-01
-2.228560263877409631e-01
2.788471146109681720e-01
7.110899270749693191e-01
9.637236782900115983e-01
9.712154563395378748e-01
7.301002731025592052e-01
3.008022626386705478e-01
-2.070166322911562440e-01
-6.621674489241373696e-01
-9.457893023607644167e-01
-9.826302946028271368e-01
-7.614687743361989725e-01
-3.390266508309867644e-01
1.740517405498097081e-01
6.418433109227712485e-01
9.390958873769411630e-01
9.850006707216483193e-01
7.656281258331578687e-01
3.386854531306653926e-01
-1.811116417033882819e-01
-6.525102236832414082e-01
-9.460463894797346285e-01
-9.798532366267110882e-01
-7.429878455605177789e-01
-2.995081407352081504e-01
2.282842983824224237e-01
6.932250891185441910e-01
9.642879826390179376e-01
9.638022456145549643e-01
6.902439297118037054e-01
2.197774509677854204e-01
-3.143830607409690558e-01
-7.593764434788937701e-01
-9.864612185721872706e-01
-9.286195914932930950e-01
-6.009238491455388687e-01
-9.732416066257275344e-02
4.357399519768603846e-01
8.416659009790592449e-01
9.998045477712687035e-01
8.617655313145741180e-01
4.668679027561858375e-01
-6.836190237886195786e-02
-5.840785438249033179e-01
-9.246985151577026274e-01
-9.860686243323179001e-01
-7.478645171760400778e-01
-2.809896348456882853e-01
2.728589985475914359e-01
7.437934248198232456e-01
9.858328653536824193e-01
9.225371669826660792e-01
5.718059140302075294e-01
4.161408255183439431e-02
-5.026272449247286556e-01
-8.894221734458229722e-01
-9.954039858214563941e-01
-7.852316883436388784e-01
-3.241083763999720868e-01
2.417026521462798949e-01
7.308037405422759258e-01
9.847737734882804350e-01
9.198758683616840015e-01
5.553716946351011652e-01
8.661432290963560696e-03
-5.418883628684615372e-01
-9.148850109635883188e-01
-9.858934928587795854e-01
-7.295699672603108699e-01
-2.294907429636249829e-01
3.483271208136112795e-01
8.101038200914505438e-01
9.993259118911593797e-01
8.503040964120380796e-01
4.117768278339667964e-01
-1.681619866449370615e-01
-6.914843849837511991e-01
-9.777240654068717340e-01
-9.265983824317491901e-01
-5.539088092522559403e-01
1.237434852302457533e-02
5.753373687679669279e-01
9.373259024445055321e-01
9.696122715359069000e-01
6.588922606886027378e-01
1.135833945271935569e-01
-4.731904177520176447e-01
-8.916014516253923938e-01
-9.903192419862133500e-01
-7.319147895830591111e-01
-2.079618880646940116e-01
3.925238373671082193e-01
8.507801800608554288e-01
9.980788516987962877e-01
7.784822454821188620e-01
2.710225327367205561e-01
-3.377899861930261927e-01
-8.219499860266089586e-01
-9.998794901436915961e-01
-8.031349583869444864e-01
-3.036931967189416270e-01
3.113808221741657944e-01
8.093823392681154250e-01
