1.000000000000000000e+00
9.999802412966990461e-01
9.999208875891496540e-01
9.998218233427749180e-01
9.996829341830762994e-01
9.995041069092917008e-01
9.992852295081114944e-01
9.990261911674506168e-01
9.987268822902773957e-01
9.983871945084998867e-01
9.980070206969059443e-01
9.975862549871622464e-01
9.971247927818658319e-01
9.966225307686527035e-01
9.960793669343609436e-01
9.954952005792475633e-01
9.948699323312609755e-01
9.942034641603658685e-01
9.934956993929230373e-01
9.927465427261209507e-01
9.919559002424613858e-01
9.911236794242971326e-01
9.902497891684205467e-01
9.893341398007060583e-01
9.883766430908015321e-01
9.873772122668726947e-01
9.863357620303957463e-01
9.852522085710017086e-01
9.841264695813696228e-01
9.829584642721681531e-01
9.817481133870477050e-01
9.804953392176785076e-01
9.792000656188375451e-01
9.778622180235430061e-01
9.764817234582340300e-01
9.750585105579981926e-01
9.735925095818429575e-01
9.720836524280146440e-01
9.705318726493585846e-01
9.689371054687266893e-01
9.672992877944261991e-01
9.656183582357117379e-01
9.638942571183208852e-01
9.621269265000488291e-01
9.603163101863675388e-01
9.584623537460820186e-01
9.565650045270280843e-01
9.546242116718097748e-01
9.526399261335731783e-01
9.506121006918207827e-01
9.485406899682607973e-01
9.464256504426931116e-01
9.442669404689328916e-01
9.420645202907661497e-01
9.398183520579431738e-01
9.375283998422011544e-01
9.351946296533243386e-01
9.328170094552326042e-01
9.303955091821015655e-01
9.279301007545159852e-01
9.254207580956486101e-01
9.228674571474717592e-01
9.202701758869931137e-01
9.176288943425218170e-01
9.149435946099589989e-01
9.122142608691130583e-01
9.094408794000419238e-01
9.066234385994150768e-01
9.037619289969023306e-01
9.008563432715809283e-01
8.979066762683639569e-01
8.949129250144512993e-01
8.918750887357939083e-01
8.887931688735820623e-01
8.856671691007445002e-01
8.824970953384678740e-01
8.792829557727284140e-01
8.760247608708358058e-01
8.727225233979947205e-01
8.693762584338704524e-01
8.659859833891725422e-01
8.625517180222398439e-01
8.590734844556408012e-01
8.555513071927752788e-01
8.519852131344834989e-01
8.483752315956619716e-01
8.447213943218775389e-01
8.410237355059894115e-01
8.372822918047670981e-01
8.334971023555092229e-01
8.296682087926631199e-01
8.257956552644362125e-01
8.218794884494087238e-01
8.179197575731365077e-01
8.139165144247466621e-01
8.098698133735289240e-01
8.057797113855111881e-01
8.016462680400296970e-01
7.974695455462804672e-01
7.932496087598619461e-01
7.889865251992991269e-01
7.846803650625489013e-01
7.803312012434922007e-01
7.759391093483988255e-01
7.715041677123779529e-01
7.670264574157970028e-01
7.625060623006849614e-01
7.579430689871006210e-01
7.533375668894767285e-01
7.486896482329360447e-01
7.439994080695698786e-01
7.392669442946907532e-01
7.344923576630452144e-01
7.296757518049887814e-01
7.248172332426296993e-01
7.199169114059222885e-01
7.149748986487280966e-01
7.099913102648265362e-01
7.049662645038805575e-01
6.998998825873596896e-01
6.947922887244056822e-01
6.896436101276550712e-01
6.844539770290000158e-01
6.792235226953021732e-01
6.739523834440415140e-01
6.686406986589116253e-01
6.632886108053515084e-01
6.578962654460103199e-01
6.524638112561549352e-01
6.469914000390000197e-01
6.414791867409774806e-01
6.359273294669272047e-01
6.303359894952146325e-01
6.247053312927780544e-01
6.190355225300869790e-01
6.133267340960296687e-01
6.075791401127123015e-01
6.017929179501703141e-01
5.959682482410002535e-01
5.901053148948909310e-01
5.842043051130717535e-01
5.782654094026605796e-01
5.722888215909119891e-01
5.662747388393747361e-01
5.602233616579340714e-01
5.541348939187631384e-01
5.480095428701529103e-01
5.418475191502452049e-01
5.356490368006399105e-01
5.294143132798997398e-01
5.231435694769280831e-01
5.168370297242266265e-01
5.104949218110370612e-01
5.041174769963453484e-01
4.977049300217690764e-01
4.912575191243031547e-01
4.847754860489332240e-01
4.782590760611195035e-01
4.717085379591261507e-01
4.651241240862207249e-01
4.585060903427201628e-01
4.518546961978855969e-01
4.451702047016749542e-01
4.384528824963265792e-01
4.317029998277960856e-01
4.249208305570269517e-01
4.181066521710530837e-01
4.112607457939393418e-01
4.043833961975507041e-01
3.974748918121417396e-01
3.905355247367746085e-01
3.835655907495512107e-01
3.765653893176647560e-01
3.695352236072645957e-01
3.624754004931265983e-01
3.553862305681289024e-01
3.482680281525364352e-01
3.411211113030738762e-01
3.339458018218054436e-01
3.267424252647971872e-01
3.195113109505698379e-01
3.122527919683374398e-01
3.049672051860286004e-01
2.976548912580798678e-01
2.903161946330060639e-01
2.829514635607377482e-01
2.755610500997268675e-01
2.681453101238153169e-01
2.607046033288586417e-01
2.532392932391026585e-01
2.457497472133189920e-01
2.382363364506738801e-01
2.306994359963536190e-01
2.231394247469176417e-01
2.155566854553878919e-01
2.079516047360764064e-01
2.003245730691254611e-01
1.926759848047834567e-01
1.850062381673887313e-01
1.773157352590693792e-01
1.696048820631580467e-01
1.618740884472999464e-01
1.541237681662752101e-01
1.463543388645078824e-01
1.385662220782665210e-01
1.307598432375620401e-01
1.229356316677141236e-01
1.150940205906100106e-01
1.072354471256277836e-01
9.936035229023097715e-02
9.146918100022956299e-02
8.356238206970177662e-02
7.564040821056908226e-02
6.770371603181818410e-02
5.975276603837946510e-02
5.178802262963327213e-02
4.380995409756470449e-02
3.581903262454157189e-02
2.781573428071868609e-02
1.980053902107182726e-02
1.177393068203659056e-02
3.736396977769832449e-03
-4.311570503989735174e-03
-1.236947630645978367e-02
-2.043682110874784491e-02
-2.851310173120690308e-02
-3.659781114119188550e-02
-4.469043845924327435e-02
-5.279046896569666858e-02
-6.089738410771246280e-02
-6.901066150675401467e-02
-7.712977496649434106e-02
-8.525419448117439736e-02
-9.338338624441516744e-02
-1.015168126584812675e-01
-1.096539323440076652e-01
-1.177942001501960240e-01
-1.259370671654880536e-01
-1.340819807287061960e-01
-1.422283844406943831e-01
-1.503757181764338591e-01
-1.585234180976653195e-01
-1.666709166660124974e-01
-1.748176426566030450e-01
-1.829630211722174660e-01
-1.911064736579436707e-01
-1.992474179163633563e-01
-2.073852681232708772e-01
-2.155194348439248564e-01
-2.236493250498396701e-01
-2.317743421361332934e-01
-2.398938859394251777e-01
-2.480073527562958180e-01
-2.561141353623134775e-01
-2.642136230316297074e-01
-2.723052015571599815e-01
-2.803882532713467546e-01
-2.884621570675143798e-01
-2.965262884218202721e-01
-3.045800194158082563e-01
-3.126227187595778667e-01
-3.206537518155642696e-01
-3.286724806229446849e-01
-3.366782639226720830e-01
-3.446704571831408215e-01
-3.526484126265003738e-01
-3.606114792556161519e-01
-3.685590028816781438e-01
-3.764903261524809586e-01
-3.844047885813614562e-01
-3.923017265768174999e-01
-4.001804734728056645e-01
-4.080403595597225652e-01
-4.158807121160860154e-01
-4.237008554409095740e-01
-4.315001108867891899e-01
-4.392777968937027766e-01
-4.470332290235277672e-01
-4.547657199952860885e-01
-4.624745797211228249e-01
-4.701591153430256798e-01
-4.778186312702937810e-01
-4.854524292177537781e-01
-4.930598082447391617e-01
-5.006400647948398008e-01
-5.081924927364199762e-01
-5.157163834039225625e-01
-5.232110256399565840e-01
-5.306757058381766923e-01
-5.381097079869683331e-01
-5.455123137139418210e-01
-5.528828023312337692e-01
-5.602204508816334139e-01
-5.675245341855390535e-01
-5.747943248887477097e-01
-5.820290935110828956e-01
-5.892281084958778115e-01
-5.963906362603047517e-01
-6.035159412465738171e-01
-6.106032859740003760e-01
-6.176519310919383887e-01
-6.246611354336105704e-01
-6.316301560708126317e-01
-6.385582483695246836e-01
-6.454446660464198127e-01
-6.522886612262831507e-01
-6.590894845003427704e-01
-6.658463849855313921e-01
-6.725586103846682429e-01
-6.792254070475840511e-01
-6.858460200331848444e-01
-6.924196931724619919e-01
-6.989456691324659188e-01
-7.054231894812321713e-01
-7.118514947536869197e-01
-7.182298245185174679e-01
-7.245574174460294170e-01
-7.308335113769921509e-01
-7.370573433924773044e-01
-7.432281498846997625e-01
-7.493451666288639679e-01
-7.554076288560223063e-01
-7.614147713269567852e-01
-7.673658284070830060e-01
-7.732600341423910839e-01
-7.790966223364182985e-01
-7.848748266282665753e-01
-7.905938805716762330e-01
-7.962530177151470046e-01
-8.018514716831286471e-01
-8.073884762582742569e-01
-8.128632654647649503e-01
-8.182750736527195645e-01
-8.236231355836860502e-01
-8.289066865172192156e-01
-8.341249622985615897e-01
-8.392771994474160779e-01
-8.443626352478319497e-01
-8.493805078391997165e-01
-8.543300563083598975e-01
-8.592105207828379942e-01
-8.640211425252004585e-01
-8.687611640285453074e-01
-8.734298291131300518e-01
-8.780263830241354928e-01
-8.825500725305766014e-01
-8.870001460253642556e-01
-8.913758536265188326e-01
-8.956764472795449850e-01
-8.999011808609634899e-01
-9.040493102830109429e-01
-9.081200935995126233e-01
-9.121127911129230936e-01
-9.160266654825508503e-01
-9.198609818339544830e-01
-9.236150078695305465e-01
-9.272880139802837096e-01
-9.308792733587898383e-01
-9.343880621133493491e-01
-9.378136593833350521e-01
-9.411553474557415866e-01
-9.444124118829326786e-01
-9.475841416015893248e-01
-9.506698290528670103e-01
-9.536687703037531882e-01
-9.565802651696367898e-01
-9.594036173380866561e-01
-9.621381344938380042e-01
-9.647831284449943645e-01
-9.673379152504373302e-01
-9.698018153484526671e-01
-9.721741536865707856e-01
-9.744542598526174659e-01
-9.766414682069808340e-01
-9.787351180160906994e-01
-9.807345535871123676e-01
-9.826391244038518158e-01
-9.844481852638722330e-01
-9.861610964168199267e-01
-9.877772237039614822e-01
-9.892959386989249593e-01
-9.907166188496491221e-01
-9.920386476215324878e-01
-9.932614146417840795e-01
-9.943843158449721109e-01
-9.954067536197659383e-01
-9.963281369568690593e-01
-9.971478815981400512e-01
-9.978654101868947857e-01
-9.984801524193896993e-01
-9.989915451974776817e-01
-9.993990327824328057e-01
-9.997020669499403489e-01
-9.999001071462427781e-01
-9.999926206454393673e-01
-9.999790827079303446e-01
-9.998589767400007933e-01
-9.996317944545349832e-01
-9.992970360328558010e-01
-9.988542102876801776e-01
-9.983028348271819619e-01
-9.976424362201544715e-01
-9.968725501622623941e-01
-9.959927216433753783e-01
-9.950025051159705480e-01
-9.939014646645962792e-01
-9.926891741763836929e-01
-9.913652175125988730e-01
-9.899291886812172647e-01
-9.883806920105148164e-01
-9.867193423236592098e-01
-9.849447651142880789e-01
-9.830565967230630031e-01
-9.810544845151818460e-01
-9.789380870588372252e-01
-9.767070743046039061e-01
-9.743611277657397984e-01
-9.718999406993871215e-01
-9.693232182886517556e-01
-9.666306778255446819e-01
-9.638220488947727427e-01
-9.608970735583525213e-01
-9.578555065410326863e-01
-9.546971154165027063e-01
-9.514216807943697285e-01
-9.480289965078808612e-01
-9.445188698023692098e-01
-9.408911215244022408e-01
-9.371455863116077145e-01
-9.332821127831562036e-01
-9.293005637308713318e-01
-9.252008163109507466e-01
-9.209827622362604105e-01
-9.166463079691855587e-01
-9.121913749150086792e-01
-9.076178996157819867e-01
-9.029258339446725179e-01
-8.981151453007447660e-01
-8.931858168041530988e-01
-8.881378474917136501e-01
-8.829712525128227130e-01
-8.776860633256873268e-01
-8.722823278938397484e-01
-8.667601108828913992e-01
-8.611194938575069679e-01
-8.553605754785461590e-01
-8.494834717003465485e-01
-8.434883159681063614e-01
-8.373752594153259787e-01
-8.311444710612765352e-01
-8.247961380084459782e-01
-8.183304656399257304e-01
-8.117476778166954343e-01
-8.050480170747600361e-01
-7.982317448220972445e-01
-7.912991415353717306e-01
-7.842505069563637798e-01
-7.770861602880680952e-01
-7.698064403904170128e-01
-7.624117059755712855e-01
-7.549023358027419084e-01
-7.472787288724708210e-01
-7.395413046203375140e-01
-7.316905031100205958e-01
-7.237267852256766831e-01
-7.156506328635668934e-01
-7.074625491228789809e-01
-6.991630584956817218e-01
-6.907527070559665860e-01
-6.822320626476899852e-01
-6.736017150717854562e-01
-6.648622762720576285e-01
-6.560143805198981326e-01
-6.470586845977682744e-01
-6.379958679813796385e-01
-6.288266330204844712e-01
-6.195517051182330981e-01
-6.101718329090116688e-01
-6.006877884346846219e-01
-5.911003673191955743e-01
-5.814103889414021786e-01
-5.716186966061206354e-01
-5.617261577132656170e-01
-5.517336639250294272e-01
-5.416421313309993657e-01
-5.314525006111496808e-01
-5.211657371966091912e-01
-5.107828314281362969e-01
-5.003047987121947981e-01
-4.897326796745624655e-01
-4.790675403113673902e-01
-4.683104721374657942e-01
-4.574625923320750909e-01
-4.465250438815602796e-01
-4.354989957192840211e-01
-4.243856428624080968e-01
-4.131862065455740862e-01
-4.019019343513342557e-01
-3.905341003372557740e-01
-3.790840051595739113e-01
-3.675529761932912476e-01
-3.559423676486433985e-01
-3.442535606837755502e-01
-3.324879635135609135e-01
-3.206470115144298694e-01
-3.087321673250881249e-01
-2.967449209430309542e-01
-2.846867898167250166e-01
-2.725593189333253563e-01
-2.603640809018207825e-01
-2.481026760314999358e-01
-2.357767324055759783e-01
-2.233879059498727893e-01
-2.109378804964417709e-01
-1.984283678419628827e-01
-1.858611078008183815e-01
-1.732378682526950764e-01
-1.605604451845733249e-01
-1.478306627269926343e-01
-1.350503731844126809e-01
-1.222214570595733796e-01
-1.093458230716814333e-01
-9.642540816828036598e-02
-8.346217753068826961e-02
-7.045812457280302421e-02
-5.741527093318381236e-02
-4.433566646019946461e-02
-3.122138919014363564e-02
-1.807454531811949691e-02
-4.897269161551358330e-03
8.308276883820258155e-03
2.153990239565242368e-02
3.479538898455721702e-02
4.807249036168191603e-02
6.136893241448582170e-02
7.468241329085305302e-02
8.801060349175154895e-02
1.013511459725715963e-01
1.147016562533531847e-01
1.280597225380478432e-01
1.414229058430058195e-01
1.547887401348819747e-01
1.681547324781050567e-01
1.815183631921276075e-01
1.948770860186337661e-01
2.082283282988681428e-01
2.215694911613059481e-01
2.348979497198283584e-01
2.482110532826139471e-01
2.615061255719164368e-01
2.747804649549459022e-01
2.880313446860434112e-01
3.012560131603173041e-01
3.144516941789971542e-01
3.276155872266421354e-01
3.407448677604555942e-01
3.538366875118840738e-01
3.668881748006971866e-01
3.798964348617870912e-01
3.928585501848491091e-01
4.057715808671908397e-01
4.186325649798623427e-01
4.314385189473028404e-01
4.441864379407502450e-01
4.568732962855779900e-01
4.694960478828296147e-01
4.820516266451005394e-01
4.945369469470367041e-01
5.069489040906364208e-01
5.192843747855622194e-01
5.315402176447169280e-01
5.437132736952501322e-01
5.558003669052525852e-01
5.677983047263447380e-01
5.797038786523482923e-01
5.915138647943096739e-01
6.032250244720422927e-01
6.148341048224343908e-01
6.263378394247420822e-01
6.377329489430443310e-01
6.490161417861326498e-01
6.601841147850070479e-01
6.712335538882071573e-01
6.821611348752016912e-01
6.929635240880257507e-01
7.036373791814087841e-01
7.141793498915609550e-01
7.245860788238820405e-01
7.348542022597365220e-01
7.449803509825578818e-01
7.549611511234513017e-01
7.647932250264953824e-01
7.744731921339731429e-01
7.839976698916831799e-01
7.933632746745639119e-01
8.025666227328085434e-01
8.116043311586422782e-01
8.204730188739790542e-01
8.291693076391063455e-01
8.376898230826018699e-01
8.460311957526392979e-01
8.541900621898563806e-01
8.621630660219576914e-01
8.699468590801995305e-01
8.775381025379266342e-01
8.849334680712985790e-01
8.921296390423562039e-01
8.991233117045760448e-01
9.059111964310216925e-01
9.124900189652480620e-01
9.188565216950559389e-01
9.250074649492205925e-01
9.309396283173023701e-01
9.366498119926262023e-01
9.421348381385327153e-01
9.473915522779728926e-01
9.524168247065284421e-01
9.572075519289147127e-01
9.617606581190215609e-01
9.660730966035432354e-01
9.701418513692213752e-01
9.739639385937362004e-01
9.775364082002477861e-01
9.808563454355971878e-01
9.839208724721513200e-01
9.867271500332680523e-01
9.892723790423498809e-01
9.915538022954293318e-01
9.935687061572282541e-01
9.953144222806101782e-01
9.967883293493301489e-01
9.979878548439785613e-01
9.989104768309889915e-01
9.995537257745711335e-01
9.999151863714091926e-01
9.999924994079487650e-01
9.997833636400776935e-01
9.992855376949868473e-01
9.984968419949751262e-01
9.974151607029472233e-01
9.960384436893269244e-01
9.943647085200886249e-01
9.923920424655902073e-01
9.901186045298608907e-01
9.875426274999824505e-01
9.846624200151682382e-01
9.814763686551255528e-01
9.779829400472631606e-01
9.741806829922642352e-01
9.700682306075413264e-01
9.656443024880358994e-01
9.609077068838118851e-01
9.558573428938661465e-01
9.504922026755205922e-01
9.448113736687682174e-01
9.388140408348815136e-01
9.324994889085626015e-01
9.258671046629048940e-01
9.189163791863542707e-01
9.116469101708769562e-01
9.040584042104417017e-01
8.961506791089514090e-01
8.879236661966622979e-01
8.793774126541140657e-01
8.705120838425689511e-01
8.613279656398649120e-01
8.518254667806121061e-01
8.420051211995456253e-01
8.318675903768562030e-01
8.214136656842515594e-01
8.106442707304385431e-01
7.995604637047082353e-01
7.881634397172068152e-01
7.764545331344399060e-01
7.644352199085471256e-01
7.521071198987469009e-01
7.394719991833760275e-01
7.265317723608349931e-01
7.132885048377204384e-01
6.997444151023737291e-01
6.859018769819749117e-01
6.717634218813007818e-01
6.573317410011505491e-01
6.426096875344396997e-01
6.276002788378186592e-01
6.123066985766778547e-01
5.967322988413108487e-01
5.808806022318883100e-01
5.647553039099175720e-01
5.483602736137043188e-01
5.316995576352911979e-01
5.147773807563200688e-01
4.975981481400840178e-01
4.801664471770641929e-01
4.624870492811064548e-01
4.445649116333071360e-01
4.264051788706784696e-01
4.080131847164318870e-01
3.893944535488217396e-01
3.705547019052082836e-01
3.514998399181132882e-01
3.322359726797647350e-01
3.127694015316824228e-01
2.931066252757101864e-01
2.732543413027817558e-01
2.532194466356882945e-01
2.330090388819552327e-01
2.126304170928758897e-01
1.920910825246689435e-01
1.713987392975865887e-01
1.505612949487631080e-01
1.295868608744482620e-01
1.084837526571833660e-01
8.726049027344473519e-02
6.592579817704727341e-02
4.448860525366621355e-02
2.295804464159499278e-02
1.343453413867451039e-03
-2.034562788329987923e-02
-4.209945584086204756e-02
-6.390808495125108180e-02
-8.576136853203814026e-02
-1.076489598142269383e-01
-1.295603132007952241e-01
-1.514846857009969905e-01
-1.734111385461344079e-01
-1.953285389925794868e-01
-2.172255623178910300e-01
-2.390906940160117677e-01
-2.609122321975684833e-01
-2.826782902013681431e-01
-3.043767994233844698e-01
-3.259955123694102674e-01
-3.475220059378342219e-01
-3.689436849389281514e-01
-3.902477858571461455e-01
-4.114213808630542979e-01
-4.324513820814587239e-01
-4.533245461224967854e-01
-4.740274788823585217e-01
-4.945466406204956922e-01
-5.148683513201182116e-01
-5.349787963388300538e-01
-5.548640323563558407e-01
-5.745099936262040297e-01
-5.939024985382627131e-01
-6.130272564992449436e-01
-6.318698751378857281e-01
-6.504158678418929806e-01
-6.686506616334635389e-01
-6.865596053903306739e-01
-7.041279784191033508e-01
-7.213409993877021309e-01
-7.381838356236253285e-01
-7.546416127846177213e-01
-7.706994249083676252e-01
-7.863423448475679312e-01
-8.015554350967399877e-01
-8.163237590169335478e-01
-8.306323924643357337e-01
-8.444664358286481098e-01
-8.578110264868423762e-01
-8.706513516777715234e-01
-8.829726618028168605e-01
-8.947602841575139632e-01
-9.059996370988464554e-01
-9.166762446525431596e-01
-9.267757515644429178e-01
-9.362839387995962603e-01
-9.451867394923845200e-01
-9.534702553505783884e-01
-9.611207735157379917e-01
-9.681247838819445617e-01
-9.744689968743158737e-01
-9.801403616882069514e-01
-9.851260849894448723e-01
-9.894136500752936936e-01
-9.929908364952154676e-01
-9.958457401297750033e-01
-9.979667937252983956e-01
-9.993427878811099729e-01
-9.999628924853258827e-01
-9.998166785943123358e-01
-9.988941407499684066e-01
-9.971857197280131757e-01
-9.946823257094097315e-01
-9.913753618659628675e-01
-9.872567483499612440e-01
-9.823189466765297473e-01
-9.765549844860517137e-01
-9.699584806726969655e-01
-9.625236708636606409e-01
-9.542454332322266586e-01
-9.451193146262384381e-01
-9.351415569918776205e-01
-9.243091240710024081e-01
-9.126197283484517309e-01
-9.000718582238749210e-01
-8.866648053807142382e-01
-8.723986923228614909e-01
-8.572745000474573107e-01
-8.412940958200144648e-01
-8.244602610157679701e-01
-8.067767189887512513e-01
-7.882481629275273072e-01
-7.688802836540157282e-01
-7.486797973189986966e-01
-7.276544729451908111e-01
-7.058131597658230394e-01
-6.831658143035704844e-01
-6.597235271316920224e-01
-6.354985492558243854e-01
-6.105043180516630530e-01
-5.847554826902214842e-01
-5.582679289788003985e-01
-5.310588035421481834e-01
-5.031465372644179368e-01
-4.745508679087278581e-01
-4.452928618269828553e-01
-4.153949346685851252e-01
-3.848808709924311233e-01
-3.537758426821097091e-01
-3.221064260600250972e-01
-2.899006175913500516e-01
-2.571878480643085552e-01
-2.239989951284610814e-01
-1.903663940678477773e-01
-1.563238466810749905e-01
-1.219066281353509973e-01
-8.715149165657688768e-02
-5.209667091257361854e-02
-1.678187994129004199e-02
1.875168952902876718e-02
5.446137352608115129e-02
9.030304420943575938e-02
1.262311213445978519e-01
1.621985870487020198e-01
1.981570039861437482e-01
2.340565371975503739e-01
2.698459797499623281e-01
3.054727824009228487e-01
3.408830874734452010e-01
3.760217671430395314e-01
4.108324663419845590e-01
4.452576504895675025e-01
4.792386582604201140e-01
5.127157596059347400e-01
5.456282192461736624e-01
5.779143658517954529e-01
6.095116671367293293e-01
6.403568110833336435e-01
6.703857935216288588e-01
6.995340122837091501e-01
7.277363681527529993e-01
7.549273728235331715e-01
7.810412640879607071e-01
8.060121284542184350e-01
8.297740314023906993e-01
8.522611554719616844e-01
8.734079463677849597e-01
8.931492672607997951e-01
9.114205614473178674e-01
9.281580235168082060e-01
9.432987791616850304e-01
9.567810737442133950e-01
9.685444697147471693e-01
9.785300529519078694e-01
9.866806480690261116e-01
9.929410427017345553e-01
9.972582207589567593e-01
9.995816045834233776e-01
9.998633059279429247e-01
9.980583856098255158e-01
9.941251216577235983e-01
9.880252857125185750e-01
9.797244273864080810e-01
9.691921662217843902e-01
9.564024908234588507e-01
9.413340646640844245e-01
9.239705379827984899e-01
9.043008651109261109e-01
8.823196264657331422e-01
8.580273543531858893e-01
8.314308616134455932e-01
8.025435720277521723e-01
7.713858512822953095e-01
7.379853371533940942e-01
7.023772674381481007e-01
6.646048040060957840e-01
6.247193511891663276e-01
5.827808665601649230e-01
5.388581619730614669e-01
4.930291925520808305e-01
4.453813311207825421e-01
3.960116253565059696e-01
3.450270347410646088e-01
2.925446441541517117e-01
2.386918507233387610e-01
1.836065203034538407e-01
1.274371097094317840e-01
7.034275057178385193e-02
1.249329042293423168e-02
-4.593071364181889465e-02
-1.047380536520868821e-01
-1.637269869896970931e-01
-2.226854156113387273e-01
-2.813911339827800950e-01
-3.396121516924990869e-01
-3.971070969521294236e-01
-4.536257074138733691e-01
-5.089094149353194929e-01
-5.626920310948804183e-01
-6.147005403980575489e-01
-6.646560082097359157e-01
-7.122746104902527575e-01
-7.572687923941012755e-01
-7.993485626981269299e-01
-8.382229308477782137e-01
-8.736014931320095211e-01
-9.051961741028254904e-01
-9.327231288271303766e-01
-9.559048108767399521e-01
-9.744722101047473828e-01
-9.881672631998899003e-01
-9.967454387278515959e-01
-9.999784968314746614e-01
-9.976574219391195486e-01
-9.895955246880425715e-01
-9.756317067714465052e-01
-9.556338795248502382e-01
-9.295025237384170191e-01
-8.971743743736571020e-01
-8.586262095305392528e-01
-8.138787181080655575e-01
-7.630004150818485709e-01
-7.061115671394713189e-01
-6.433880845252071268e-01
-5.750653273093464524e-01
-5.014417658792714727e-01
-4.228824262248547239e-01
-3.398220405444943859e-01
-2.527678128347728981e-01
-1.623016974697568671e-01
-6.908207637834053172e-02
2.615529262004776326e-02
1.225971973266762605e-01
2.193539174158094518e-01
3.154613642733078427e-01
4.098845969278364088e-01
5.015229094958034706e-01
5.892166971433917544e-01
6.717563170749860646e-01
7.478931675608233576e-01
8.163532103659404404e-01
8.758531587301283672e-01
9.251195425606981715e-01
9.629108426719108493e-01
9.880428542729441377e-01
9.994173935504149231e-01
9.960543966927603021e-01
9.771273740957298060e-01
9.420020692299093668e-01
8.902780266197652947e-01
8.218325909042401012e-01
7.368666328838929802e-01
6.359510223797928408e-01
5.200725352133184209e-01
3.906774867173286592e-01
2.497109221585638583e-01
9.964866278274536748e-02
-5.648109385350202211e-02
-2.150905818833003524e-01
-3.720443526252026900e-01
-5.226956297216476255e-01
-6.619532184745984260e-01
-7.843856434466632832e-01
-8.843695682716427031e-01
-9.562895690984746233e-01
-9.947957752140302867e-01
-9.951244672791630386e-01
-9.534840500430270538e-01
-8.675043937209385714e-01
-7.367407409739457069e-01
-5.632134520420706281e-01
-3.519509571319025532e-01
-1.114845331835038894e-01
1.457807860497029595e-01
4.034249206940451193e-01
6.412417116573690956e-01
8.360153353194987869e-01
9.630524821040536976e-01
9.986904916609939953e-01
9.239696831773924757e-01
7.295414968161759717e-01
4.216194224208505426e-01
2.827704318852408347e-02
-3.954532944557782592e-01
-7.665186071122718214e-01
-9.813435648766403174e-01
-9.380110575101971992e-01
