1.0
0.9999802595533365
0.9999210233583846
0.9998222468455799
0.999683855716718
0.9995057459215902
0.9992877836253278
0.999029805166518
0.9987316170061616
0.9983929956675663
0.9980136876672827
0.9975934094372078
0.9971318472380004
0.9966286570639672
0.9960834645395976
0.9954958648079453
0.9948654224110691
0.9941916711627696
0.9934741140138714
0.9927122229103271
0.9919054386444327
0.9910531706994714
0.9901547970881165
0.9892096641849536
0.988217086553498
0.9871763467681103
0.9860866952312339
0.9849473499864057
0.9837574965275101
0.9825162876047813
0.9812228430280736
0.9798762494679577
0.97847556025522
0.9770197951793775
0.9755079402868448
0.9739389476794239
0.9723117353138179
0.9706251868029014
0.9688781512195145
0.9670694429035802
0.9651978412733837
0.9632620906418838
0.9612609000389676
0.959192943040597
0.9570568576058354
0.9548512459227837
0.9525746742644955
0.9502256728559882
0.947802735753506
0.9453043207372398
0.9427288492187562
0.9400747061644322
0.9373402400362452
0.9345237627513163
0.9316235496616578
0.9286378395556278
0.9255648346826484
0.9224027008028032
0.9191495672629808
0.9158035271012944
0.912362637181562
0.9088249183596965
0.9051883556839128
0.9014508986307235
0.8976104613787582
0.8936649231225056
0.8896121284281435
0.8854498876336905
0.881175977295776
0.8767881406853987
0.8722840883351101
0.8676614986401295
0.8629180185159689
0.8580512641152134
0.8530588216061787
0.8479382480162374
0.8426870721426716
0.8373027955339911
0.8317828935447187
0.82612481646672
0.8203259907402243
0.8143838202477527
0.8082956876942381
0.802058956076691
0.7956709702468291
0.7891290585701559
0.7824305346850331
0.7755726993653563
0.7685528424904988
0.7613682451262429
0.7540161817204751
0.7464939224174651
0.7387987354945962
0.7309278899254548
0.7228786580732234
0.7146483185183525
0.7062341590245095
0.6976334796468252
0.6888435959864718
0.6798618425956064
0.67068557653672
0.6613121811004122
0.6517390696856034
0.6419636898461559
0.6319835275078465
0.6217961113595764
0.6113990174226444
0.6007898738018391
0.5899663656220124
0.5789262401536989
0.5676673121312313
0.5561874692666671
0.5444846779626931
0.5325569892275142
0.5204025447945392
0.508019583449482
0.49540644756726404
0.4825615898608644
0.4694835803439921
0.45617111350916
0.44262301572243307
0.42883825283576543
0.41481593801748623
0.40055533980108465
0.3860558903520217
0.3713171939518376
0.3563390356983341
0.34112139042008466
0.3256644318029726
0.3099685417258614
0.29403431980187256
0.2778625931210813
0.2614544261897311
0.24481113106032282
0.22793427764615012
0.21082570421301608
0.19348752804000233
0.17592215624023114
0.15813229673161633
0.14012096934656904
0.1218915170685887
0.10344761738254882
0.08479329372434724
0.0659329270143855
0.0468712672580898
0.027613445195392203
0.008164983979734055
-0.011468189134231824
-0.03127973111652932
-0.05126287152510772
-0.07141040093177539
-0.09171465943772761
-0.11216752530723487
-0.1327604037497102
-0.15348421588214453
-0.1743293879056285
-0.1952858405315205
-0.21634297869464866
-0.2374896815928282
-0.25871429309387806
-0.2800046125532732
-0.3013478860875282
-0.32273079835038526
-0.3441394648608921
-0.3655594249344519
-0.3869756352699459
-0.408372464248026
-0.4297336869976911
-0.4510424812902214
-0.4722814243215134
-0.49343249044577425
-0.5144770499254125
-0.5353958687637793
-0.55616910968919
-0.5767763343603176
-0.5971965068646636
-0.6174079985833021
-0.6373885944964717
-0.6571155010058446
-0.6765653553504204
-0.6957142366939371
-0.7145376789624655
-0.7330106855114475
-0.7511077457018076
-0.7688028534649005
-0.7860695279359754
-0.8028808362354428
-0.8192094184765738
-0.8350275150772871
-0.8503069964523707
-0.8650193951608142
-0.8791359405808867
-0.8926275961831476
-0.9054650994686944
-0.9176190046366364
-0.9290597280409584
-0.9397575964926553
-0.9496828984581678
-0.9588059381997729
-0.967097092897625
-0.9745268727865772
-0.9810659843337395
-0.9866853964748891
-0.9913564099193591
-0.9950507295238353
-0.9977405397255981
-0.9993985830151112
-0.9999982414164926
-0.9995136209322623
-0.9979196388958556
-0.9951921141617026
-0.9913078600481849
-0.9862447799335056
-0.979981965388433
-0.9724997967130042
-0.9637800457266191
-0.9538059806425158
-0.9425624728384231
-0.9300361053152469
-0.9162152826149873
-0.901090341947758
-0.8846536652557873
-0.8668997919197086
-0.8478255317893134
-0.8274300781973328
-0.8057151205907678
-0.7826849563899234
-0.7583466016606404
-0.7327099001604265
-0.7057876302943095
-0.6775956094914005
-0.6481527954885098
-0.6174813839827875
-0.5856069020914481
-0.5525582970333264
-0.518368019424437
-0.4830721005580884
-0.4467102230196052
-0.40932578396648334
-0.3709659503871671
-0.3316817056356692
-0.2915278865252739
-0.2505632102528362
-0.20885029041576544
-0.1664556413772484
-0.12344967023151034
-0.07990665562051225
-0.03590471265652248
0.008474256788179466
0.05314462915225933
0.09801714032956009
0.14299898357925886
0.18799392486987584
0.23290243629499577
0.27762184816314334
0.3220465203229933
0.36606803323793013
0.4095753992704902
0.4524552945773047
0.4945923119485673
0.5358692348525913
0.5761673328654939
0.6153666785784293
0.6533464859798525
0.6899854702080515
0.7251622284596196
0.7587556417225813
0.7906452968787743
0.8207119285887313
0.8488378802340919
0.8749075830476021
0.8988080524094119
0.9204294001309876
0.9396653613850596
0.9564138347720005
0.9705774338406902
0.9820640482057861
0.9907874122242893
0.996667679013211
0.9996319974079712
0.9996150892789983
0.9965598244429759
0.9904177902266018
0.9811498525659165
0.9687267053547014
0.9531294045926825
0.9343498837299627
0.9123914464599548
0.8872692330809611
0.8590106564282544
0.8276558032761429
0.7932577970249615
0.7558831174233491
0.7156118730336735
0.6725380221301726
0.6267695377274238
0.5784285124733458
0.5276511992080701
0.4745879830899825
0.41940328132476173
0.36227536670454596
0.30339611137396355
0.2429706474896463
0.1812169417311806
0.11836528095587269
0.05465766666793519
-0.009652883603995983
-0.07430312945867222
-0.13902049622689025
-0.20352405939301335
-0.2675256245929517
-0.3307309022998806
-0.39284077561810216
-0.45355265887400187
-0.512561943923344
-0.5695635302891898
-0.6242534344080809
-0.6763304723977069
-0.7254980098721665
-0.7714657714259975
-0.8139517014918309
-0.8526838673550546
-0.887402394189823
-0.9178614210716329
-0.9438310660314196
-0.965099387353366
-0.9814743274933206
-0.9927856252168472
-0.9988866808361764
-0.9996563587747348
-0.9950007111177716
-0.9848546053296051
-0.9691832389438619
-0.9479835237746546
-0.9212853220657016
-0.889152517002517
-0.8516839001712657
-0.8090138588674886
-0.7613128466487512
-0.70878762119691
-0.6516812344162248
-0.5902727607506036
-0.5248767509623052
-0.4558424000803637
-0.3835524199018226
-0.30842160831411464
-0.23089510980027425
-0.1514463637875001
-0.07057473999670667
0.011197137361707061
0.09332637183498983
0.17525307567721482
0.25640393858356664
0.33619606999060747
0.4140410973194749
0.48934949906004144
0.5615351480703501
0.6300200369305808
0.6942391536810183
0.7536454728276434
0.8077150231599067
0.8559519907365711
0.8978938124045833
0.9331162124703722
0.9612381326932374
0.9819265036664062
0.9949008039444528
0.9999373520162267
0.9968732754600957
0.9856101014011078
0.9661169127631232
0.9384330158154031
0.9026700661907455
0.8590136029342492
0.8077239432555431
0.7491363945234598
0.6836607446734188
0.6117799975988067
0.5340483262630514
0.4510882231837354
0.36358683557774457
0.2722914807789487
0.17800434649761931
0.08157639002027316
-0.016099539524758705
-0.11409632127677438
-0.21146087982748846
-0.30722314324954014
-0.4004055747402452
-0.4900331997292269
-0.5751440395980113
-0.6547998528414206
-0.7280970747301743
-0.7941778374859315
-0.8522409448308653
-0.9015526677041069
-0.9414572221263904
-0.9713867858183266
-0.9908709074076364
-0.9995451610574805
-0.9971589002606138
-0.9835819675054396
-0.9588102216435542
-0.9229697521645917
-0.8763196592771496
-0.8192532907384118
-0.7522978407707366
-0.6761122331157533
-0.5914832292314586
-0.4993197237197914
-0.4006452121235748
-0.29658844104914783
-0.18837227690804173
-0.07730085713435518
0.03525488381103202
0.147873192372018
0.2590988274258889
0.3674615663688398
0.47149567886059723
0.5697601348280298
0.6608592887097786
0.7434637597319009
0.8163312087822009
0.8783266967356756
0.9284422973956927
0.9658156310482822
0.9897469824337891
0.9997146701238677
0.995388343192895
0.9766398959563708
0.9435517125944671
0.8964219807686484
0.8357668468483131
0.7623192249516764
0.6770241174057449
0.5810303550502853
0.4756787215226068
0.36248648560257185
0.24312842907488358
0.11941452345515918
-0.006735523719524031
-0.13332056467262493
-0.2582887941664833
-0.37957059977265295
-0.4951129993857158
-0.6029151301060367
-0.7010642035575703
-0.7877713016397628
-0.8614063550193974
-0.9205316256420722
-0.9639330053640858
-0.9906484464976474
-0.9999928574634536
-0.991578828469412
-0.9653325985427178
-0.9215047364103108
-0.8606750834151574
-0.7837515963063868
-0.6919628304362937
-0.5868439183666234
-0.470216023502372
-0.3441593811551257
-0.21098017807499433
-0.07317166335616147
0.06662997418394831
0.20569428765926392
0.34124900502780403
0.47053528173441633
0.5908647307948184
0.6996770936865919
0.7945973407798153
0.8734909382025461
0.9345159917672641
0.9761709802543672
0.9973368218317367
0.9973120799760394
0.9758402095773903
0.9331278698438528
0.8698534872716035
0.7871654375690355
0.6866694274162761
0.5704048918384932
0.44081047645980764
0.3006789408705696
0.15310209393905502
0.0014066476467652336
-0.15091785407089803
-0.3002976183045023
-0.4431580488752875
-0.5760101980865832
-0.6955381959666614
-0.7986854992212208
-0.8827377218312926
-0.9453997833107147
-0.9848651433855833
-0.9998749862723479
-0.9897653752970562
-0.9545006191289642
-0.8946913724079648
-0.8115963321475552
-0.7071067811865477
-0.5837136634254368
-0.44445734306536894
-0.2928606903219641
-0.13284663637508085
0.031358163323333334
0.19533144068311958
0.3545726414212608
0.5046265123461235
0.6412096662880585
0.7603365910209329
0.8584414095211537
0.9324916421497932
0.9800902751540571
0.9995626097056418
0.9900246536639437
0.9514302228810037
0.8845944347960936
0.7911918949537861
0.6737285835795028
0.5354872272613672
0.3804467693361748
0.2131774078235113
0.03871352517307554
-0.13759233871297716
-0.31023054918808807
-0.4737058719767138
-0.6227142308602572
-0.7523191340070088
-0.858121916855098
-0.9364198765454554
-0.9843464993702664
-0.9999883165786955
-0.9824734663295474
-0.9320277843323735
-0.8499951787391481
-0.7388201442621318
-0.601991506800352
-0.4439478264629189
-0.26994628093302575
-0.08589825467426612
0.10182377905979263
0.2866022306343488
0.46180625146638127
0.6210315911620711
0.7583399010487945
0.868488551550086
0.947141972641462
0.991055811263057
0.9982258367466726
0.9679945113115938
0.9011094594952466
0.7997296854133237
0.6673772530512926
0.5088342019818075
0.3299866466534727
0.13762021960504703
-0.0608268215029381
-0.25754448915856837
-0.444655854179507
-0.6145341693566326
-0.7601197313871415
-0.8752233211778064
-0.9548030293485126
-0.9952018028854238
-0.994334150724403
-0.9518121062874833
-0.8690027235540877
-0.7490120141761505
-0.5965932257680542
-0.41798060278426713
-0.22065312954179656
-0.013036084153809495
0.19584862157846505
0.39676953346209576
0.5806940750537248
0.7392004997346631
0.864874624033422
0.9516724665912923
0.9952306751098957
0.9931082792930384
0.9449458334138101
0.8525313355956051
0.71976631619414
0.5525300176001595
0.3584444489174852
0.14654806887926747
-0.07310931310677195
-0.28993337560668425
-0.4932930005322008
-0.6730450435334079
-0.8200504417136409
-0.9266552658605816
-0.9871109744665294
-0.9979101432039033
-0.9580172975780958
-0.8689790664388998
-0.7349035254400348
-0.5623050696846781
-0.3598181412729047
-0.13779029068464022
0.09222800976965598
0.31807304946276826
0.5276079662190105
0.7093801418184589
0.8532604511343371
0.9510284133684237
0.9968687931441975
0.9877487195402521
0.9236498427714125
0.8076372237910322
0.6457552307778414
0.4467502752754221
0.2216302527132379
-0.01691950907795156
-0.2552347393394758
-0.47944812634980843
-0.6762994629671464
-0.8339330228352618
-0.9426339689836484
-0.9954572871012317
-0.9887073543811584
-0.9222336742456055
-0.799518216753914
-0.6275417174052449
-0.4164295600976366
-0.1788917342467472
0.07051504175999529
0.31626248614918595
0.5428122272681725
0.7356049697063572
0.8820145549576605
0.9722038467488865
0.9998232370016866
0.9625005350503141
0.8620827550089727
0.7046052636939618
0.4999810511183518
0.26142148296799583
0.004618583453071615
-0.2532636063053979
-0.49472602105726604
-0.7031259609897111
-0.8638421800539445
-0.9653315882613068
-0.9999998324730311
-0.9648180951528108
-0.8616338265587182
-0.6971429684977757
-0.4825143276467185
-0.2326815943843661
0.03465665686276709
0.3002656444758418
0.5447490281012681
0.749972736757802
0.9004337087140418
0.9844693163675654
0.9952111913628957
0.9312028062142379
0.7966226996000387
0.6010832615740821
0.35900662048928783
0.08861210190600927
-0.1894185665477633
-0.4535042258803104
-0.6828396650908966
-0.8590542238592246
-0.9677207859123753
-0.9995892447228578
-0.9514359697270269
-0.826447881659435
-0.6340947130456663
-0.38948338227350776
-0.11223105303718317
0.17506507548738218
0.4486464546686709
0.6855568866665201
0.8655900356108468
0.973054799743866
0.9982018996438392
0.9381782869501456
0.7974118369992144
0.5873747384681015
0.325726481296267
0.034892039615320135
-0.25981701933136025
-0.5323859976958275
-0.7583995893735636
-0.9172602759949592
-0.9941194350840318
-0.9813365890813422
-0.8793185753463111
-0.6966420291638121
-0.4494253790081496
-0.15998521554363918
0.14511977235009754
0.4374925908155088
0.6895362626305193
0.8770832695963297
0.9817645873868339
0.9928826045698119
0.9085915939992628
0.736249618444224
0.4918818789662974
0.19878078441481928
-0.11464561337523384
-0.41758630065873936
-0.679847494048798
-0.8748865741583033
-0.9825539274775416
-0.9912554748823287
-0.8992974990945906
-0.7152508299837119
-0.45726693029867066
-0.15138492092353195
0.1710245690695952
0.47643691137125327
0.7326562131287959
0.9122433911190144
0.995522643556678
0.9728315061081382
0.8457493471022829
0.627140530851348
0.3399719322353073
0.014997451323477821
-0.31246962900963143
-0.6063666728824599
-0.833867769543989
-0.9691054289015102
-0.9962016780284828
-0.9112454868178331
-0.722960573208019
-0.4519484624012623
-0.12855148929283594
0.21045844298845898
0.5260158502817852
0.7812643170503397
0.9459086597812403
0.9998991838524482
0.9359918608705882
0.7608464955547516
0.49448855181693757
0.16815153165501032
-0.1792863616758349
-0.5058789123702025
-0.7716719298265282
-0.9436388551092375
-0.999878612230515
-0.932533030492043
-0.7490225838482913
-0.4713967368259978
-0.13382633686190676
0.22149769459232682
0.5495827233922536
0.8083336269960152
0.9640130201633275
0.9957490940660495
0.8984774821284933
0.6838877472994916
0.3791930855971217
0.02382358454417952
-0.3355772211664358
-0.6512332545443124
-0.8806094644536716
-0.9922273437790791
-0.9701187839705294
-0.8162733137933021
-0.5506870982862193
-0.2089392330153133
0.16243937830311736
0.5122233533711605
0.7915484261992033
0.9607976325110494
0.995342152756971
0.88929101464281
0.6566598010448065
0.32971893889399534
-0.04531947021101538
-0.41472674920418623
-0.7249197371508028
-0.9302752363276227
-0.9999541032032673
-0.9227009763364374
-0.7088521347438754
-0.3891752130210322
-0.010627022514108419
0.3704172631733382
0.6965095051322077
0.9178239226541222
0.9998843324433441
0.9291111450238314
0.7152731408801588
0.39037949200559247
0.0040873200421813445
-0.3837516968962183
-0.7123117096205581
-0.9293713539295925
-0.9997396360742064
-0.9111535034886914
-0.6766331170125315
-0.3328195445229591
0.06554461344630726
0.4541979850087671
0.7696863171577468
0.9597825218866032
0.992283788449898
0.8606834009932305
0.5856883992338326
0.21221774379259425
-0.19773488646198262
-0.5752776712287225
-0.8561892220688483
-0.9919419573363214
-0.9582755497767224
-0.7597782100849273
-0.42957678726099263
-0.024059965596122484
0.386574700475111
0.7304004077940578
0.9464055401216636
0.995476409923132
0.8677185008203044
0.5847098340082519
0.1961482341470254
-0.22864892087630875
-0.6129846239861213
-0.8866278444164005
-0.9987703042975523
-0.927686466850468
-0.6852245167893858
-0.3151594514869613
0.11444386494797504
0.5235810882576307
0.8351676544773173
0.9896594082281805
0.9566482549739026
0.7411395066164803
0.38316896570188336
-0.04933800100202105
-0.4732560421972864
-0.8061712366000471
-0.9824863635889874
-0.966561920422291
-0.7602242225307652
-0.40300838038059655
0.03509773185059478
0.46714827698993233
0.8064200953385384
0.9839046329341845
0.9625717755450026
0.7454178309135041
0.37549312294862025
-0.07229945462601373
-0.5061491727213693
-0.8360953302985487
-0.9927852756479875
-0.9423057272135807
-0.6938697497023444
-0.2985561277985586
0.16085581943786162
0.5870123373864973
0.8885794965791902
0.9999629313691019
0.8958708958092337
0.5974316996276114
0.16832172638055745
-0.2984965447777612
-0.7007428382357926
-0.9492485367148195
-0.9879309051925997
-0.8067990647507224
-0.44490757072511794
0.017654732920780195
0.4772012460468769
0.8295854100526137
0.9939069700023557
0.9313742138952523
0.6548666570496556
0.22676204210722903
-0.2547554570417683
-0.6779975241391265
-0.9436760010257459
-0.9884088821367037
-0.8002209053293418
-0.42216904796359317
0.0570588005308924
0.5236394574723935
0.8655497913073523
0.9995991301686141
0.8920107638473522
0.567387954584992
0.10359291658147864
-0.38654326390248783
-0.7824869889353412
-0.985708673412429
-0.9445001969271282
-0.6675875710717176
-0.22285602638774096
0.27884711461096817
0.7110899270749693
0.9637236782900116
0.9712154563395446
0.7301002731025592
0.30080226263869764
-0.20701663229115624
-0.6621674489241374
-0.9457893023607644
-0.9826302946028271
-0.761468774336199
-0.33902665083098676
0.1740517405498097
0.6418433109227712
0.9390958873769412
0.9850006707216532
0.7656281258331579
0.3386854531306654
-0.18111164170338828
-0.6525102236832414
-0.9460463894797346
-0.9798532366267111
-0.7429878455605178
-0.2995081407352353
0.22828429838242242
0.6932250891185442
0.9642879826390104
0.963802245614555
0.6902439297118037
0.2197774509677577
-0.31438306074096906
-0.7593764434788937
-0.9864612185721873
-0.9286195914933142
-0.6009238491455389
-0.09732416066257275
0.4357399519768604
0.8416659009790592
0.9998045477712687
0.8617655313145741
0.4668679027561607
-0.06836190237886196
-0.5840785438249264
-0.9246985151577026
-0.9860686243323179
-0.747864517176059
-0.2809896348456883
0.27285899854759144
0.7437934248198232
0.9858328653536778
0.9225371669826661
0.5718059140302075
0.041614082551834394
-0.5026272449247041
-0.889422173445823
-0.9954039858214564
-0.7852316883436389
-0.3241083763999721
0.2417026521462799
0.7308037405422759
0.9847737734882854
0.9198758683616952
0.5553716946351012
0.00866143229096356
-0.5418883628684615
-0.9148850109635999
-0.9858934928587844
-0.7295699672603109
-0.22949074296362498
0.3483271208136379
0.8101038200914505
0.9993259118911615
0.8503040964120082
0.4117768278339668
-0.16816198664493706
-0.6914843849837307
-0.9777240654068777
-0.9265983824317492
-0.5539088092522559
0.012374348522996157
0.5753373687680134
0.9373259024445055
0.9696122715359069
0.6588922606886027
0.11358339452719356
-0.47319041775201764
-0.8916014516253924
-0.9903192419862133
-0.7319147895830591
-0.207961888064694
0.3925238373671082
0.8507801800608554
0.9980788516987963
0.7784822454821189
0.2710225327366659
-0.3377899861930262
-0.821949986026609
-0.9998794901436916
-0.8031349583869445
-0.3036931967189416
0.3113808221741658
0.8093823392681154
