1.0
0.999980241296699
0.9999208875891497
0.9998218233427749
0.9996829341830763
0.9995041069092917
0.9992852295081115
0.9990261911674506
0.9987268822902774
0.9983871945084999
0.9980070206969059
0.9975862549871622
0.9971247927818658
0.9966225307686527
0.9960793669343609
0.9954952005792476
0.994869932331261
0.9942034641603659
0.993495699392923
0.992746542726121
0.9919559002424614
0.9911236794242971
0.9902497891684205
0.9893341398007061
0.9883766430908015
0.9873772122668727
0.9863357620303957
0.9852522085710017
0.9841264695813696
0.9829584642721682
0.9817481133870477
0.9804953392176785
0.9792000656188375
0.977862218023543
0.976481723458234
0.9750585105579982
0.973592509581843
0.9720836524280146
0.9705318726493586
0.9689371054687267
0.9672992877944262
0.9656183582357117
0.9638942571183209
0.9621269265000488
0.9603163101863675
0.958462353746082
0.9565650045270281
0.9546242116718098
0.9526399261335732
0.9506121006918208
0.9485406899682608
0.9464256504426931
0.9442669404689329
0.9420645202907661
0.9398183520579432
0.9375283998422012
0.9351946296533243
0.9328170094552326
0.9303955091821016
0.927930100754516
0.9254207580956486
0.9228674571474718
0.9202701758869931
0.9176288943425218
0.9149435946099591
0.9122142608691131
0.9094408794000419
0.9066234385994151
0.9037619289969023
0.9008563432715809
0.897906676268364
0.8949129250144513
0.8918750887357939
0.8887931688735821
0.8856671691007445
0.8824970953384679
0.8792829557727284
0.8760247608708358
0.8727225233979947
0.8693762584338705
0.8659859833891725
0.8625517180222398
0.8590734844556407
0.8555513071927753
0.8519852131344835
0.848375231595662
0.8447213943218775
0.8410237355059894
0.8372822918047671
0.8334971023555092
0.8296682087926632
0.8257956552644362
0.8218794884494087
0.8179197575731365
0.8139165144247467
0.8098698133735289
0.8057797113855112
0.8016462680400297
0.7974695455462805
0.793249608759862
0.7889865251992991
0.7846803650625489
0.7803312012434922
0.7759391093483988
0.771504167712378
0.767026457415797
0.762506062300685
0.7579430689871006
0.7533375668894767
0.748689648232936
0.7439994080695698
0.7392669442946908
0.7344923576630452
0.7296757518049888
0.7248172332426297
0.7199169114059223
0.7149748986487281
0.7099913102648265
0.7049662645038806
0.6998998825873597
0.6947922887244057
0.6896436101276551
0.684453977029
0.6792235226953022
0.6739523834440415
0.6686406986589116
0.6632886108053515
0.6578962654460103
0.6524638112561549
0.646991400039
0.6414791867409775
0.6359273294669272
0.6303359894952146
0.624705331292778
0.619035522530087
0.6133267340960297
0.6075791401127123
0.6017929179501703
0.5959682482410003
0.5901053148948909
0.5842043051130718
0.5782654094026606
0.572288821590912
0.5662747388393747
0.5602233616579341
0.5541348939187631
0.5480095428701529
0.5418475191502452
0.5356490368006399
0.5294143132798997
0.5231435694769281
0.5168370297242266
0.5104949218110371
0.5041174769963453
0.4977049300217691
0.49125751912430315
0.4847754860489332
0.4782590760611195
0.47170853795912615
0.4651241240862207
0.45850609034272016
0.4518546961978856
0.44517020470167495
0.4384528824963266
0.4317029998277961
0.42492083055702695
0.4181066521710531
0.41126074579393934
0.4043833961975507
0.39747489181214174
0.3905355247367746
0.3835655907495512
0.37656538931766476
0.3695352236072646
0.3624754004931266
0.3553862305681289
0.34826802815253644
0.3411211113030739
0.33394580182180544
0.3267424252647972
0.31951131095056984
0.31225279196833744
0.3049672051860286
0.29765489125807987
0.29031619463300606
0.28295146356073775
0.27556105009972687
0.2681453101238153
0.26070460332885864
0.25323929323910266
0.245749747213319
0.23823633645067388
0.23069943599635362
0.22313942474691764
0.2155566854553879
0.2079516047360764
0.20032457306912546
0.19267598480478346
0.18500623816738873
0.17731573525906938
0.16960488206315805
0.16187408844729995
0.1541237681662752
0.14635433886450788
0.13856622207826652
0.13075984323756204
0.12293563166771412
0.11509402059061001
0.10723544712562778
0.09936035229023098
0.09146918100022956
0.08356238206970178
0.07564040821056908
0.06770371603181818
0.059752766038379465
0.05178802262963327
0.043809954097564704
0.03581903262454157
0.027815734280718686
0.019800539021071827
0.01177393068203659
0.0037363969777698324
-0.004311570503989735
-0.012369476306459784
-0.020436821108747845
-0.028513101731206903
-0.036597811141191885
-0.044690438459243274
-0.05279046896569667
-0.06089738410771246
-0.06901066150675401
-0.07712977496649434
-0.0852541944811744
-0.09338338624441517
-0.10151681265848127
-0.10965393234400767
-0.11779420015019602
-0.12593706716548805
-0.1340819807287062
-0.14222838444069438
-0.15037571817643386
-0.15852341809766532
-0.1666709166660125
-0.17481764265660305
-0.18296302117221747
-0.19110647365794367
-0.19924741791636336
-0.20738526812327088
-0.21551943484392486
-0.22364932504983967
-0.2317743421361333
-0.23989388593942518
-0.24800735275629582
-0.2561141353623135
-0.2642136230316297
-0.27230520155716
-0.28038825327134675
-0.2884621570675144
-0.29652628842182027
-0.30458001941580826
-0.31262271875957787
-0.32065375181556427
-0.3286724806229447
-0.3366782639226721
-0.3446704571831408
-0.3526484126265004
-0.36061147925561615
-0.36855900288167814
-0.37649032615248096
-0.38440478858136146
-0.3923017265768175
-0.40018047347280566
-0.40804035955972257
-0.415880712116086
-0.4237008554409096
-0.4315001108867892
-0.4392777968937028
-0.44703322902352777
-0.4547657199952861
-0.4624745797211228
-0.4701591153430257
-0.4778186312702938
-0.4854524292177538
-0.49305980824473916
-0.5006400647948398
-0.50819249273642
-0.5157163834039226
-0.5232110256399566
-0.5306757058381767
-0.5381097079869683
-0.5455123137139418
-0.5528828023312338
-0.5602204508816334
-0.567524534185539
-0.5747943248887477
-0.5820290935110829
-0.5892281084958778
-0.5963906362603048
-0.6035159412465738
-0.6106032859740004
-0.6176519310919384
-0.6246611354336106
-0.6316301560708126
-0.6385582483695247
-0.6454446660464198
-0.6522886612262832
-0.6590894845003428
-0.6658463849855315
-0.6725586103846682
-0.679225407047584
-0.6858460200331848
-0.692419693172462
-0.6989456691324659
-0.7054231894812322
-0.7118514947536869
-0.7182298245185175
-0.7245574174460294
-0.7308335113769922
-0.7370573433924773
-0.7432281498846998
-0.749345166628864
-0.7554076288560223
-0.7614147713269568
-0.767365828407083
-0.7732600341423911
-0.7790966223364183
-0.7848748266282666
-0.7905938805716762
-0.796253017715147
-0.8018514716831286
-0.8073884762582743
-0.812863265464765
-0.8182750736527196
-0.823623135583686
-0.8289066865172192
-0.8341249622985616
-0.8392771994474161
-0.844362635247832
-0.8493805078391997
-0.8543300563083599
-0.859210520782838
-0.8640211425252005
-0.8687611640285453
-0.87342982911313
-0.8780263830241355
-0.8825500725305766
-0.8870001460253643
-0.8913758536265188
-0.895676447279545
-0.8999011808609635
-0.9040493102830109
-0.9081200935995126
-0.9121127911129231
-0.9160266654825509
-0.9198609818339545
-0.9236150078695305
-0.9272880139802837
-0.9308792733587898
-0.9343880621133493
-0.937813659383335
-0.9411553474557416
-0.9444124118829327
-0.9475841416015893
-0.950669829052867
-0.9536687703037532
-0.9565802651696368
-0.9594036173380867
-0.962138134493838
-0.9647831284449944
-0.9673379152504373
-0.9698018153484527
-0.9721741536865708
-0.9744542598526175
-0.9766414682069808
-0.9787351180160907
-0.9807345535871124
-0.9826391244038518
-0.9844481852638722
-0.9861610964168199
-0.9877772237039615
-0.989295938698925
-0.9907166188496491
-0.9920386476215325
-0.9932614146417841
-0.9943843158449721
-0.9954067536197659
-0.9963281369568691
-0.99714788159814
-0.9978654101868948
-0.9984801524193897
-0.9989915451974777
-0.9993990327824328
-0.9997020669499403
-0.9999001071462428
-0.9999926206454394
-0.9999790827079303
-0.9998589767400008
-0.999631794454535
-0.9992970360328558
-0.9988542102876802
-0.998302834827182
-0.9976424362201545
-0.9968725501622624
-0.9959927216433754
-0.9950025051159705
-0.9939014646645963
-0.9926891741763837
-0.9913652175125989
-0.9899291886812173
-0.9883806920105148
-0.9867193423236593
-0.9849447651142881
-0.9830565967230629
-0.9810544845151818
-0.9789380870588372
-0.9767070743046039
-0.9743611277657398
-0.9718999406993871
-0.9693232182886518
-0.9666306778255447
-0.9638220488947727
-0.9608970735583525
-0.9578555065410327
-0.9546971154165027
-0.9514216807943697
-0.9480289965078809
-0.9445188698023692
-0.9408911215244022
-0.9371455863116077
-0.9332821127831562
-0.9293005637308713
-0.9252008163109507
-0.9209827622362604
-0.9166463079691856
-0.9121913749150087
-0.907617899615782
-0.9029258339446725
-0.8981151453007448
-0.8931858168041531
-0.8881378474917137
-0.8829712525128227
-0.8776860633256873
-0.8722823278938397
-0.8667601108828914
-0.861119493857507
-0.8553605754785462
-0.8494834717003465
-0.8434883159681064
-0.837375259415326
-0.8311444710612765
-0.824796138008446
-0.8183304656399257
-0.8117476778166954
-0.80504801707476
-0.7982317448220972
-0.7912991415353717
-0.7842505069563638
-0.7770861602880681
-0.769806440390417
-0.7624117059755713
-0.7549023358027419
-0.7472787288724708
-0.7395413046203375
-0.7316905031100206
-0.7237267852256767
-0.7156506328635669
-0.707462549122879
-0.6991630584956817
-0.6907527070559666
-0.68223206264769
-0.6736017150717856
-0.6648622762720576
-0.6560143805198981
-0.6470586845977683
-0.6379958679813796
-0.6288266330204845
-0.6195517051182331
-0.6101718329090117
-0.6006877884346846
-0.5911003673191956
-0.5814103889414022
-0.5716186966061206
-0.5617261577132656
-0.5517336639250294
-0.5416421313309994
-0.5314525006111497
-0.5211657371966092
-0.5107828314281363
-0.5003047987121948
-0.48973267967456247
-0.4790675403113674
-0.4683104721374658
-0.4574625923320751
-0.4465250438815603
-0.435498995719284
-0.4243856428624081
-0.4131862065455741
-0.40190193435133426
-0.3905341003372558
-0.3790840051595739
-0.36755297619329125
-0.3559423676486434
-0.34425356068377555
-0.3324879635135609
-0.32064701151442987
-0.3087321673250881
-0.29674492094303095
-0.284686789816725
-0.27255931893332536
-0.2603640809018208
-0.24810267603149994
-0.23577673240557598
-0.2233879059498728
-0.21093788049644177
-0.19842836784196288
-0.18586110780081838
-0.17323786825269508
-0.16056044518457332
-0.14783066272699263
-0.13505037318441268
-0.12222145705957338
-0.10934582307168143
-0.09642540816828037
-0.08346217753068827
-0.07045812457280302
-0.05741527093318381
-0.044335666460199465
-0.031221389190143636
-0.018074545318119497
-0.004897269161551358
0.008308276883820258
0.021539902395652424
0.03479538898455722
0.048072490361681916
0.06136893241448582
0.07468241329085305
0.08801060349175155
0.1013511459725716
0.11470165625335318
0.12805972253804784
0.14142290584300582
0.15478874013488197
0.16815473247810506
0.1815183631921276
0.19487708601863377
0.20822832829886814
0.22156949116130595
0.23489794971982836
0.24821105328261395
0.26150612557191644
0.2747804649549459
0.2880313446860434
0.3012560131603173
0.31445169417899715
0.32761558722664214
0.3407448677604556
0.3538366875118841
0.3668881748006972
0.3798964348617871
0.3928585501848491
0.40577158086719084
0.41863256497986234
0.43143851894730284
0.44418643794075025
0.456873296285578
0.4694960478828296
0.48205162664510054
0.4945369469470367
0.5069489040906364
0.5192843747855622
0.5315402176447169
0.5437132736952501
0.5558003669052526
0.5677983047263447
0.5797038786523483
0.5915138647943097
0.6032250244720423
0.6148341048224344
0.6263378394247421
0.6377329489430443
0.6490161417861326
0.660184114785007
0.6712335538882072
0.6821611348752017
0.6929635240880259
0.7036373791814088
0.714179349891561
0.724586078823882
0.7348542022597365
0.7449803509825579
0.7549611511234513
0.7647932250264954
0.7744731921339731
0.7839976698916832
0.7933632746745638
0.8025666227328085
0.8116043311586423
0.820473018873979
0.8291693076391063
0.8376898230826019
0.8460311957526393
0.8541900621898564
0.8621630660219577
0.8699468590801995
0.8775381025379266
0.8849334680712986
0.8921296390423562
0.899123311704576
0.9059111964310217
0.9124900189652481
0.9188565216950559
0.9250074649492206
0.9309396283173024
0.9366498119926262
0.9421348381385327
0.9473915522779729
0.9524168247065284
0.9572075519289147
0.9617606581190216
0.9660730966035432
0.9701418513692214
0.9739639385937362
0.9775364082002478
0.9808563454355972
0.9839208724721513
0.986727150033268
0.9892723790423499
0.9915538022954293
0.9935687061572283
0.9953144222806102
0.9967883293493301
0.9979878548439786
0.998910476830989
0.9995537257745711
0.9999151863714092
0.9999924994079488
0.9997833636400777
0.9992855376949868
0.9984968419949751
0.9974151607029472
0.9960384436893269
0.9943647085200886
0.9923920424655902
0.9901186045298609
0.9875426274999825
0.9846624200151682
0.9814763686551256
0.9779829400472632
0.9741806829922642
0.9700682306075413
0.9656443024880359
0.9609077068838119
0.9558573428938661
0.9504922026755206
0.9448113736687682
0.9388140408348815
0.9324994889085626
0.9258671046629049
0.9189163791863543
0.911646910170877
0.9040584042104417
0.8961506791089514
0.8879236661966623
0.8793774126541141
0.870512083842569
0.8613279656398649
0.8518254667806121
0.8420051211995456
0.8318675903768562
0.8214136656842516
0.8106442707304384
0.7995604637047082
0.7881634397172068
0.7764545331344399
0.7644352199085471
0.7521071198987469
0.739471999183376
0.726531772360835
0.7132885048377204
0.6997444151023737
0.6859018769819749
0.6717634218813008
0.6573317410011505
0.6426096875344397
0.6276002788378187
0.6123066985766779
0.5967322988413108
0.5808806022318883
0.5647553039099176
0.5483602736137043
0.5316995576352912
0.5147773807563201
0.497598148140084
0.4801664471770642
0.46248704928110645
0.44456491163330714
0.42640517887067847
0.4080131847164319
0.38939445354882174
0.3705547019052083
0.3514998399181133
0.33223597267976474
0.3127694015316824
0.2931066252757102
0.27325434130278176
0.2532194466356883
0.23300903888195523
0.2126304170928759
0.19209108252466894
0.1713987392975866
0.1505612949487631
0.12958686087444826
0.10848375265718337
0.08726049027344474
0.06592579817704727
0.044488605253666214
0.022958044641594993
0.001343453413867451
-0.02034562788329988
-0.04209945584086205
-0.06390808495125108
-0.08576136853203814
-0.10764895981422694
-0.12956031320079522
-0.151484685700997
-0.1734111385461344
-0.1953285389925795
-0.21722556231789103
-0.23909069401601177
-0.2609122321975685
-0.28267829020136814
-0.30437679942338447
-0.32599551236941027
-0.3475220059378342
-0.36894368493892815
-0.39024778585714615
-0.4114213808630543
-0.4324513820814587
-0.4533245461224968
-0.4740274788823585
-0.4945466406204957
-0.5148683513201182
-0.53497879633883
-0.5548640323563558
-0.574509993626204
-0.5939024985382627
-0.6130272564992449
-0.6318698751378857
-0.650415867841893
-0.6686506616334635
-0.6865596053903307
-0.7041279784191034
-0.7213409993877021
-0.7381838356236253
-0.7546416127846177
-0.7706994249083676
-0.7863423448475679
-0.80155543509674
-0.8163237590169335
-0.8306323924643357
-0.8444664358286481
-0.8578110264868424
-0.8706513516777715
-0.8829726618028169
-0.894760284157514
-0.9059996370988465
-0.9166762446525432
-0.9267757515644429
-0.9362839387995963
-0.9451867394923845
-0.9534702553505784
-0.961120773515738
-0.9681247838819446
-0.9744689968743159
-0.980140361688207
-0.9851260849894449
-0.9894136500752937
-0.9929908364952155
-0.995845740129775
-0.9979667937252984
-0.99934278788111
-0.9999628924853259
-0.9998166785943123
-0.9988941407499684
-0.9971857197280132
-0.9946823257094097
-0.9913753618659629
-0.9872567483499612
-0.9823189466765297
-0.9765549844860517
-0.969958480672697
-0.9625236708636606
-0.9542454332322267
-0.9451193146262384
-0.9351415569918776
-0.9243091240710024
-0.9126197283484517
-0.9000718582238749
-0.8866648053807142
-0.8723986923228615
-0.8572745000474573
-0.8412940958200145
-0.824460261015768
-0.8067767189887513
-0.7882481629275273
-0.7688802836540157
-0.7486797973189987
-0.7276544729451908
-0.705813159765823
-0.6831658143035705
-0.659723527131692
-0.6354985492558244
-0.610504318051663
-0.5847554826902215
-0.5582679289788004
-0.5310588035421482
-0.5031465372644179
-0.47455086790872786
-0.44529286182698286
-0.4153949346685851
-0.3848808709924311
-0.3537758426821097
-0.3221064260600251
-0.28990061759135005
-0.25718784806430856
-0.22399899512846108
-0.19036639406784778
-0.156323846681075
-0.121906628135351
-0.08715149165657689
-0.05209667091257362
-0.016781879941290042
0.018751689529028767
0.05446137352608115
0.09030304420943576
0.12623112134459785
0.16219858704870205
0.19815700398614375
0.2340565371975504
0.26984597974996233
0.30547278240092285
0.3408830874734452
0.37602176714303953
0.41083246634198456
0.4452576504895675
0.4792386582604201
0.5127157596059347
0.5456282192461737
0.5779143658517955
0.6095116671367293
0.6403568110833336
0.6703857935216289
0.6995340122837092
0.727736368152753
0.7549273728235332
0.7810412640879607
0.8060121284542184
0.8297740314023907
0.8522611554719608
0.873407946367785
0.8931492672607998
0.9114205614473179
0.9281580235168082
0.943298779161685
0.9567810737442134
0.9685444697147472
0.9785300529519079
0.9866806480690261
0.9929410427017346
0.9972582207589568
0.9995816045834234
0.9998633059279429
0.9980583856098255
0.9941251216577236
0.9880252857125186
0.9797244273864081
0.9691921662217844
0.9564024908234589
0.9413340646640844
0.9239705379827985
0.9043008651109261
0.8823196264657331
0.8580273543531859
0.8314308616134456
0.8025435720277522
0.7713858512822953
0.7379853371533941
0.7023772674381482
0.6646048040060959
0.6247193511891663
0.5827808665601649
0.5388581619730615
0.49302919255208083
0.44538133112078254
0.39601162535650597
0.3450270347410646
0.2925446441541517
0.23869185072333876
0.18360652030345384
0.12743710970943178
0.07034275057178385
0.012493290422934232
-0.045930713641818895
-0.10473805365208688
-0.1637269869896971
-0.22268541561133873
-0.2813911339827801
-0.33961215169249903
-0.3971070969521294
-0.45362570741387337
-0.5089094149353195
-0.5626920310948804
-0.6147005403980575
-0.6646560082097359
-0.7122746104902528
-0.7572687923941013
-0.7993485626981269
-0.8382229308477782
-0.8736014931320095
-0.9051961741028255
-0.9327231288271304
-0.95590481087674
-0.9744722101047474
-0.9881672631998899
-0.9967454387278516
-0.9999784968314747
-0.9976574219391195
-0.9895955246880426
-0.9756317067714465
-0.9556338795248502
-0.929502523738417
-0.8971743743736571
-0.8586262095305393
-0.8138787181080656
-0.7630004150818486
-0.7061115671394713
-0.6433880845252071
-0.5750653273093465
-0.5014417658792715
-0.4228824262248547
-0.3398220405444944
-0.2527678128347729
-0.16230169746975687
-0.06908207637834053
0.026155292620047763
0.12259719732667626
0.21935391741580945
0.31546136427330784
0.4098845969278364
0.5015229094958035
0.5892166971433916
0.6717563170749861
0.7478931675608234
0.8163532103659404
0.8758531587301284
0.9251195425606982
0.9629108426719108
0.9880428542729441
0.9994173935504149
0.9960543966927603
0.9771273740957298
0.9420020692299094
0.8902780266197653
0.8218325909042401
0.736866632883893
0.6359510223797928
0.5200725352133185
0.39067748671732866
0.24971092215856386
0.09964866278274537
-0.05648109385350202
-0.21509058188330035
-0.3720443526252027
-0.5226956297216477
-0.6619532184745984
-0.7843856434466633
-0.8843695682716427
-0.9562895690984746
-0.9947957752140303
-0.995124467279163
-0.953484050043027
-0.8675043937209386
-0.7367407409739457
-0.5632134520420706
-0.35195095713190255
-0.11148453318350389
0.14578078604970296
0.4034249206940451
0.6412417116573691
0.8360153353194988
0.9630524821040537
0.998690491660994
0.9239696831773925
0.729541496816176
0.42161942242085054
0.028277043188524083
-0.39545329445577826
-0.7665186071122718
-0.9813435648766403
-0.9380110575101972
