1.0
0.9999782583223139
0.9999046373711884
0.9997656757218295
0.9995467575793785
0.9992321166175655
0.9988048410541912
0.9982468801759111
0.9975390525397722
0.9966610560936565
0.9955914804721566
0.9943078217383492
0.9927864998553929
0.9910028791847296
0.9889312923198282
0.9865450675757562
0.9838165604652659
0.9807171895014095
0.9772174766747861
0.9732870929602305
0.9688949092128869
0.9640090528169988
0.9585969704521816
0.95262549734123
0.9460609333404187
0.9388691262275612
0.9310155625345568
0.9224654662595326
0.9131839057787325
0.903135909259734
0.8922865888551684
0.8806012739295632
0.8680456535409958
0.8545859283636605
0.8401889721969571
0.8248225031610562
0.8084552646278568
0.7910572158795922
0.7725997324248686
0.7530558158334578
0.7324003128765532
0.7106101436783296
0.6876645384974518
0.6635452826635841
0.6382369690940393
0.6117272577094792
0.5840071409552303
0.5550712145164625
0.5249179521915215
0.4935499837584324
0.46097437453546236
0.4272029051982171
0.39225235027365085
0.35614475358639247
0.3189076987857764
0.2805745729339261
0.2411848209872714
0.2007841888572435
0.15942495259196895
0.11716613108107178
0.07407367955186482
0.03022066099903078
-0.01431260742668715
-0.059438436150231096
-0.10506167619498852
-0.15107966674216952
-0.1973822205288958
-0.2438516504225749
-0.29036284052095246
-0.3367833651128113
-0.38297365879085926
-0.4287872409332055
-0.4740709976602753
-0.5186655242273153
-0.5624055306262423
-0.6051203129418843
-0.6466342927343904
-0.6867676263994501
-0.7253368860890885
-0.7621558133564993
-0.7970361462173012
-0.8297885197958279
-0.8602234401481147
-0.8881523302230778
-0.9133886462406918
-0.9357490620318338
-0.955054718100911
-0.9711325313419759
-0.9838165604652659
-0.9929494212782806
-0.9983837450188539
-0.9999836719633705
-0.9976263715384844
-0.9912035791576123
-0.980623138993337
-0.9658105408939476
-0.9467104386679953
-0.9232881360073332
-0.8955310254099935
-0.8634499646137576
-0.8270805742745615
-0.7864844399369998
-0.7417502007636936
-0.6929945070335417
-0.6403628281032939
-0.5840300923704644
-0.5242011407959731
-0.46111097575981924
-0.3950247874494886
-0.3262377406351197
-0.2550745055829508
-0.18188851801304695
-0.10706095443103866
-0.03099941086647298
0.04586372495979631
0.1230732157354851
0.2001532360458707
0.27660995550830625
0.35193444265832874
0.4256058852685369
0.49709511909715
0.5658684531396564
0.6313917753194407
0.6931349182329092
0.7505762600975932
0.803207531480645
0.8505387937578868
0.8921035506241007
0.9274639494028992
0.9562160244539882
0.9779949307166
0.9924801114344071
0.9994003404572396
0.9985385762893914
0.9897365623363956
0.9728991056761428
0.9479979652304547
0.9150752795226501
0.8742464643555681
0.825702511808876
0.769711624004448
0.7066201181865528
0.6368525438625048
0.5609109580911679
0.4793733115196424
0.3928909054663194
0.30218488922794073
0.20804177682773492
0.11130797357901545
0.012883315050727822
-0.08628636579792302
-0.18521761350721994
-0.28289862246034975
-0.3782993467793171
-0.47038237215874346
-0.5581144581328998
-0.6404786434345523
-0.7164867915711226
-0.7851924387838168
-0.8457037924545419
-0.8971967150818875
-0.9389275174687477
-0.9702453750615514
-0.9906041737655551
-0.999573586336217
-0.9968491779049455
-0.9822613396107196
-0.9557828529234358
-0.9175348942731772
-0.8677913002143208
-0.8069809276791313
-0.7356879619820019
-0.6546500471311477
-0.5647541386296249
-0.4670300081695771
-0.36264136223136856
-0.25287457230094884
-0.1391250528378541
-0.022881363802560322
0.09429284305995801
0.2107788715081504
0.32492481513170424
0.4350689287158275
0.5395642443882966
0.6368041001497899
0.7252482112679285
0.8034488818626778
0.8700769257725953
0.9239468433991516
0.9640407855768294
0.9895308274481207
0.999799075593094
0.9944551409261055
0.9733505286531234
0.9365895252560246
0.8845362012360524
0.8178171972143763
0.7373200197486851
0.6441866414493536
0.5398022769974583
0.4257792915650725
0.30393628975441245
0.1762725301019162
0.044937910797895594
-0.08780112530332843
-0.2195993161138587
-0.34807338616526945
-0.4708452879044467
-0.5855871457059532
-0.6900670918062798
-0.782195117418774
-0.8600680108278994
-0.922012419509633
-0.9666250572940834
-0.9928090820147845
-0.9998056953718097
-0.9872200658623572
-0.9550407481264588
-0.9036518679213378
-0.8338374606159363
-0.7467774914284391
-0.6440352458342536
-0.5275359562403747
-0.3995367231231841
-0.26258799173209213
-0.11948705498875523
0.02677573531392835
0.1730771585742419
0.31622662647095484
0.45303571918483837
0.5803903149923876
0.6953237309790501
0.7950891828375932
0.8772297975809866
0.9396443788709764
0.9806471341681205
0.9990196287710903
0.9940533357094046
0.9655813028795586
0.9139976589738334
0.8402639254738434
0.7459013896735325
0.6329691183290423
0.5040275466689224
0.3620879553665467
0.21054853969164355
0.05311817038490915
-0.10627066603287633
-0.26355789025082643
-0.4146586199879489
-0.5555702330196014
-0.6824809659786047
-0.7918771315623512
-0.8806459300820365
-0.9461708056767318
-0.9864163589293378
-0.9999999797870502
-0.9862476088162807
-0.9452313693788299
-0.8777872338639162
-0.7855113862240106
-0.670734510337692
-0.5364738558861206
-0.3863635945489071
-0.22456466112584977
-0.05565595647875275
0.11549054963235408
0.2838476600573626
0.4443800286431483
0.5921963041610222
0.7227018128188355
0.8317470232422293
0.9157669503035885
0.9719067197726549
0.9981287414884533
0.9932973266520132
0.9572371315362274
0.89076250632874
0.795675659101642
0.6747324904908656
0.5315759886622338
0.37063816581842707
0.19701263208693098
0.0163010022688124
-0.16556262415227288
-0.3425039195112605
-0.508511315519744
-0.6578430729487237
-0.7852313459741461
-0.8860759478920176
-0.956620572640123
-0.9941045405585937
-0.9968837205748664
-0.9645151280140817
-0.8978007905937435
-0.7987877874488496
-0.6707228596974889
-0.5179616191783701
-0.3458340894998564
-0.16047003883970534
0.03141075907812695
0.22273663899332885
0.40634246025474563
0.5752391252183499
0.7228841804685943
0.843443018986808
0.9320301341185311
0.9849202282907711
0.9997197592776494
0.975490705570462
0.9128199232549776
0.8138294048819151
0.6821249739784586
0.5226833791558895
0.34168029783922377
0.14626431973216358
-0.05571555412044291
-0.2560191000421625
-0.4463490039966955
-0.6186966596453375
-0.7656853233364393
-0.880895859965507
-0.9591604802812083
-0.9968106856424991
-0.9918670976477973
-0.9441609252654692
-0.8553794491380454
-0.729030990872588
-0.5703282672549616
-0.38599266576292746
-0.18398566141699568
0.026822842278454297
0.23703619576109858
0.4371468476041606
0.6179682958974213
0.7710636499500005
0.889150719961579
0.9664638942866972
0.9990543629671863
0.9850124869138206
0.924599232061881
0.8202774778364699
0.6766385160464063
0.5002239874930219
0.29924863501268545
0.08323433698476482
-0.13742933288770623
-0.35197855139008305
-0.5497998073212645
-0.7209602806716541
-0.8567175188650529
-0.9499819723616926
-0.9957073982845753
-0.9911869402421236
-0.9362367629859892
-0.8332543081017274
-0.6871443201228238
-0.5051124902390068
-0.2963335482768028
-0.07150754133197139
0.15767550697182214
0.37913673035648915
0.5810450570462917
0.7524560641803285
0.883918467581294
0.968014219570952
0.999800646852653
0.9771273744348332
0.9008067925924481
0.7746242699204446
0.6051828392966243
0.40158624772239093
0.17497356915289955
-0.06207249824461946
-0.29621352647769755
-0.5141027441932217
-0.7031505153527311
-0.8522640453528181
-0.9525174655697708
-0.9977110530775078
-0.9847834975530975
-0.914048635967934
-0.7892375891936032
-0.6173382656133344
-0.40823614098738953
-0.17417239124137043
0.0709528918912049
0.31239427480407067
0.5354447752071605
0.726337427119108
0.8731093375771192
0.9663734763397801
0.9999474265782026
0.9712956721939713
0.8817523810280943
0.7365045267947208
0.5443298526950695
0.31709974303712263
0.0690725620774366
-0.18398257345380442
-0.4257792915650734
-0.6405630829321
-0.8141487604079465
-0.9348776038412261
-0.9944286795133396
-0.9884264689284824
-0.9167987579295049
-0.7838540958232952
-0.5980661355758746
-0.3715716871921952
-0.11940907748216067
0.1414579445674423
0.39326932617389015
0.6186769144153056
0.8019500085055384
0.93009417564366
0.9938027339123571
0.98816961978873
0.9131070686184797
0.7734308076140451
0.5785980892763708
0.34210837774616776
0.08060113812430388
-0.1872918213622687
-0.4422623923465849
-0.6657188856852675
-0.8411553163202994
-0.9553958559984573
-0.9996192614573399
-0.970081613095771
-0.868475818644219
-0.7018917860287512
-0.48237022645719446
-0.22607363861938248
0.04787213443752639
0.31878561631040064
0.5659850077953229
0.7703750503438529
0.9159435429916786
0.9910490719844851
0.989394368025797
0.9106013041466721
0.7603325098931746
0.5499388802437388
0.29564936139655246
0.01735642786837597
-0.26291536220011724
-0.5227423003356296
-0.7411009002137785
-0.9000893927240762
-0.9864292571764949
-0.9926186766132982
-0.917634806965128
-0.7671161136864423
-0.5529972379121285
-0.29261371002389414
-0.007338694564534555
0.2791449618886071
0.5428004226576065
0.7612601927789878
0.9157467570017039
0.9927242170364987
0.9851330825159132
0.8930921943192847
0.7239946656827823
0.49197537296370686
0.2167817554014962
-0.07786715128768669
-0.36630115562140503
-0.6231293765953244
-0.8254880170867595
-0.9551059231952598
-0.999999272333895
-0.955634914794102
-0.825445458501874
-0.6206347211065635
-0.3592750330128861
-0.0647625581255921
0.23624258121823777
0.5162137756561854
0.7492794485861572
0.9136378616493839
0.9936382279064443
0.9813263176111156
0.8772976572116963
0.6907625290883764
0.43879903613671756
0.1448470103506149
-0.16343065243161006
-0.4567287449544603
-0.7068846021489762
-0.8896031405544792
-0.98685707022118
-0.988721956614558
-0.8944547513731808
-0.7126936148765406
-0.4607401755955256
-0.1629750300719867
0.15145542520957755
0.45146662361239237
0.7071067811865421
0.8925686627372573
0.9888378708682123
0.9857023516032917
0.882905636952137
0.6903080671430452
0.42701826449698693
0.11956191270167377
-0.2007441796859143
-0.50095828646813
-0.7499032753675967
-0.9214312094027408
-0.9972191591772857
-0.9687929801797308
-0.8385496342100902
-0.6196489024265428
-0.33476223120811294
-0.013788013247617803
0.30924406080928607
0.5997643175799043
0.8263735866196753
0.9642741822883615
0.9980432637045532
0.9234328757290488
0.747979757604405
0.4903334404060794
0.17835022834830452
-0.15386162135036704
-0.4696392188482648
-0.7338083627946411
-0.916628049537128
-0.9971916989984455
-0.9658911251739521
-0.8256457975353628
-0.5917329462722748
-0.2902095184410031
0.044922218697552106
0.37550583542683524
0.6635617348757631
0.8756687412975123
0.986889540987537
0.9837743151905465
0.8660735708525745
0.6469337937913643
0.35152272348816116
0.014215227962348543
-0.32535559516256035
-0.6269353717165631
-0.8544341660622181
-0.980291247233843
-0.9888864987445019
-0.8785686529438971
-0.6620279528218121
-0.3649356085713115
-0.02298186833139042
0.32235656555107606
0.6288254577142716
0.8585769818602752
0.9828919150574648
0.9858459736949206
0.8664439788509312
0.638925992397473
0.33117189200633074
-0.01863170788985273
-0.36667530078018107
-0.6689944067213147
-0.8870424225139897
-0.992660527738897
-0.9717979206231435
-0.826481486593529
-0.574748194357934
-0.24851035216299713
0.11040877178836998
0.4555880999589598
0.7420029870397606
0.9319287753895112
0.999976633921012
0.936581818706629
0.7494541871970872
0.4627604771425467
0.11410490423453001
-0.25032964957116516
-0.58186295605552
-0.8358263337357464
-0.9776290219524368
-0.9875528223365121
-0.8636004752879292
-0.6219738614004511
-0.2950730863579786
0.07275463815420123
0.43117261065216195
0.7307275278623433
0.9297024512622358
0.999997231572308
0.9311989036082942
0.7322398653257871
0.4303674232200042
0.06752110493339433
-0.305417442455018
-0.6357255776301072
-0.8763066800438645
-0.9924647216067402
-0.9670046892294476
-0.8028967624750791
-0.5230770323569988
-0.1673624227129004
0.21312451598160576
0.5632546692379685
0.8318812923220124
0.9793620982921616
0.9835020839329013
0.8430140690756419
0.577941947484365
0.2269304231418027
-0.15830834260612817
-0.5205551912544416
-0.8055760054032234
-0.970287196559082
-0.9893596587793451
-0.8592366344688631
-0.5989117894860393
-0.2472929408655527
0.1425059356434543
0.511124782204489
0.8019875421153673
0.9700312531945434
0.9887816306136618
0.8546511800370018
0.5877445859203969
0.22898598831196096
-0.1660459291297635
-0.5356649805420483
-0.8217034403635368
-0.9787171507119081
-0.9813063708844437
-0.8283586596738225
-0.5434862523899368
-0.17152366532975583
0.22842019753376572
0.5922975585116176
0.8613810275298561
0.9918041997233747
0.9618250362968236
0.77559292319532
0.4627465522374451
0.07383870534936818
-0.3277310963474742
-0.6760067628616484
-0.9133272483314921
-0.9999525463254577
-0.9208454801410204
-0.6884328115467112
-0.3408180184097487
0.06432992239586993
0.45925617120993656
0.7774259691584491
0.9647759378384376
0.9890024961586098
0.8452760087603619
0.5573478267426587
0.17378568107612188
-0.24009622995709914
-0.6132942258798038
-0.8812999880633
-0.9973230601892893
-0.9405877693047228
-0.7202131342568349
-0.3739271553108195
0.03824270432247932
0.4442758943490162
0.7727114167519487
0.9652660005804723
0.9872840696762146
0.8341286885033372
0.5323102143385117
0.13506710046723583
-0.28689775545062896
-0.6579377120060904
-0.9110357557481865
-0.9999944657181981
-0.9080116031765955
-0.6510257004193848
-0.2751393721083327
0.15150200531421718
0.5509748866165772
0.8497961090227262
0.9925050864774945
0.9520889421570531
0.7352686316131957
0.38158313161907187
-0.04365426070048637
-0.46130610141042677
-0.7931033760104523
-0.9763608621215951
-0.9759414271165762
-0.7911648269403941
-0.45627313599921493
-0.03426492572302814
0.3948285244276935
0.7490692771212143
0.9602936856769513
0.987342433505216
0.8242519138273164
0.5017465764714724
0.08164070935880062
-0.3548703721422896
-0.7228407641652226
-0.950130996456362
-0.9916610887273105
-0.8385239589958122
-0.5200856961347332
-0.09855175167964178
0.3430380996953769
0.7171001558798116
0.9489020114474144
0.9916047176802713
0.8359039375720945
0.5122530328694007
0.0851094726112634
-0.359752874816778
-0.7324003128765306
-0.9569485429555773
-0.9871338093578026
-0.8160288537498552
-0.47782859638759284
-0.04122172044364885
0.40441255413455646
0.7672410513105141
0.9719399841969355
0.9754630467460274
0.7762885119782206
0.4151216881740723
-0.033219371124963724
-0.47516325383587105
-0.8178678157469821
-0.9887811613544496
-0.9511496703703725
-0.7121292244138053
-0.321669512330244
0.13772494623170217
0.5683033825403038
0.8778444169307296
0.9994902442166688
0.9063580854826315
0.6177015079330492
0.19516735211014064
-0.27018238321688276
-0.6773945762323402
-0.9375328825786442
-0.9932157399994389
-0.8314696123025522
-0.4869785021070048
-0.03487717008847669
0.4254694234232423
0.7922376731564306
0.9837145153932857
0.956653515927906
0.7162632139249966
0.3154754722768109
-0.15649342013577452
-0.5938683315288441
-0.8979985495033542
-0.9997031590154968
-0.8751980208762762
-0.551897397665497
-0.10262760740229221
0.37058856200863677
0.759611720799111
0.9749311078304538
0.96640739709093
0.7351749355876057
0.33382956316973644
-0.1453039387460842
-0.5912643255640844
-0.900123610160081
-0.9993041964888352
-0.8648333373136249
-0.5273891596526025
-0.06556196162489052
0.4122558060792388
0.7932258241964389
0.9867568707512808
0.946211471493833
0.6803886372734234
0.2519018085305199
-0.23733833821557812
-0.670228720321341
-0.9424991338566668
-0.9879542486906691
-0.7947937589497178
-0.4089357850841811
0.07663932739347051
0.5441190041597751
0.8793926023723813
0.9999933138636885
0.8755868045614511
0.5358692348525786
0.06375932636390264
-0.4246305393339583
-0.8084608116169362
-0.9921147013144782
-0.9291982514449872
-0.6345244131680691
-0.18092460406092753
0.31851463387387974
0.7385200656059665
0.9730724483284382
0.9623263621107279
0.7081367784025211
0.27410323565979133
-0.2300837073990922
-0.6762104592456908
-0.9501358948842944
-0.9811324500901735
-0.7603978043351015
-0.3438317868240947
0.16184357276212827
0.6262498223712306
0.9289367774432811
0.9907454242571858
0.7947537192800006
0.3912030914920719
-0.11509110722594383
-0.5917709337878324
-0.9134909299329731
-0.994990352216569
-0.8139298002722459
-0.4173155092038316
0.09040453304582588
0.5746427843091173
0.9062930343242139
0.9962597970272207
0.8196354746566908
0.42290328218395834
-0.08798889133625536
-0.5757118679805822
-0.9084113000089002
-0.99546356621309
-0.8124084969690559
-0.4081357625211884
0.10786054499307357
0.5949268839842048
0.9195369445405771
0.9920155626413685
0.7915700700636812
0.37257480381170943
-0.149865289990529
-0.6313308685714332
-0.9379693220684
-0.9838418814135785
-0.7552818122852075
-0.31528765281502874
0.21352966038603705
0.6829217123214262
0.9605422227266852
0.9674203748665458
0.7007160368015276
0.23512209562750466
-0.29774945159422406
-0.7463991908599387
-0.9825219453884155
-0.9378876024677149
-0.6243694266616595
-0.13115637665711063
0.40032856071709916
0.8168379329964341
0.9975346452383579
0.8892728875085308
0.5225628507845314
0.0033332236331742584
-0.5173998554985756
-0.8873540637559452
-0.9976090337654204
-0.814937879314053
-0.39217143385129904
0.1467304744553659
0.6427918880757688
0.9488692903091223
0.9734477001681167
0.7083075591524945
0.23161207609989853
-0.31480463179044227
-0.7674525728290493
-0.9901168402512774
-0.9150588083948819
-0.5639657221966777
-0.04207235336485153
0.49308542274970174
0.8791007751315401
0.998070082833611
0.8128771819382544
0.3791425444358639
-0.17111201081392297
-0.6694052720973931
-0.9623391738859851
-0.9589905776375374
-0.6594623312519027
-0.15553145169405294
0.39713635775868533
0.8269021831043161
0.9995065603657327
0.860263486304498
0.45176093561651637
-0.09877059023540971
-0.6188077192821754
-0.94452264175035
-0.9725427332238405
-0.693085097913831
-0.1937467240901029
0.36759579600387204
0.8125110667182261
0.9987650533336205
0.8660421584590056
0.45586214678593956
-0.10099934328098864
-0.6259166663842328
-0.9496330789610581
-0.96699268294079
-0.6714402301305432
-0.15786474403418022
0.40750183030748593
0.8407048022623346
0.9999735305483807
0.832391767218342
0.391882421861312
-0.1777288568639661
-0.6893960501458103
-0.9742237284032519
-0.9374104141875782
-0.5901743277182808
-0.04679263788087546
0.5126576922369428
0.9018301131690012
0.9902826860291561
0.7475208475932855
0.25393520139650294
-0.3254150078015403
-0.7957650883562001
-0.9981348836607397
-0.8633231591289425
-0.43598519584330137
0.1397161256372275
0.6684361427954357
0.9698600237969663
0.9403859915722692
0.5891187931779021
0.03554277474552156
-0.530753500972736
-0.9148559618382771
-0.9837291933655677
-0.7126385189251855
-0.19447711959240482
0.3916511844203515
0.8421172878225511
0.9995561658533048
0.8081389675597085
0.33381475627691765
-0.2579621900644521
-0.7596627989337597
-0.9944402641105378
-0.8787171574910474
-0.45236902461540796
0.13454101749059244
0.6742454185086932
0.9747406167985019
0.9282944968734287
0.5504819057520212
-0.024536517552944573
-0.5912769936152631
-0.9462267173230577
-0.9610786749205952
-0.6295018569411088
-0.07026346654436809
0.5149001334312757
0.9138739798260604
0.9811664484915178
0.6913324929313702
0.14907318321122423
-0.44814732128537876
-0.8817864630865745
-0.992271416317087
-0.7380666123447078
-0.21177377032620373
0.3931393418350519
0.8532043346448621
0.9975524704861604
0.7717053972381759
0.25862381739185036
-0.35128742485518655
-0.830559158384971
-0.9995163790228947
-0.7939541097156171
-0.2900261234241951
0.32347452271962296
0.8155473639695199
0.9999697714045663
0.8060820038464948
0.30635362877430733
-0.31019993647239535
-0.8091997668443043
