1.0
0.999980169709644
0.9999203130812191
0.9998198782655967
0.9996783091427763
0.9994950453398095
0.9992695222503892
0.9990011710561526
0.9986894187497406
0.998333688159662
0.9979333979770098
0.9974879627840781
0.996996793084929
0.9964592953379574
0.9958748719905106
0.9952429215156066
0.9945628384508112
0.9938340134393231
0.993055833273324
0.9922276809396475
0.9913489356678253
0.9904189729805666
0.9894371647467294
0.9884028792368439
0.987315481181247
0.9861743318308904
0.9849787890208827
0.983728207236831
0.9824219376840441
0.9810593283596636
0.9796397241277881
0.9781624667976583
0.97662689520497
0.9750323452963853
0.9733781502173102
0.9716636404030117
0.9698881436731437
0.9680509853297568
0.9661514882588641
0.9641889730356394
0.9621627580333213
0.9600721595359026
0.9579164918546799
0.9556950674487439
0.9534071970494891
0.9510521897892227
0.9486293533339559
0.9461379940204568
0.9435774169976516
0.9409469263724545
0.9382458253601134
0.9354734164391575
0.9326290015110299
0.929711882064497
0.926721359344919
0.9236567345284731
0.9205173089014166
0.9173023840444825
0.9140112620224964
0.9106432455793082
0.9071976383381298
0.903673745007372
0.9000708715920737
0.8963883256110189
0.8926254163196333
0.8887814549387583
0.884855754889395
0.8808476320335183
0.8767564049210509
0.8725813950430985
0.8683219270915427
0.8639773292250847
0.8595469333418405
0.8550300753585826
0.8504260954967251
0.8457343385751517
0.8409541543099791
0.8360848976213562
0.8311259289473935
0.8260766145653201
0.8209363269199619
0.8157044449596376
0.8103803544795681
0.8049634484728908
0.7994531274893717
0.7938488000019119
0.7881498827809347
0.7823558012767448
0.776465990009953
0.7704798929700466
0.7643969640221989
0.7582166673223998
0.7519384777409883
0.7455618812946753
0.7390863755871286
0.7325114702582031
0.7258366874418885
0.7190615622330512
0.7121856431630363
0.7052084926842023
0.6981296876634508
0.690948819884815
0.6836654965611648
0.6762793408550873
0.6687899924089903
0.6611971078844843
0.6535003615110788
0.6456994456442443
0.6377940713328663
0.6297839688961318
0.6216688885098693
0.6134486008023692
0.6051228974596985
0.5966915918405223
0.5881545196004422
0.5795115393258455
0.5707625331772624
0.5619074075422211
0.5529460936975769
0.5438785484812927
0.5347047549736385
0.5254247231877619
0.5160384907695925
0.5065461237070124
0.49694771704823315
0.48724339562930247
0.4774333148106604
0.4675176612226478
0.45749665351986607
0.4473705431442774
0.43713961509691884
0.4268041887180955
0.4163646184759113
0.4058212947629738
0.3951746447011081
0.38442513295389524
0.37357326254684203
0.36261957569496966
0.3515646546376049
0.3404091224801324
0.3291536440424599
0.3177989267139278
0.30634572131438664
0.29479482296113424
0.2831470719414116
0.2714033545901161
0.2595646041723863
0.2476318017706956
0.2356059771760626
0.22348820978297815
0.21127962948762882
0.19898141758896384
0.18659480769215026
0.17412108661392994
0.16156159528936104
0.14891772967943676
0.1361909416790011
0.12338274002441785
0.11049469120036333
0.09752842034514912
0.08448561215389978
0.07136801177893738
0.058177425726652
0.04491572275014423
0.03158483473688879
0.018186757590624256
0.004723552106678678
-0.00880265516012569
-0.022389671035838433
-0.03603523487693155
-0.049737017729946785
-0.0634926215022136
-0.0772995781446139
-0.09115534884742917
-0.10505732325031572
-0.11900281866750163
-0.13298907932932413
-0.14701327564126965
-0.16107250346169655
-0.17516378339948027
-0.1892840601328301
-0.20343020175058388
-0.21759899911731048
-0.23178716526358945
-0.24599133480288002
-0.2602080633764207
-0.27443382712764886
-0.2886650222076507
-0.3028979643132121
-0.31712888825906776
-0.3313539475859751
-0.3455692142063027
-0.3597706780888415
-0.37395424698459206
-0.38811574619532757
-0.40225091838675925
-0.41635542344818016
-0.43042483840049695
-0.44445465735460216
-0.4584402915220712
-0.4723770692802183
-0.48626023629356896
-0.5000849556938605
-0.5138463083207028
-0.5275392930250863
-0.5411588270379405
-0.5546997464059976
-0.5681568064972471
-0.58152468257829
-0.5947979704659544
-0.6079711872555451
-0.6210387721281433
-0.6339950872394007
-0.6468344186922975
-0.6595509775963578
-0.6721389012158508
-0.6845922542095193
-0.6969050299644032
-0.7090711520263484
-0.7210844756297999
-0.7329387893295085
-0.7446278167367752
-0.7561452183628814
-0.7674845935723591
-0.7786394826487556
-0.7896033689755547
-0.8003696813349104
-0.8109317963268489
-0.8212830409115919
-0.8314166950776284
-0.8413259946381613
-0.8510041341585338
-0.8604442700172071
-0.8696395236028515
-0.878582984650059
-0.8872677147161718
-0.8956867508016572
-0.9038331091164307
-0.911699788994463
-0.9192797769589562
-0.9265660509403071
-0.9335515846490067
-0.940229352105545
-0.946592332329314
-0.9526335141883996
-0.9583459014120725
-0.9637225177676646
-0.9687564124034219
-0.9734406653587928
-0.9777683932434893
-0.9817327550865194
-0.9853269583562415
-0.9885442651523431
-0.9913779985704751
-0.9938215492401076
-0.9958683820359836
-0.9975120429633594
-0.9987461662170151
-0.9995644814138052
-0.9999608209982966
-0.9999291278208047
-0.999463462886892
-0.9985580132771371
-0.9972071002357095
-0.9954051874260083
-0.9931468893513238
-0.9904269799381793
-0.9872404012796892
-0.9835822725359376
-0.9794478989880402
-0.9748327812421886
-0.9697326245796122
-0.9641433484480012
-0.9580610960895439
-0.9514822443003104
-0.9444034133153003
-0.9368214768130205
-0.9287335720330181
-0.9201371099993183
-0.9110297858422363
-0.9014095892105456
-0.8912748147654662
-0.8806240727474204
-0.8694562996059672
-0.8577707686827803
-0.8455671009369612
-0.8328452757014222
-0.8196056414584693
-0.8058489266221289
-0.7915762503141396
-0.7767891331199102
-0.7614895078101274
-0.7456797300130182
-0.7293625888216502
-0.7125413173199768
-0.6952196030106547
-0.6774015981270001
-0.659091929810745
-0.6402957101365734
-0.6210185459637189
-0.6012665485941979
-0.5810463432165596
-0.5603650781133152
-0.539230433609513
-0.517650630739222
-0.49563443960596476
-0.4731911874124868
-0.45033076613449935
-0.4270636398123869
-0.4034008514342054
-0.37935402938258234
-0.35493539341752844
-0.33015776016652365
-0.30503454809259806
-0.27957978191056754
-0.2538080964209799
-0.22773473973080405
-0.20137557582932816
-0.17474708648732115
-0.1478663724469483
-0.12075115386961636
-0.0934197700084587
-0.06589117807188184
-0.03818495124429699
-0.010321275829880698
0.017679052514927948
0.04579463349464372
0.07400346786821495
0.10228296415724852
0.13060994640349033
0.158960663009855
0.18731079669915074
0.21563547562430593
0.24390928566355982
0.2721062839335701
0.3002000135528904
0.32816351968752916
0.35596936690960435
0.3835896578991846
0.4109960535184652
0.43815979428627316
0.4650517232797025
0.49164231048831897
0.5179016786448791
0.5437996305548932
0.5693056779455872
0.5943890718529242
0.6190188345632734
0.6431637931241009
0.666792614435698
0.6898738419334013
0.7123759338670822
0.7342673031817925
0.7555163590004231
0.7760915497059789
0.7959614076177165
0.8150945952517539
0.8334599531530349
0.8510265492815337
0.8677637299314691
0.8836411721579472
0.8986289376809228
0.912697528231663
0.9258179423019871
0.9379617332514466
0.9491010687223568
0.9592087913070937
0.9682584804064411
0.9762245152119435
0.9830821387392041
0.988807522832927
0.9933778340581513
0.9967713003856512
0.9989672785728482
0.9999463221348117
0.9996902497930424
0.9981822142827156
0.9954067713919663
0.9913499490996
0.9859993166703416
0.9793440535594239
0.9713750179709472
0.9620848149070682
0.9514678635377017
0.9395204637130624
0.9262408614340756
0.911629313088455
0.8956881482531152
0.8784218308565793
0.8598370184882178
0.8399426196344824
0.818749848615872
0.796272277992225
0.7725258881979995
0.7475291141637216
0.7213028886745662
0.69387068221228
0.6652585390223849
0.6354951091447449
0.604611676142362
0.5726421802605813
0.5396232367468554
0.5055941490598839
0.470596916696345
0.43467623736362465
0.39787950322798094
0.3602567909695058
0.3218608453781273
0.2827470562287826
0.2429734281787853
0.2026005434365115
0.16169151695767026
0.12031194393389619
0.07852983934802736
0.03641556938150494
-0.005958225528384874
-0.04851671616985752
-0.09118297874978645
-0.1338780979551545
-0.17652127902097212
-0.21902996892299284
-0.26131998679209145
-0.3033056636239641
-0.3448999913331585
-0.386014781173828
-0.4265608315214938
-0.46644810498021655
-0.5055859147479099
-0.5438831201392805
-0.5812483311308413
-0.6175901217557498
-0.652817252137902
-0.6868388989147859
-0.7195648937570722
-0.7509059696499452
-0.7807740145567402
-0.8090823320396515
-0.8357459083652681
-0.8606816855744907
-0.8838088399471417
-0.905049065241484
-0.9243268600379717
-0.9415698184650709
-0.9567089235331059
-0.9696788422499684
-0.9804182216403673
-0.9888699847383581
-0.9949816255713758
-0.9987055021031864
-0.9999991260532889
-0.9988254484617006
-0.9951531398209752
-0.9889568635520921
-0.9802175415578401
-0.9689226105468319
-0.9550662677837103
-0.9386497048867889
-0.9196813282637192
-0.8981769647491843
-0.8741600509864583
-0.8476618050774313
-0.8187213790137178
-0.7873859903952188
-0.7537110319424474
-0.7177601573154169
-0.6796053417654015
-0.6393269161669082
-0.5970135730059613
-0.5527623429380321
-0.5066785405746698
-0.4588756782128455
-0.40947534628528115
-0.35860705938421644
-0.30640806679516125
-0.2530231265718587
-0.19860424228883175
-0.14331036172394696
-0.0873070368505607
-0.030766044656865114
0.026135031540389313
0.08321326046018762
0.14028086090013028
0.19714573927577458
0.2536120662807861
0.3094808920881034
0.36455079929813755
0.41861859261602113
0.4714800240067805
0.5229305518356646
0.5727661322513493
0.6207840408133889
0.6667837221028985
0.7105676647881413
0.7519422993457299
0.7907189153646939
0.8267145950862644
0.8597531595583305
0.8896661235118348
0.9162936547986557
0.9394855339686757
0.9591021093097071
0.9750152424299385
0.9871092392307014
0.995281760899974
0.9994447093565563
0.9995250813937064
0.9954657856117594
0.9872264160944851
0.9747839766762743
0.9581335495693519
0.9372889020747781
0.9122830250906329
0.8831685971581469
0.8500183678542078
0.812925454449079
0.7720035459037362
0.7273870084843197
0.6792308875235682
0.6277108001631597
0.5730227142678326
0.5153826091136948
0.45502601392036984
0.39220742082024135
0.32719956943874684
0.2602926008972247
0.19179307974407994
0.1220228830702014
0.051317956869046534
-0.019973059440798732
-0.09149033850536648
-0.16286449775725648
-0.2337183555912612
-0.30366880617726966
-0.3723288070216421
-0.4393094722870664
-0.5042222637567646
-0.5666812701895834
-0.6263055646646759
-0.6827216283673692
-0.7355658281299281
-0.7844869339221692
-0.8291486613975885
-0.8692322235516757
-0.9044388745519238
-0.9344924278657655
-0.9591417299553706
-0.9781630700401192
-0.991362505761164
-0.9985780840313253
-0.9996819359306897
-0.9945822242269009
-0.9832249219722385
-0.9655954006697666
-0.9417198067202667
-0.9116662052718306
-0.8755454712055238
-0.8335119078130921
-0.7857635747648113
-0.7325423082342183
-0.674133417547254
-0.6108650444599321
-0.5431071731428427
-0.4712702811620765
-0.39580362419188986
-0.31719314986910213
-0.23595903909496296
-0.1526528761958333
-0.06785445265592369
0.017831787384115345
0.10378064802980953
0.18935041332963656
0.2738873902774749
0.3567307396733136
0.437217567392758
0.5146882446075037
0.5884919215248773
0.657992195317675
0.722572889142441
0.781643895543229
0.8346470341595876
0.8810618705550723
0.9204114402090028
0.9522678193250178
0.9762574821597524
0.9920663831182268
0.9994447009529914
0.998211182093133
0.9882570204660763
0.9695492122051641
0.9421333254004725
0.9061356275850992
0.8617645169839308
0.8093112077091591
0.7491496240809786
0.6817354650883762
0.6076044066789277
0.5273694170629886
0.4417171685092109
0.35140353815588826
0.2572482001137779
0.16012832152511325
0.06097138619101747
-0.039252819208237505
-0.1395410095061012
-0.2388659372562392
-0.3361865898467639
-0.43045896455635163
-0.5206473267330113
-0.6057358447990108
-0.6847404848649996
-0.7567210375590367
-0.8207931404358582
-0.8761401512238797
-0.9220247203895604
-0.9577999062457426
-0.9829196722918241
-0.9969486048308321
-0.9995706893302158
-0.9905969866331312
-0.9699720551186705
-0.9377789723630199
-0.8942428198516336
-0.8397325068864766
-0.774760825038492
-0.699982642291145
-0.6161911663420986
-0.524312229267275
-0.42539657074867193
-0.32061012411849255
-0.21122233832166573
-0.09859259923979422
0.01584515470529206
0.13059949554727993
0.24414008777224958
0.3549175974639108
0.461384705248825
0.5620179695256987
0.6553402582199047
0.739943441600388
0.8145110161553532
0.8778403107686414
0.9288639120814822
0.9666699365500182
0.9905207728669754
0.9998699206023018
0.9943765595644478
0.9739174998426113
0.938596185017889
0.8887484507772734
0.8249447781568722
0.7479888247742129
0.6589120684352209
0.5589644550173908
0.4496010059757747
0.33246440946842637
0.20936369206423375
0.0822491442280519
-0.04681624893044595
-0.17568854115907234
-0.3021773141098046
-0.42408243737545065
-0.539232543176537
-0.6455245933866294
-0.7409638582087472
-0.8237035768157202
-0.8920835323809116
-0.9446667488042392
-0.98027350560577
-0.9980118722621484
-0.9973039848252528
-0.9779073268430128
-0.9399303339402497
-0.8838417170961524
-0.8104729934622583
-0.7210138248590149
-0.6169998917736113
-0.500293173187154
-0.3730546578347134
-0.23770967801876194
-0.09690622986340677
0.046533179511366575
0.18966544081755818
0.32948561789620356
0.4629895360555869
0.5872389792773929
0.6994281591930396
0.7969500082614858
0.8774607660393468
0.9389412750110085
0.9797533848990332
0.998689884894988
0.9950164443199762
0.9685041454815287
0.9194513386087239
0.8486937373077067
0.7576019023980203
0.6480655294338328
0.5224642565645735
0.38362503923377644
0.23476648987221624
0.0794309463352992
-0.0785945966008405
-0.23536719272888124
-0.38688443683994755
-0.5291865706216384
-0.6584617431099451
-0.7711517305187128
-0.8640552439255959
-0.9344258467528471
-0.9800614759112635
-0.9993826179206777
-0.9914963393333999
-0.9562436120719583
-0.8942277088906992
-0.8068218692002
-0.6961549449571588
-0.5650743210003942
-0.41708605165158424
-0.2562728500073565
-0.08719128961415783
0.08524969095505908
0.25592617492767356
0.41964906508608124
0.5713222031584901
0.7061042042874363
0.819568999005346
0.9078598132519796
0.9678312142198914
0.997173922403569
0.9945173495526752
0.9595052740040142
0.8928407083553388
0.7962968418591875
0.672691936017505
0.5258271938033734
0.3603878804019898
0.18180930897919745
-0.003889324906309787
-0.19029892088919126
-0.3708366352913076
-0.5389774314152944
-0.6884932330107622
-0.8136911339181905
-0.9096416328489031
-0.972387696803221
-0.9991256417450578
-0.9883493752877118
-0.9399504802214314
-0.8552679214982479
-0.7370828082655645
-0.5895555953616965
-0.41810530732598666
-0.2292327386307396
-0.030292038652102986
0.1707824705167735
0.36578507849984454
0.5465718260346409
0.7054050151496717
0.835294819768604
0.9303229849205031
0.9859334831640216
0.9991755542535333
0.9688858166752186
0.8957981047405978
0.7825723158970248
0.6337367778843779
0.4555423571173992
0.2557305875440479
0.043222332887950375
-0.1722622896776171
-0.38063801047232604
-0.5719242801322397
-0.7367297843628555
-0.8667284544479424
-0.9551028445001012
-0.9969309304676992
-0.9894938203896495
-0.9324845745178234
-0.828102275354906
-0.6810205482342028
-0.49822572815259825
-0.2887265453114116
-0.06314424673628621
0.16680087779168498
0.38888393540485233
0.5910223404532037
0.7619420310016112
0.891826717384343
0.9729126440692397
0.9999921885808595
0.9707926679107565
0.8862019682883808
0.7503199187087302
0.5703234136452313
0.3561437421910213
0.1199658633610048
-0.12442915596147426
-0.36244635865293284
-0.5795418710271828
-0.7621209841625033
-0.8984145719531171
-0.9792771223164302
-0.998851257048315
-0.9550489448034142
-0.8498086128670416
-0.689099723717288
-0.4826615299036269
-0.24347983909891124
0.012976317021797355
0.26971839707719436
0.5093464324561644
0.7152319585215452
0.8726967604578285
0.9701038825330401
0.9997785595459859
0.9586840356680566
0.848790583957657
0.6770949127480208
0.45527055815668294
0.19895639262110243
-0.07328176451198234
-0.34125432334581063
-0.584629565106222
-0.7844882776910646
-0.924833756551656
-0.9939359155655567
-0.9853941332651092
-0.898819127653004
-0.7400590972467639
-0.5209282509214329
-0.2584345455157321
0.02645485898254605
0.3104305595367445
0.5697229918892653
0.7821024197685045
0.9288304323028198
0.9963906620850033
0.9778354355668986
0.8736093339741263
0.691749189361091
0.4474104688545897
0.1617285878261482
-0.1399143857109696
-0.43008749283317466
-0.6817913898977116
-0.8710020017082544
-0.9790383183105005
-0.9945177716504334
-0.9146884213374572
-0.7459756278318751
-0.5036489457888489
-0.21059730575728927
0.10471010256059239
0.4109121291653692
0.6768512225076962
0.874777350970928
0.9833318665995182
0.9899861700953004
0.8926483898879928
0.7002233512401539
0.43201167320477346
0.11595403809073249
-0.21414532636490807
-0.5221599305381737
-0.7735894356845449
-0.9394895988759542
-0.9999344061125992
-0.9465878265802321
-0.7840408078209098
-0.5296935441736734
-0.21212246191535963
0.13195072092290505
0.461794330707111
0.7374603583036966
0.9246821115324279
0.9992750690717735
0.9504659024808185
0.7826752998549212
0.5154487773090092
0.18144962072986168
-0.17732527775887097
-0.5147031386895522
-0.7862567910432804
-0.9552411963045816
-0.9977488025937852
-0.9063454213553734
-0.6916119566222453
-0.38127230573776594
-0.016905472610643523
0.3514197517575995
0.6719332742866074
0.8984772251904872
0.9973159454669345
0.9524250788264128
0.7684049489018246
0.4704649695531112
0.10133190912633039
-0.28460823103437854
-0.6291834690156481
-0.879216756373741
-0.9948988026485308
-0.9564214611354176
-0.767735274414922
-0.45668567340780486
-0.07132128224568061
0.3272217454804931
0.6742687219406782
0.9121349791692375
0.9999284916808755
0.9209403990785813
0.6862459138248552
0.33370575782414613
-0.07769349217784469
-0.4774103206276664
-0.7953450875360223
-0.9742556596008336
-0.9803882650972215
-0.8103104360775351
-0.4925060715297163
-0.08317252655583753
0.3432943077054664
0.7076133322218584
0.9404047268408923
0.9957021456578671
0.8605234218913125
0.5584395262456168
0.14613701790777536
-0.29670166665615005
-0.6825188573721664
-0.9332107567893188
-0.9962542263939104
-0.856262126423402
-0.539343459258319
-0.10899265731984875
0.3460553077191623
0.7298287849529816
0.9594161879097293
0.9832773740764753
0.7934686119350157
0.42877787958707236
-0.03238733220844643
-0.4882824162748679
-0.836055118129489
-0.995143414884345
-0.9265059614037275
-0.643000148246318
-0.20802364596089898
0.27785234854239466
0.6996705195650813
0.9552761172435209
0.9805131676848142
0.7661409147938367
0.3618611759486566
-0.13420107846712961
-0.598644958212543
-0.9133148477323003
-0.9957296695366376
-0.8215307854322785
-0.4326769202201359
0.07149444818453218
0.5588236158470256
0.8986947978799341
0.9973930037470919
0.8248337154175579
0.4248563461307399
-0.09461138700483758
-0.5897685344841972
-0.9204637545951447
-0.9902928859428585
-0.7757309579750855
-0.33526655331685157
0.20514947495722732
0.6872182010504304
0.9665020447892798
0.9563441191681946
0.6560122288124423
0.15363124024276367
-0.3982695447029299
-0.8283208536566797
-0.9996722520592984
-0.8545500098481159
-0.435261764733732
0.1263383634124572
0.6490584668706438
0.9604714879508345
0.9544672566176009
0.6288984362700178
0.08956928330913483
-0.48247835556171254
-0.8909311396566436
-0.991913991191913
-0.7460550868242991
-0.2356803506180115
0.3607478618402433
0.8298615802317064
0.9997864279626237
0.8044186641794268
0.3111694101991915
-0.30001033959390866
-0.8008404390188517
