-1.0
-0.9800000000000001
-0.9600000000000002
-0.9399999999999997
-0.9199999999999999
-0.9
-0.8800000000000001
-0.8600000000000002
-0.8399999999999997
-0.8199999999999998
-0.8
-0.7800000000000001
-0.7600000000000002
-0.7399999999999998
-0.7199999999999999
-0.7
-0.6800000000000002
-0.6599999999999997
-0.6399999999999998
-0.6199999999999999
-0.6
-0.5800000000000001
-0.5600000000000003
-0.5399999999999998
-0.5199999999999999
-0.5
-0.4800000000000001
-0.45999999999999963
-0.4399999999999997
-0.41999999999999993
-0.4
-0.3800000000000001
-0.3600000000000002
-0.33999999999999975
-0.31999999999999984
-0.30000000000000004
-0.28000000000000014
-0.2599999999999997
-0.23999999999999977
-0.21999999999999986
-0.19999999999999996
-0.18000000000000016
-0.16000000000000025
-0.14000000000000035
-0.11999999999999988
-0.09999999999999998
-0.08000000000000007
-0.05999999999999961
-0.039999999999999813
-0.019999999999999907
0.0
0.019999999999999796
0.039999999999999813
0.060000000000000275
0.08000000000000007
0.10000000000000053
0.12000000000000055
0.14000000000000035
0.16000000000000014
0.18000000000000016
0.19999999999999996
0.21999999999999997
0.23999999999999977
0.25999999999999956
0.2799999999999996
0.3000000000000005
0.3200000000000005
0.3400000000000003
0.3600000000000003
0.3800000000000001
0.3999999999999999
0.41999999999999993
0.4399999999999997
0.45999999999999974
0.48000000000000065
0.49999999999999933
0.5200000000000005
0.5400000000000003
0.5600000000000003
0.5800000000000001
0.6000000000000001
0.6199999999999999
0.6399999999999997
0.6600000000000008
0.6799999999999995
0.7000000000000006
0.7199999999999993
0.7400000000000004
0.7600000000000002
0.78
0.8
0.8199999999999998
0.8399999999999999
0.8599999999999997
0.8800000000000008
0.8999999999999995
0.9200000000000004
0.9400000000000004
0.9600000000000002
0.9800000000000002
1.0
0.9800000000000001
0.9600000000000002
0.9400000000000004
0.9200000000000005
0.8999999999999995
0.8799999999999996
0.8599999999999997
0.8399999999999997
0.8199999999999998
0.8
0.7800000000000001
0.7599999999999991
0.7400000000000003
0.7199999999999993
0.6999999999999994
0.6799999999999995
0.6600000000000008
0.6399999999999998
0.6199999999999999
0.6
0.5800000000000001
0.5600000000000003
0.5400000000000004
0.5200000000000005
0.49999999999999944
0.4800000000000007
0.4599999999999997
0.4399999999999998
0.4199999999999999
0.4
0.3800000000000001
0.3599999999999991
0.34000000000000036
0.31999999999999934
0.30000000000000054
0.2799999999999995
0.2599999999999997
0.23999999999999977
0.2199999999999999
0.2
0.1800000000000001
0.16000000000000023
0.14000000000000035
0.12000000000000045
0.09999999999999944
0.08000000000000068
0.05999999999999966
0.03999999999999977
0.019999999999999886
0.0
-0.019999999999999886
-0.03999999999999977
-0.05999999999999966
-0.08000000000000068
-0.09999999999999944
-0.12000000000000045
-0.14000000000000035
-0.16000000000000023
-0.1800000000000001
-0.2
-0.22000000000000103
-0.23999999999999977
-0.2600000000000008
-0.2799999999999995
-0.30000000000000054
-0.32000000000000045
-0.34000000000000036
-0.3599999999999991
-0.3800000000000001
-0.4
-0.4199999999999999
-0.4399999999999998
-0.4599999999999997
-0.4800000000000007
-0.49999999999999944
-0.5200000000000005
-0.5399999999999993
-0.5600000000000003
-0.5800000000000001
-0.6
-0.6199999999999999
-0.6399999999999998
-0.6600000000000008
-0.6799999999999995
-0.7000000000000005
-0.7200000000000004
-0.7400000000000003
-0.7600000000000002
-0.7800000000000001
-0.8
-0.8199999999999998
-0.8399999999999997
-0.8599999999999997
-0.8800000000000007
-0.8999999999999995
-0.9200000000000005
-0.9399999999999992
-0.9600000000000002
-0.9800000000000001
-1.0
-0.9799999999999995
-0.9600000000000002
-0.9399999999999997
-0.9199999999999999
-0.9000000000000006
-0.8800000000000001
-0.8600000000000002
-0.8399999999999997
-0.8200000000000005
-0.8
-0.7800000000000001
-0.7599999999999997
-0.7400000000000003
-0.7199999999999999
-0.7
-0.6799999999999995
-0.6600000000000003
-0.6399999999999998
-0.6199999999999999
-0.5999999999999994
-0.5800000000000001
-0.5599999999999996
-0.5399999999999998
-0.5199999999999994
-0.5
-0.47999999999999954
-0.4600000000000002
-0.4399999999999997
-0.41999999999999993
-0.39999999999999947
-0.3800000000000001
-0.3600000000000002
-0.33999999999999975
-0.3200000000000005
-0.30000000000000004
-0.28000000000000014
-0.2599999999999997
-0.24000000000000032
-0.21999999999999986
-0.19999999999999996
-0.1799999999999995
-0.16000000000000025
-0.1399999999999998
-0.11999999999999988
-0.09999999999999942
-0.08000000000000007
-0.05999999999999961
-0.039999999999999813
-0.01999999999999935
0.0
0.020000000000000462
0.039999999999999813
0.060000000000000275
0.08000000000000007
0.10000000000000053
0.12000000000000055
0.13999999999999924
0.16000000000000014
0.18000000000000016
0.19999999999999996
0.21999999999999997
0.23999999999999977
0.25999999999999956
0.2800000000000007
0.2999999999999994
0.3200000000000005
0.3400000000000003
0.3600000000000003
0.3800000000000001
0.3999999999999999
0.41999999999999993
0.44000000000000083
0.45999999999999974
0.48000000000000065
0.49999999999999933
0.5200000000000005
0.5400000000000003
0.5600000000000003
0.5800000000000001
0.6000000000000001
0.6199999999999999
0.6399999999999997
0.6599999999999997
0.6799999999999995
0.7000000000000006
0.7199999999999993
0.7400000000000004
0.7600000000000002
0.78
0.8
0.8199999999999998
0.8399999999999999
0.8600000000000008
0.8799999999999994
0.9000000000000006
0.9200000000000004
0.9400000000000004
0.9600000000000002
0.9800000000000002
1.0
0.979999999999999
0.9600000000000002
0.9399999999999992
0.9200000000000005
0.8999999999999995
0.8799999999999996
0.8599999999999997
0.8399999999999997
0.8199999999999998
0.8
0.7800000000000001
0.7600000000000002
0.7400000000000003
0.7199999999999993
0.7000000000000005
0.6799999999999995
0.6599999999999997
0.6399999999999998
0.6199999999999999
0.6
0.5800000000000001
0.559999999999999
0.5400000000000004
0.5199999999999994
0.49999999999999944
0.47999999999999954
0.4599999999999997
0.4399999999999998
0.4199999999999999
0.4
0.3800000000000001
0.3599999999999991
0.34000000000000036
0.32000000000000045
0.29999999999999943
0.2800000000000007
0.2599999999999997
0.23999999999999977
0.2199999999999999
0.2
0.1800000000000001
0.16000000000000023
0.1399999999999992
0.12000000000000045
0.09999999999999944
0.07999999999999954
0.05999999999999966
0.03999999999999977
0.019999999999999886
0.0
-0.020000000000001017
-0.03999999999999977
-0.06000000000000079
-0.07999999999999954
-0.10000000000000056
-0.12000000000000045
-0.14000000000000035
-0.16000000000000023
-0.1800000000000001
-0.2
-0.2199999999999999
-0.23999999999999977
-0.2599999999999997
-0.2800000000000007
-0.29999999999999943
-0.32000000000000045
-0.34000000000000036
-0.3600000000000002
-0.3800000000000001
-0.4
-0.4199999999999999
-0.4400000000000009
-0.4599999999999997
-0.4800000000000007
-0.49999999999999944
-0.5200000000000005
-0.5400000000000004
-0.5600000000000003
-0.5800000000000001
-0.6
-0.6199999999999999
-0.6400000000000009
-0.6599999999999997
-0.6799999999999995
-0.7000000000000005
-0.7199999999999993
-0.7400000000000003
-0.7600000000000002
-0.7800000000000001
-0.8
-0.8199999999999998
-0.8399999999999997
-0.8600000000000008
-0.8799999999999996
-0.9000000000000006
-0.9200000000000005
-0.9400000000000004
-0.9600000000000002
-0.9800000000000001
-1.0
-0.9800000000000001
-0.9599999999999991
-0.9399999999999992
-0.9200000000000005
-0.9000000000000006
-0.8799999999999996
-0.8599999999999997
-0.8399999999999997
-0.8199999999999998
-0.8000000000000012
-0.7799999999999989
-0.7600000000000002
-0.7400000000000003
-0.7200000000000004
-0.6999999999999995
-0.6799999999999995
-0.6599999999999997
-0.6400000000000009
-0.6199999999999988
-0.6
-0.5800000000000001
-0.5600000000000003
-0.5399999999999991
-0.5199999999999994
-0.49999999999999944
-0.48000000000000065
-0.4599999999999985
-0.4399999999999997
-0.41999999999999993
-0.4
-0.379999999999999
-0.3599999999999991
-0.3400000000000003
-0.3200000000000005
-0.2999999999999995
-0.2799999999999996
-0.2599999999999997
-0.23999999999999977
-0.22000000000000097
-0.19999999999999885
-0.18000000000000016
-0.16000000000000025
-0.14000000000000035
-0.11999999999999933
-0.09999999999999942
-0.07999999999999952
-0.06000000000000083
-0.03999999999999859
-0.019999999999999907
0.0
0.019999999999999796
0.040000000000000924
0.06000000000000072
0.07999999999999963
0.09999999999999942
0.12000000000000055
0.14000000000000035
0.16000000000000014
0.18000000000000016
0.20000000000000107
0.22000000000000108
0.23999999999999977
0.25999999999999956
0.2799999999999996
0.3000000000000005
0.3200000000000005
0.3400000000000003
0.359999999999999
0.3800000000000012
0.3999999999999999
0.41999999999999993
0.4399999999999997
0.46000000000000085
0.48000000000000065
0.49999999999999933
0.5199999999999994
0.5400000000000014
0.5600000000000003
0.5800000000000001
0.6000000000000001
0.620000000000001
0.640000000000001
0.6599999999999997
0.6799999999999995
0.7000000000000006
0.7200000000000004
0.7400000000000004
0.7600000000000002
0.7799999999999989
0.8000000000000012
0.8199999999999998
0.8399999999999999
0.8599999999999997
0.8800000000000008
0.9000000000000006
0.9200000000000004
0.9399999999999993
0.9600000000000013
0.9800000000000002
1.0
0.9800000000000001
0.9599999999999991
0.9399999999999992
0.9200000000000005
0.9000000000000006
0.8799999999999996
0.8599999999999997
0.8399999999999997
0.8199999999999998
0.7999999999999988
0.7800000000000001
0.7599999999999991
0.7400000000000003
0.7200000000000016
0.6999999999999983
0.6799999999999995
0.6600000000000008
0.6399999999999998
0.6199999999999988
0.6
0.579999999999999
0.5600000000000003
0.5399999999999993
0.5200000000000005
0.49999999999999944
0.4800000000000007
0.4599999999999997
0.43999999999999867
0.4199999999999999
0.40000000000000113
0.3800000000000001
0.3599999999999991
0.34000000000000036
0.31999999999999934
0.2999999999999983
0.2799999999999995
0.2600000000000008
0.23999999999999977
0.22000000000000103
0.2
0.179999999999999
0.16000000000000023
0.14000000000000146
0.11999999999999819
0.09999999999999944
0.08000000000000068
0.05999999999999966
0.03999999999999864
0.019999999999999886
1.1308638867425838E-15
-0.019999999999999886
-0.0400000000000009
-0.05999999999999966
-0.08000000000000068
-0.09999999999999944
-0.12000000000000045
-0.14000000000000146
-0.16000000000000023
-0.179999999999999
-0.2
-0.22000000000000103
-0.23999999999999977
-0.2600000000000008
-0.2799999999999995
-0.30000000000000054
-0.31999999999999934
-0.34000000000000036
-0.3599999999999991
-0.3800000000000001
-0.40000000000000113
-0.4199999999999999
-0.43999999999999867
-0.4600000000000019
-0.4800000000000007
-0.49999999999999944
-0.5200000000000005
-0.5400000000000015
-0.5600000000000003
-0.579999999999999
-0.6
-0.620000000000001
-0.6399999999999998
-0.6600000000000008
-0.6799999999999995
-0.7000000000000005
-0.7200000000000016
-0.7400000000000003
-0.7599999999999991
-0.7800000000000001
-0.8000000000000012
-0.8199999999999998
-0.8400000000000009
-0.8599999999999997
-0.8800000000000007
-0.8999999999999995
-0.9200000000000005
-0.9399999999999992
-0.9600000000000002
-0.9800000000000012
