-1.0
-0.9900000000000001
-0.9800000000000001
-0.9699999999999999
-0.96
-0.95
-0.9400000000000001
-0.9300000000000002
-0.9199999999999999
-0.9099999999999999
-0.9
-0.89
-0.8800000000000001
-0.8699999999999999
-0.8599999999999999
-0.85
-0.8400000000000001
-0.8299999999999998
-0.8199999999999998
-0.8099999999999999
-0.8
-0.79
-0.7800000000000001
-0.7699999999999999
-0.76
-0.75
-0.74
-0.7299999999999998
-0.7199999999999999
-0.71
-0.7
-0.6900000000000001
-0.6800000000000002
-0.6699999999999999
-0.6599999999999999
-0.65
-0.6400000000000001
-0.6299999999999999
-0.6199999999999999
-0.6099999999999999
-0.6
-0.5900000000000001
-0.5800000000000001
-0.5700000000000002
-0.5599999999999999
-0.55
-0.54
-0.5299999999999998
-0.5199999999999999
-0.51
-0.5
-0.4900000000000001
-0.4800000000000001
-0.46999999999999986
-0.45999999999999996
-0.44999999999999973
-0.4399999999999997
-0.4299999999999998
-0.41999999999999993
-0.4099999999999999
-0.4
-0.39
-0.3800000000000001
-0.3700000000000002
-0.3600000000000002
-0.34999999999999976
-0.33999999999999975
-0.32999999999999985
-0.31999999999999984
-0.30999999999999994
-0.30000000000000004
-0.29000000000000004
-0.28000000000000014
-0.27000000000000013
-0.2599999999999997
-0.25000000000000033
-0.23999999999999977
-0.22999999999999987
-0.21999999999999986
-0.20999999999999996
-0.19999999999999996
-0.19000000000000006
-0.18000000000000016
-0.1699999999999996
-0.16000000000000025
-0.1499999999999997
-0.14000000000000035
-0.12999999999999978
-0.11999999999999988
-0.10999999999999999
-0.09999999999999998
-0.09000000000000008
-0.08000000000000007
-0.07000000000000017
-0.05999999999999961
-0.050000000000000266
-0.039999999999999813
-0.029999999999999805
-0.019999999999999907
-0.009999999999999898
0.0
0.010000000000000009
0.019999999999999796
0.029999999999999805
0.039999999999999813
0.050000000000000266
0.060000000000000275
0.07000000000000006
0.08000000000000007
0.09000000000000008
0.10000000000000009
0.10999999999999988
0.12000000000000055
0.1299999999999999
0.14000000000000035
0.15000000000000036
0.16000000000000014
0.1699999999999997
0.18000000000000016
0.18999999999999995
0.19999999999999996
0.20999999999999996
0.21999999999999997
0.22999999999999976
0.23999999999999977
0.2500000000000002
0.25999999999999956
0.27000000000000024
0.28
0.29000000000000004
0.30000000000000004
0.31000000000000005
0.3200000000000005
0.32999999999999985
0.3400000000000003
0.34999999999999964
0.3600000000000003
0.3700000000000001
0.3800000000000001
0.3900000000000001
0.3999999999999999
0.4099999999999999
0.41999999999999993
0.42999999999999994
0.4399999999999997
0.4500000000000002
0.45999999999999974
0.4700000000000002
0.4800000000000002
0.49
0.5
0.51
0.5199999999999998
0.5299999999999998
0.5400000000000003
0.5499999999999998
0.5600000000000003
0.5700000000000001
0.5800000000000001
0.5900000000000001
0.6000000000000001
0.6100000000000005
0.6199999999999999
0.6300000000000003
0.6399999999999997
0.6500000000000004
0.6600000000000001
0.6700000000000002
0.6799999999999995
0.69
0.7
0.71
0.72
0.7299999999999998
0.7400000000000004
0.7499999999999998
0.7600000000000002
0.7699999999999996
0.78
0.79
0.8
0.81
0.8199999999999998
0.8300000000000003
0.8399999999999999
0.8500000000000003
0.8600000000000003
0.8700000000000001
0.8800000000000001
0.8900000000000001
0.8999999999999999
0.9099999999999999
0.9199999999999999
0.9299999999999999
0.9400000000000004
0.9499999999999997
0.9600000000000002
0.9699999999999995
0.9800000000000002
0.99
-1.0
-0.9899999999999998
-0.9800000000000001
-0.9699999999999999
-0.96
-0.9500000000000003
-0.9400000000000001
-0.9300000000000002
-0.9199999999999999
-0.9100000000000003
-0.9
-0.89
-0.8799999999999998
-0.8700000000000001
-0.8599999999999999
-0.85
-0.8399999999999997
-0.8300000000000001
-0.8199999999999998
-0.8099999999999999
-0.7999999999999997
-0.79
-0.7799999999999998
-0.7699999999999999
-0.7599999999999997
-0.75
-0.7399999999999998
-0.7300000000000001
-0.7199999999999999
-0.71
-0.6999999999999997
-0.6900000000000001
-0.6800000000000002
-0.6699999999999999
-0.6600000000000003
-0.65
-0.6400000000000001
-0.6299999999999999
-0.6200000000000001
-0.6099999999999999
-0.6
-0.5899999999999997
-0.5800000000000001
-0.5699999999999998
-0.5599999999999999
-0.5499999999999997
-0.54
-0.5299999999999998
-0.5199999999999999
-0.5099999999999997
-0.5
-0.48999999999999977
-0.4800000000000001
-0.46999999999999986
-0.45999999999999996
-0.44999999999999973
-0.4399999999999997
-0.4300000000000004
-0.41999999999999993
-0.4099999999999999
-0.4
-0.39
-0.3800000000000001
-0.3700000000000002
-0.35999999999999965
-0.3500000000000003
-0.33999999999999975
-0.32999999999999985
-0.31999999999999984
-0.30999999999999994
-0.30000000000000004
-0.29000000000000004
-0.2799999999999996
-0.27000000000000013
-0.2599999999999997
-0.25000000000000033
-0.23999999999999977
-0.22999999999999987
-0.21999999999999986
-0.20999999999999996
-0.19999999999999996
-0.19000000000000006
-0.18000000000000016
-0.17000000000000015
-0.16000000000000025
-0.1499999999999997
-0.14000000000000035
-0.12999999999999978
-0.11999999999999988
-0.10999999999999999
-0.09999999999999998
-0.09000000000000008
-0.08000000000000007
-0.06999999999999962
-0.060000000000000275
-0.04999999999999971
-0.039999999999999813
-0.029999999999999805
-0.019999999999999907
-0.009999999999999898
0.0
0.010000000000000453
0.019999999999999796
0.03000000000000047
0.039999999999999813
0.050000000000000266
0.060000000000000275
0.07000000000000006
0.08000000000000007
0.09000000000000008
0.10000000000000009
0.10999999999999988
0.11999999999999988
0.1299999999999999
0.14000000000000035
0.1499999999999997
0.16000000000000014
0.17000000000000015
0.18000000000000016
0.18999999999999995
0.19999999999999996
0.20999999999999996
0.22000000000000042
0.22999999999999976
0.24000000000000044
0.2500000000000002
0.26000000000000023
0.27000000000000024
0.28
0.29000000000000004
0.30000000000000004
0.31000000000000005
0.3200000000000005
0.32999999999999985
0.33999999999999986
0.3500000000000003
0.35999999999999965
0.3700000000000001
0.3800000000000001
0.3900000000000001
0.3999999999999999
0.4099999999999999
0.41999999999999993
0.4300000000000004
0.4399999999999997
0.4500000000000002
0.4600000000000002
0.4700000000000002
0.4800000000000002
0.49
0.5
0.5100000000000005
0.5199999999999998
0.5300000000000005
0.5399999999999998
0.5500000000000003
0.5600000000000003
0.5700000000000001
0.5800000000000001
0.5900000000000001
0.6000000000000001
0.6099999999999999
0.6199999999999999
0.6299999999999999
0.6400000000000003
0.6499999999999997
0.6600000000000001
0.6700000000000002
0.6800000000000002
0.69
0.7
0.71
0.7200000000000004
0.7299999999999998
0.7400000000000004
0.7499999999999998
0.7600000000000002
0.7700000000000002
0.78
0.79
0.8
0.81
0.8200000000000005
0.8299999999999998
0.8399999999999999
0.8500000000000003
0.8599999999999997
0.8700000000000001
0.8800000000000001
0.8900000000000001
0.8999999999999999
0.9099999999999999
0.9199999999999999
0.9300000000000004
0.9399999999999997
0.9500000000000002
0.9600000000000002
0.9700000000000002
0.9800000000000002
0.99
-1.0
-0.9900000000000001
-0.9799999999999995
-0.9699999999999996
-0.9600000000000002
-0.9500000000000003
-0.9399999999999997
-0.9299999999999998
-0.9199999999999999
-0.9099999999999999
-0.9000000000000006
-0.8899999999999995
-0.8800000000000001
-0.8700000000000001
-0.8600000000000002
-0.8499999999999998
-0.8399999999999997
-0.8299999999999998
-0.8200000000000005
-0.8099999999999994
-0.8
-0.79
-0.7800000000000001
-0.7699999999999996
-0.7599999999999997
-0.7499999999999998
-0.7400000000000003
-0.7299999999999993
-0.7199999999999999
-0.71
-0.7
-0.6899999999999995
-0.6799999999999995
-0.6700000000000002
-0.6600000000000003
-0.6499999999999997
-0.6399999999999998
-0.6299999999999999
-0.6199999999999999
-0.6100000000000005
-0.5999999999999994
-0.5900000000000001
-0.5800000000000001
-0.5700000000000002
-0.5599999999999996
-0.5499999999999997
-0.5399999999999998
-0.5300000000000005
-0.5199999999999994
-0.51
-0.5
-0.4900000000000001
-0.47999999999999954
-0.46999999999999964
-0.4600000000000002
-0.4500000000000003
-0.4399999999999997
-0.4299999999999998
-0.41999999999999993
-0.4099999999999999
-0.39999999999999947
-0.38999999999999946
-0.3800000000000001
-0.3700000000000002
-0.3600000000000002
-0.34999999999999976
-0.33999999999999975
-0.32999999999999985
-0.3200000000000005
-0.3099999999999994
-0.30000000000000004
-0.29000000000000004
-0.28000000000000014
-0.2699999999999996
-0.2599999999999997
-0.25000000000000033
-0.24000000000000032
-0.22999999999999932
-0.21999999999999986
-0.20999999999999996
-0.19999999999999996
-0.1899999999999995
-0.1799999999999995
-0.17000000000000015
-0.16000000000000025
-0.1499999999999997
-0.1399999999999998
-0.12999999999999978
-0.11999999999999988
-0.11000000000000054
-0.09999999999999942
-0.09000000000000008
-0.08000000000000007
-0.07000000000000017
-0.05999999999999961
-0.04999999999999971
-0.039999999999999813
-0.03000000000000036
-0.01999999999999935
-0.009999999999999898
0.0
0.010000000000000009
0.020000000000000462
0.03000000000000047
0.039999999999999813
0.04999999999999982
0.060000000000000275
0.07000000000000006
0.08000000000000007
0.09000000000000008
0.10000000000000053
0.10999999999999988
0.12000000000000055
0.1299999999999999
0.13999999999999924
0.1500000000000008
0.16000000000000014
0.1699999999999997
0.18000000000000016
0.1900000000000006
0.19999999999999996
0.2100000000000004
0.21999999999999997
0.23000000000000043
0.23999999999999977
0.2500000000000002
0.25999999999999956
0.27000000000000024
0.2800000000000007
0.29000000000000004
0.2999999999999994
0.31000000000000005
0.3200000000000005
0.32999999999999985
0.3400000000000003
0.35000000000000075
0.3600000000000003
0.36999999999999966
0.3800000000000001
0.38999999999999946
0.3999999999999999
0.4100000000000006
0.41999999999999993
0.42999999999999927
0.44000000000000083
0.4500000000000002
0.45999999999999974
0.4700000000000002
0.48000000000000065
0.49
0.49999999999999933
0.51
0.5200000000000005
0.5299999999999998
0.5400000000000003
0.5499999999999998
0.5600000000000003
0.5700000000000007
0.5800000000000001
0.5899999999999994
0.6000000000000001
0.6100000000000005
0.6199999999999999
0.6300000000000003
0.6399999999999997
0.6500000000000004
0.6599999999999997
0.6700000000000002
0.6799999999999995
0.69
0.7000000000000006
0.71
0.7199999999999993
0.7300000000000009
0.7400000000000004
0.7499999999999998
0.7600000000000002
0.7700000000000007
0.78
0.7899999999999996
0.8
0.8100000000000005
0.8199999999999998
0.8300000000000003
0.8399999999999999
0.8500000000000003
0.8600000000000008
0.8700000000000001
0.8799999999999994
0.8900000000000001
0.9000000000000006
0.9099999999999999
0.9200000000000004
0.9299999999999999
0.9400000000000004
0.9499999999999997
0.9600000000000002
0.9699999999999995
0.9800000000000002
0.9900000000000007
