1.0
0.9900000000000001
0.9800000000000001
0.9699999999999999
0.96
0.95
0.9400000000000001
0.9300000000000002
0.9199999999999999
0.9099999999999999
0.9
0.89
0.8800000000000001
0.8699999999999999
0.86
0.85
0.8400000000000001
0.8299999999999998
0.8199999999999998
0.8099999999999999
0.8
0.79
0.7800000000000001
0.7699999999999999
0.7599999999999999
0.75
0.7400000000000001
0.7299999999999999
0.7199999999999999
0.71
0.7
0.6900000000000001
0.6800000000000002
0.6699999999999999
0.6599999999999999
0.65
0.64
0.6299999999999998
0.6199999999999999
0.61
0.6
0.5900000000000001
0.5800000000000001
0.5700000000000002
0.5599999999999999
0.55
0.54
0.5299999999999998
0.5199999999999999
0.5099999999999999
0.5
0.49000000000000005
0.4800000000000001
0.46999999999999986
0.45999999999999996
0.44999999999999973
0.4399999999999998
0.4299999999999998
0.4199999999999999
0.4099999999999999
0.4
0.39000000000000007
0.3800000000000001
0.37000000000000016
0.3600000000000002
0.3499999999999997
0.33999999999999975
0.32999999999999985
0.3199999999999999
0.30999999999999994
0.3
0.29000000000000004
0.28000000000000014
0.2700000000000002
0.2599999999999997
0.2500000000000003
0.23999999999999977
0.22999999999999984
0.2199999999999999
0.20999999999999994
0.2
0.19000000000000006
0.1800000000000001
0.1699999999999996
0.16000000000000023
0.14999999999999972
0.14000000000000035
0.12999999999999984
0.11999999999999988
0.10999999999999995
0.1
0.09000000000000005
0.08000000000000011
0.07000000000000017
0.05999999999999966
0.05000000000000028
0.03999999999999977
0.02999999999999983
0.019999999999999886
0.009999999999999943
0.0
-0.009999999999999943
-0.019999999999999886
-0.02999999999999983
-0.03999999999999977
-0.05000000000000028
-0.06000000000000023
-0.07000000000000017
-0.08000000000000011
-0.09000000000000005
-0.1
-0.10999999999999995
-0.12000000000000045
-0.12999999999999984
-0.14000000000000035
-0.15000000000000027
-0.16000000000000023
-0.1699999999999996
-0.1800000000000001
-0.19000000000000006
-0.2
-0.20999999999999994
-0.2199999999999999
-0.22999999999999984
-0.23999999999999977
-0.2500000000000003
-0.2599999999999997
-0.2700000000000002
-0.28000000000000014
-0.29000000000000004
-0.3
-0.30999999999999994
-0.32000000000000045
-0.32999999999999985
-0.34000000000000036
-0.3499999999999997
-0.3600000000000002
-0.37000000000000016
-0.3800000000000001
-0.39000000000000007
-0.4
-0.4099999999999999
-0.4199999999999999
-0.4299999999999998
-0.4399999999999998
-0.4500000000000003
-0.4599999999999997
-0.4700000000000002
-0.4800000000000001
-0.49000000000000005
-0.5
-0.5099999999999999
-0.5199999999999999
-0.5299999999999998
-0.5400000000000004
-0.5499999999999997
-0.5600000000000003
-0.5700000000000002
-0.5800000000000001
-0.5900000000000001
-0.6
-0.6100000000000005
-0.6199999999999999
-0.6300000000000004
-0.6399999999999998
-0.6500000000000002
-0.6600000000000003
-0.6700000000000002
-0.6799999999999995
-0.6900000000000001
-0.7
-0.71
-0.7199999999999999
-0.7299999999999999
-0.7400000000000003
-0.7499999999999997
-0.7600000000000002
-0.7699999999999996
-0.7800000000000001
-0.79
-0.8
-0.8099999999999999
-0.8199999999999998
-0.8300000000000004
-0.8399999999999997
-0.8500000000000003
-0.8600000000000002
-0.8700000000000002
-0.8800000000000001
-0.89
-0.9
-0.9099999999999999
-0.9199999999999999
-0.9299999999999998
-0.9400000000000004
-0.9499999999999997
-0.9600000000000002
-0.9699999999999996
-0.9800000000000001
-0.9900000000000001
1.0
0.9899999999999998
0.9800000000000001
0.9699999999999999
0.96
0.9500000000000003
0.9400000000000001
0.9300000000000002
0.9199999999999999
0.9100000000000003
0.9
0.89
0.8799999999999998
0.8700000000000002
0.86
0.85
0.8399999999999997
0.8300000000000001
0.8199999999999998
0.8099999999999999
0.7999999999999997
0.79
0.7799999999999998
0.7699999999999999
0.7599999999999997
0.75
0.7399999999999998
0.7300000000000001
0.7199999999999999
0.71
0.6999999999999997
0.6900000000000001
0.6800000000000002
0.6699999999999999
0.6600000000000003
0.65
0.64
0.6299999999999998
0.6200000000000002
0.61
0.6
0.5899999999999997
0.5800000000000001
0.5699999999999998
0.5599999999999999
0.5499999999999997
0.54
0.5299999999999998
0.5199999999999999
0.5099999999999997
0.5
0.48999999999999977
0.4800000000000001
0.46999999999999986
0.45999999999999996
0.44999999999999973
0.4399999999999998
0.4300000000000004
0.4199999999999999
0.4099999999999999
0.4
0.39000000000000007
0.3800000000000001
0.37000000000000016
0.35999999999999965
0.35000000000000026
0.33999999999999975
0.32999999999999985
0.3199999999999999
0.30999999999999994
0.3
0.29000000000000004
0.2799999999999995
0.2700000000000002
0.2599999999999997
0.2500000000000003
0.23999999999999977
0.22999999999999984
0.2199999999999999
0.20999999999999994
0.2
0.19000000000000006
0.1800000000000001
0.17000000000000018
0.16000000000000023
0.14999999999999972
0.14000000000000035
0.12999999999999984
0.11999999999999988
0.10999999999999995
0.1
0.09000000000000005
0.08000000000000011
0.0699999999999996
0.06000000000000023
0.04999999999999972
0.03999999999999977
0.02999999999999983
0.019999999999999886
0.009999999999999943
0.0
-0.010000000000000508
-0.019999999999999886
-0.030000000000000394
-0.03999999999999977
-0.05000000000000028
-0.06000000000000023
-0.07000000000000017
-0.08000000000000011
-0.09000000000000005
-0.1
-0.10999999999999995
-0.11999999999999988
-0.12999999999999984
-0.14000000000000035
-0.14999999999999972
-0.16000000000000023
-0.17000000000000018
-0.1800000000000001
-0.19000000000000006
-0.2
-0.20999999999999994
-0.22000000000000045
-0.22999999999999984
-0.24000000000000035
-0.2500000000000003
-0.26000000000000023
-0.2700000000000002
-0.28000000000000014
-0.29000000000000004
-0.3
-0.30999999999999994
-0.32000000000000045
-0.32999999999999985
-0.33999999999999975
-0.35000000000000026
-0.35999999999999965
-0.37000000000000016
-0.3800000000000001
-0.39000000000000007
-0.4
-0.4099999999999999
-0.4199999999999999
-0.4300000000000004
-0.4399999999999998
-0.4500000000000003
-0.46000000000000024
-0.4700000000000002
-0.4800000000000001
-0.49000000000000005
-0.5
-0.5100000000000006
-0.5199999999999999
-0.5300000000000004
-0.5399999999999998
-0.5500000000000003
-0.5600000000000003
-0.5700000000000002
-0.5800000000000001
-0.5900000000000001
-0.6
-0.61
-0.6199999999999999
-0.6299999999999998
-0.6400000000000003
-0.6499999999999997
-0.6600000000000003
-0.6700000000000002
-0.6800000000000002
-0.6900000000000001
-0.7
-0.71
-0.7200000000000004
-0.7299999999999999
-0.7400000000000003
-0.7499999999999997
-0.7600000000000002
-0.7700000000000001
-0.7800000000000001
-0.79
-0.8
-0.8099999999999999
-0.8200000000000005
-0.8299999999999998
-0.8399999999999997
-0.8500000000000003
-0.8599999999999997
-0.8700000000000002
-0.8800000000000001
-0.89
-0.9
-0.9099999999999999
-0.9199999999999999
-0.9300000000000004
-0.9399999999999997
-0.9500000000000003
-0.9600000000000002
-0.9700000000000002
-0.9800000000000001
-0.9900000000000001
1.0
0.9900000000000001
0.9799999999999995
0.9699999999999996
0.9600000000000002
0.9500000000000003
0.9399999999999997
0.9299999999999998
0.9199999999999999
0.9099999999999999
0.9000000000000006
0.8899999999999995
0.8800000000000001
0.8700000000000002
0.8600000000000002
0.8499999999999998
0.8399999999999997
0.8299999999999998
0.8200000000000005
0.8099999999999994
0.8
0.79
0.7800000000000001
0.7699999999999996
0.7599999999999997
0.7499999999999997
0.7400000000000003
0.7299999999999993
0.7199999999999999
0.71
0.7
0.6899999999999995
0.6799999999999995
0.6700000000000002
0.6600000000000003
0.6499999999999997
0.6399999999999998
0.6299999999999998
0.6199999999999999
0.6100000000000005
0.5999999999999994
0.5900000000000001
0.5800000000000001
0.5700000000000002
0.5599999999999996
0.5499999999999997
0.5399999999999998
0.5300000000000004
0.5199999999999994
0.5099999999999999
0.5
0.49000000000000005
0.47999999999999954
0.4699999999999996
0.46000000000000024
0.4500000000000003
0.4399999999999998
0.4299999999999998
0.4199999999999999
0.4099999999999999
0.3999999999999994
0.3899999999999995
0.3800000000000001
0.37000000000000016
0.3600000000000002
0.3499999999999997
0.33999999999999975
0.32999999999999985
0.32000000000000045
0.3099999999999994
0.3
0.29000000000000004
0.28000000000000014
0.26999999999999963
0.2599999999999997
0.2500000000000003
0.24000000000000035
0.22999999999999926
0.2199999999999999
0.20999999999999994
0.2
0.1899999999999995
0.17999999999999955
0.17000000000000018
0.16000000000000023
0.14999999999999972
0.13999999999999976
0.12999999999999984
0.11999999999999988
0.11000000000000051
0.09999999999999944
0.09000000000000005
0.08000000000000011
0.07000000000000017
0.05999999999999966
0.04999999999999972
0.03999999999999977
0.030000000000000394
0.01999999999999932
0.009999999999999943
0.0
-0.009999999999999943
-0.02000000000000045
-0.030000000000000394
-0.03999999999999977
-0.04999999999999972
-0.06000000000000023
-0.07000000000000017
-0.08000000000000011
-0.09000000000000005
-0.10000000000000056
-0.10999999999999995
-0.12000000000000045
-0.12999999999999984
-0.1399999999999992
-0.15000000000000085
-0.16000000000000023
-0.1699999999999996
-0.1800000000000001
-0.1900000000000006
-0.2
-0.21000000000000052
-0.2199999999999999
-0.2300000000000004
-0.23999999999999977
-0.2500000000000003
-0.2599999999999997
-0.2700000000000002
-0.2800000000000007
-0.29000000000000004
-0.29999999999999943
-0.30999999999999994
-0.32000000000000045
-0.32999999999999985
-0.34000000000000036
-0.35000000000000087
-0.3600000000000002
-0.3699999999999996
-0.3800000000000001
-0.3899999999999995
-0.4
-0.41000000000000053
-0.4199999999999999
-0.42999999999999927
-0.4400000000000009
-0.4500000000000003
-0.4599999999999997
-0.4700000000000002
-0.4800000000000007
-0.49000000000000005
-0.49999999999999944
-0.5099999999999999
-0.5200000000000005
-0.5299999999999998
-0.5400000000000004
-0.5499999999999997
-0.5600000000000003
-0.5700000000000007
-0.5800000000000001
-0.5899999999999995
-0.6
-0.6100000000000005
-0.6199999999999999
-0.6300000000000004
-0.6399999999999998
-0.6500000000000002
-0.6599999999999997
-0.6700000000000002
-0.6799999999999995
-0.6900000000000001
-0.7000000000000005
-0.71
-0.7199999999999993
-0.730000000000001
-0.7400000000000003
-0.7499999999999997
-0.7600000000000002
-0.7700000000000007
-0.7800000000000001
-0.7899999999999995
-0.8
-0.8100000000000005
-0.8199999999999998
-0.8300000000000004
-0.8399999999999997
-0.8500000000000003
-0.8600000000000008
-0.8700000000000002
-0.8799999999999996
-0.89
-0.9000000000000006
-0.9099999999999999
-0.9200000000000005
-0.9299999999999998
-0.9400000000000004
-0.9499999999999997
-0.9600000000000002
-0.9699999999999996
-0.9800000000000001
-0.9900000000000007
