1.000000000000000000e+00
9.900000000000001021e-01
9.799999999999999822e-01
9.699999999999999734e-01
9.599999999999999645e-01
9.499999999999999556e-01
9.400000000000000577e-01
9.299999999999999378e-01
9.200000000000000400e-01
9.099999999999999201e-01
9.000000000000000222e-01
8.900000000000000133e-01
8.800000000000000044e-01
8.699999999999999956e-01
8.599999999999999867e-01
8.499999999999999778e-01
8.400000000000000799e-01
8.299999999999999600e-01
8.200000000000000622e-01
8.099999999999999423e-01
8.000000000000000444e-01
7.900000000000000355e-01
7.800000000000000266e-01
7.700000000000000178e-01
7.599999999999998979e-01
7.500000000000000000e-01
7.400000000000001021e-01
7.299999999999999822e-01
7.199999999999998623e-01
7.099999999999999645e-01
6.999999999999999556e-01
6.900000000000000577e-01
6.799999999999999378e-01
6.699999999999999289e-01
6.599999999999999201e-01
6.500000000000000222e-01
6.400000000000000133e-01
6.300000000000000044e-01
6.199999999999999956e-01
6.099999999999999867e-01
5.999999999999999778e-01
5.899999999999999689e-01
5.800000000000000711e-01
5.700000000000000622e-01
5.600000000000000533e-01
5.500000000000000444e-01
5.400000000000000355e-01
5.300000000000000266e-01
5.200000000000000178e-01
5.100000000000000089e-01
5.000000000000000000e-01
4.899999999999999911e-01
4.799999999999999822e-01
4.699999999999999734e-01
4.599999999999999645e-01
4.499999999999999556e-01
4.399999999999998912e-01
4.299999999999999933e-01
4.200000000000000400e-01
4.100000000000000311e-01
4.000000000000000222e-01
3.900000000000000133e-01
3.799999999999999489e-01
3.700000000000000511e-01
3.599999999999999312e-01
3.499999999999999778e-01
3.399999999999999134e-01
3.299999999999999600e-01
3.199999999999998956e-01
3.099999999999999423e-01
2.999999999999999889e-01
2.900000000000000355e-01
2.799999999999999711e-01
2.700000000000000178e-01
2.599999999999999534e-01
2.500000000000000000e-01
2.400000000000000466e-01
2.299999999999999822e-01
2.200000000000000289e-01
2.099999999999999367e-01
2.000000000000000111e-01
1.899999999999999190e-01
1.799999999999999656e-01
1.699999999999998734e-01
1.600000000000000866e-01
1.499999999999999944e-01
1.400000000000000688e-01
1.299999999999999767e-01
1.200000000000000233e-01
1.099999999999999450e-01
1.000000000000000056e-01
8.999999999999991340e-02
7.999999999999997391e-02
6.999999999999988176e-02
5.999999999999994227e-02
5.000000000000000278e-02
4.000000000000005634e-02
2.999999999999997113e-02
2.000000000000002817e-02
9.999999999999942962e-03
0.000000000000000000e+00
-9.999999999999942962e-03
-2.000000000000002817e-02
-2.999999999999997113e-02
-4.000000000000005634e-02
-5.000000000000000278e-02
-6.000000000000008799e-02
-7.000000000000003442e-02
-8.000000000000011269e-02
-9.000000000000005218e-02
-1.000000000000001443e-01
-1.100000000000000838e-01
-1.200000000000001760e-01
-1.300000000000001155e-01
-1.400000000000000688e-01
-1.500000000000001332e-01
-1.599999999999999478e-01
-1.699999999999998734e-01
-1.799999999999999656e-01
-1.899999999999999190e-01
-2.000000000000000111e-01
-2.099999999999999367e-01
-2.200000000000000289e-01
-2.299999999999999822e-01
-2.400000000000000466e-01
-2.500000000000000000e-01
-2.599999999999999534e-01
-2.700000000000000178e-01
-2.800000000000001377e-01
-2.900000000000000355e-01
-2.999999999999999889e-01
-3.099999999999999423e-01
-3.200000000000001732e-01
-3.300000000000001266e-01
-3.400000000000000799e-01
-3.499999999999999778e-01
-3.600000000000002087e-01
-3.700000000000001621e-01
-3.800000000000001155e-01
-3.900000000000000688e-01
-4.000000000000000222e-01
-4.099999999999999201e-01
-4.199999999999998734e-01
-4.299999999999998268e-01
-4.400000000000000577e-01
-4.500000000000000111e-01
-4.599999999999999645e-01
-4.699999999999998623e-01
-4.800000000000000933e-01
-4.900000000000000466e-01
-5.000000000000000000e-01
-5.099999999999998979e-01
-5.199999999999999067e-01
-5.300000000000001377e-01
-5.400000000000000355e-01
-5.500000000000000444e-01
-5.599999999999999423e-01
-5.700000000000001732e-01
-5.800000000000000711e-01
-5.900000000000000799e-01
-5.999999999999999778e-01
-6.100000000000002087e-01
-6.200000000000002176e-01
-6.300000000000001155e-01
-6.400000000000000133e-01
-6.500000000000000222e-01
-6.600000000000002531e-01
-6.699999999999999289e-01
-6.799999999999998268e-01
-6.900000000000000577e-01
-6.999999999999999556e-01
-7.099999999999999645e-01
-7.199999999999998623e-01
-7.300000000000000933e-01
-7.400000000000001021e-01
-7.500000000000000000e-01
-7.599999999999998979e-01
-7.699999999999999067e-01
-7.800000000000001377e-01
-7.900000000000000355e-01
-8.000000000000000444e-01
-8.099999999999999423e-01
-8.200000000000001732e-01
-8.300000000000000711e-01
-8.400000000000000799e-01
-8.499999999999999778e-01
-8.600000000000002087e-01
-8.700000000000002176e-01
-8.800000000000001155e-01
-8.900000000000000133e-01
-9.000000000000000222e-01
-9.100000000000002531e-01
-9.199999999999999289e-01
-9.299999999999998268e-01
-9.400000000000000577e-01
-9.499999999999999556e-01
-9.599999999999999645e-01
-9.699999999999998623e-01
-9.800000000000000933e-01
-9.900000000000001021e-01
1.000000000000000000e+00
9.899999999999997691e-01
9.800000000000000933e-01
9.699999999999998623e-01
9.599999999999999645e-01
9.500000000000002887e-01
9.400000000000000577e-01
9.300000000000001599e-01
9.199999999999999289e-01
9.100000000000002531e-01
9.000000000000000222e-01
8.900000000000000133e-01
8.799999999999997824e-01
8.700000000000002176e-01
8.599999999999999867e-01
8.499999999999999778e-01
8.399999999999997469e-01
8.300000000000000711e-01
8.199999999999998401e-01
8.099999999999999423e-01
7.999999999999997113e-01
7.900000000000000355e-01
7.799999999999998046e-01
7.699999999999999067e-01
7.599999999999996758e-01
7.500000000000000000e-01
7.399999999999997691e-01
7.300000000000000933e-01
7.199999999999998623e-01
7.099999999999999645e-01
6.999999999999997335e-01
6.900000000000000577e-01
6.800000000000001599e-01
6.699999999999999289e-01
6.600000000000002531e-01
6.500000000000000222e-01
6.400000000000000133e-01
6.299999999999997824e-01
6.200000000000002176e-01
6.099999999999999867e-01
5.999999999999999778e-01
5.899999999999997469e-01
5.800000000000000711e-01
5.699999999999998401e-01
5.599999999999999423e-01
5.499999999999997113e-01
5.400000000000000355e-01
5.299999999999998046e-01
5.199999999999999067e-01
5.099999999999996758e-01
5.000000000000000000e-01
4.899999999999997691e-01
4.800000000000000933e-01
4.699999999999998623e-01
4.599999999999999645e-01
4.499999999999997335e-01
4.399999999999997802e-01
4.300000000000003819e-01
4.199999999999998734e-01
4.099999999999999201e-01
4.000000000000000222e-01
3.900000000000000688e-01
3.800000000000001155e-01
3.700000000000001621e-01
3.599999999999996536e-01
3.500000000000002554e-01
3.399999999999997469e-01
3.299999999999998490e-01
3.199999999999998956e-01
3.099999999999999423e-01
2.999999999999999889e-01
2.900000000000000355e-01
2.799999999999995270e-01
2.700000000000001843e-01
2.599999999999996758e-01
2.500000000000002776e-01
2.399999999999997691e-01
2.299999999999998435e-01
2.199999999999998901e-01
2.099999999999999367e-01
2.000000000000000111e-01
1.900000000000000577e-01
1.800000000000001044e-01
1.700000000000001787e-01
1.600000000000002254e-01
1.499999999999997169e-01
1.400000000000003464e-01
1.299999999999998379e-01
1.199999999999998845e-01
1.099999999999999450e-01
1.000000000000000056e-01
9.000000000000005218e-02
8.000000000000011269e-02
6.999999999999960421e-02
6.000000000000022676e-02
4.999999999999971828e-02
3.999999999999977185e-02
2.999999999999982889e-02
1.999999999999988592e-02
9.999999999999942962e-03
0.000000000000000000e+00
-1.000000000000050848e-02
-1.999999999999988592e-02
-3.000000000000039441e-02
-3.999999999999977185e-02
-5.000000000000028033e-02
-6.000000000000022676e-02
-7.000000000000017319e-02
-8.000000000000011269e-02
-9.000000000000005218e-02
-1.000000000000000056e-01
-1.099999999999999450e-01
-1.199999999999998845e-01
-1.299999999999998379e-01
-1.400000000000003464e-01
-1.499999999999997169e-01
-1.600000000000002254e-01
-1.700000000000001787e-01
-1.800000000000001044e-01
-1.900000000000000577e-01
-2.000000000000000111e-01
-2.099999999999999367e-01
-2.200000000000004452e-01
-2.299999999999998435e-01
-2.400000000000003519e-01
-2.500000000000002776e-01
-2.600000000000002309e-01
-2.700000000000001843e-01
-2.800000000000001377e-01
-2.900000000000000355e-01
-2.999999999999999889e-01
-3.099999999999999423e-01
-3.200000000000004508e-01
-3.299999999999998490e-01
-3.399999999999997469e-01
-3.500000000000002554e-01
-3.599999999999996536e-01
-3.700000000000001621e-01
-3.800000000000001155e-01
-3.900000000000000688e-01
-4.000000000000000222e-01
-4.099999999999999201e-01
-4.199999999999998734e-01
-4.300000000000003819e-01
-4.399999999999997802e-01
-4.500000000000002887e-01
-4.600000000000002420e-01
-4.700000000000001954e-01
-4.800000000000000933e-01
-4.900000000000000466e-01
-5.000000000000000000e-01
-5.100000000000005640e-01
-5.199999999999999067e-01
-5.300000000000003597e-01
-5.399999999999998135e-01
-5.500000000000002665e-01
-5.600000000000002753e-01
-5.700000000000001732e-01
-5.800000000000000711e-01
-5.900000000000000799e-01
-5.999999999999999778e-01
-6.099999999999999867e-01
-6.199999999999998845e-01
-6.299999999999997824e-01
-6.400000000000003464e-01
-6.499999999999996891e-01
-6.600000000000002531e-01
-6.700000000000001510e-01
-6.800000000000001599e-01
-6.900000000000000577e-01
-6.999999999999999556e-01
-7.099999999999999645e-01
-7.200000000000004174e-01
-7.299999999999998712e-01
-7.400000000000003242e-01
-7.499999999999996669e-01
-7.600000000000002309e-01
-7.700000000000001288e-01
-7.800000000000001377e-01
-7.900000000000000355e-01
-8.000000000000000444e-01
-8.099999999999999423e-01
-8.200000000000005063e-01
-8.299999999999998490e-01
-8.399999999999997469e-01
-8.500000000000003109e-01
-8.599999999999996536e-01
-8.700000000000002176e-01
-8.800000000000001155e-01
-8.900000000000000133e-01
-9.000000000000000222e-01
-9.099999999999999201e-01
-9.199999999999999289e-01
-9.300000000000003819e-01
-9.399999999999997247e-01
-9.500000000000002887e-01
-9.600000000000001865e-01
-9.700000000000001954e-01
-9.800000000000000933e-01
-9.900000000000001021e-01
1.000000000000000000e+00
9.900000000000001021e-01
9.799999999999995381e-01
9.699999999999996403e-01
9.600000000000001865e-01
9.500000000000002887e-01
9.399999999999997247e-01
9.299999999999998268e-01
9.199999999999999289e-01
9.099999999999999201e-01
9.000000000000005773e-01
8.899999999999994582e-01
8.800000000000001155e-01
8.700000000000002176e-01
8.600000000000002087e-01
8.499999999999997558e-01
8.399999999999997469e-01
8.299999999999998490e-01
8.200000000000005063e-01
8.099999999999993872e-01
8.000000000000000444e-01
7.900000000000000355e-01
7.800000000000001377e-01
7.699999999999995737e-01
7.599999999999996758e-01
7.499999999999996669e-01
7.400000000000003242e-01
7.299999999999993161e-01
7.199999999999998623e-01
7.099999999999999645e-01
6.999999999999999556e-01
6.899999999999995026e-01
6.799999999999994937e-01
6.700000000000001510e-01
6.600000000000002531e-01
6.499999999999996891e-01
6.399999999999997913e-01
6.299999999999997824e-01
6.199999999999998845e-01
6.100000000000005418e-01
5.999999999999994227e-01
5.900000000000000799e-01
5.800000000000000711e-01
5.700000000000001732e-01
5.599999999999996092e-01
5.499999999999997113e-01
5.399999999999998135e-01
5.300000000000003597e-01
5.199999999999993516e-01
5.099999999999998979e-01
5.000000000000000000e-01
4.900000000000000466e-01
4.799999999999995381e-01
4.699999999999995848e-01
4.600000000000002420e-01
4.500000000000002887e-01
4.399999999999997802e-01
4.299999999999998268e-01
4.199999999999998734e-01
4.099999999999999201e-01
3.999999999999994116e-01
3.899999999999995137e-01
3.800000000000001155e-01
3.700000000000001621e-01
3.600000000000002087e-01
3.499999999999997002e-01
3.399999999999997469e-01
3.299999999999998490e-01
3.200000000000004508e-01
3.099999999999993872e-01
2.999999999999999889e-01
2.900000000000000355e-01
2.800000000000001377e-01
2.699999999999996292e-01
2.599999999999996758e-01
2.500000000000002776e-01
2.400000000000003519e-01
2.299999999999992606e-01
2.199999999999998901e-01
2.099999999999999367e-01
2.000000000000000111e-01
1.899999999999995026e-01
1.799999999999995492e-01
1.700000000000001787e-01
1.600000000000002254e-01
1.499999999999997169e-01
1.399999999999997635e-01
1.299999999999998379e-01
1.199999999999998845e-01
1.100000000000005140e-01
9.999999999999943656e-02
9.000000000000005218e-02
8.000000000000011269e-02
7.000000000000017319e-02
5.999999999999965777e-02
4.999999999999971828e-02
3.999999999999977185e-02
3.000000000000039441e-02
1.999999999999932040e-02
9.999999999999942962e-03
0.000000000000000000e+00
-9.999999999999942962e-03
-2.000000000000045144e-02
-3.000000000000039441e-02
-3.999999999999977185e-02
-4.999999999999971828e-02
-6.000000000000022676e-02
-7.000000000000017319e-02
-8.000000000000011269e-02
-9.000000000000005218e-02
-1.000000000000005607e-01
-1.099999999999999450e-01
-1.200000000000004535e-01
-1.299999999999998379e-01
-1.399999999999992084e-01
-1.500000000000008549e-01
-1.600000000000002254e-01
-1.699999999999995959e-01
-1.800000000000001044e-01
-1.900000000000006128e-01
-2.000000000000000111e-01
-2.100000000000005196e-01
-2.199999999999998901e-01
-2.300000000000003986e-01
-2.399999999999997691e-01
-2.500000000000002776e-01
-2.599999999999996758e-01
-2.700000000000001843e-01
-2.800000000000006928e-01
-2.900000000000000355e-01
-2.999999999999994338e-01
-3.099999999999999423e-01
-3.200000000000004508e-01
-3.299999999999998490e-01
-3.400000000000003575e-01
-3.500000000000008660e-01
-3.600000000000002087e-01
-3.699999999999996070e-01
-3.800000000000001155e-01
-3.899999999999995137e-01
-4.000000000000000222e-01
-4.100000000000005307e-01
-4.199999999999998734e-01
-4.299999999999992717e-01
-4.400000000000008904e-01
-4.500000000000002887e-01
-4.599999999999996869e-01
-4.700000000000001954e-01
-4.800000000000007039e-01
-4.900000000000000466e-01
-4.999999999999994449e-01
-5.099999999999998979e-01
-5.200000000000004619e-01
-5.299999999999998046e-01
-5.400000000000003686e-01
-5.499999999999997113e-01
-5.600000000000002753e-01
-5.700000000000007283e-01
-5.800000000000000711e-01
-5.899999999999995248e-01
-5.999999999999999778e-01
-6.100000000000005418e-01
-6.199999999999998845e-01
-6.300000000000004485e-01
-6.399999999999997913e-01
-6.500000000000002442e-01
-6.599999999999996980e-01
-6.700000000000001510e-01
-6.799999999999994937e-01
-6.900000000000000577e-01
-7.000000000000005107e-01
-7.099999999999999645e-01
-7.199999999999993072e-01
-7.300000000000009814e-01
-7.400000000000003242e-01
-7.499999999999996669e-01
-7.600000000000002309e-01
-7.700000000000006839e-01
-7.800000000000001377e-01
-7.899999999999994804e-01
-8.000000000000000444e-01
-8.100000000000004974e-01
-8.199999999999998401e-01
-8.300000000000004041e-01
-8.399999999999997469e-01
-8.500000000000003109e-01
-8.600000000000007638e-01
-8.700000000000002176e-01
-8.799999999999995604e-01
-8.900000000000000133e-01
-9.000000000000005773e-01
-9.099999999999999201e-01
-9.200000000000004841e-01
-9.299999999999998268e-01
-9.400000000000003908e-01
-9.499999999999997335e-01
-9.600000000000001865e-01
-9.699999999999996403e-01
-9.800000000000000933e-01
-9.900000000000006573e-01
