-1.000000000000000000e+00
-9.799999999999999822e-01
-9.599999999999999645e-01
-9.399999999999999467e-01
-9.200000000000000400e-01
-9.000000000000000222e-01
-8.800000000000000044e-01
-8.599999999999999867e-01
-8.399999999999999689e-01
-8.200000000000000622e-01
-8.000000000000000444e-01
-7.800000000000000266e-01
-7.600000000000000089e-01
-7.399999999999999911e-01
-7.199999999999999734e-01
-6.999999999999999556e-01
-6.799999999999999378e-01
-6.599999999999999201e-01
-6.400000000000000133e-01
-6.200000000000001066e-01
-5.999999999999999778e-01
-5.800000000000000711e-01
-5.600000000000000533e-01
-5.400000000000000355e-01
-5.200000000000000178e-01
-5.000000000000000000e-01
-4.799999999999999822e-01
-4.599999999999999645e-01
-4.399999999999999467e-01
-4.200000000000000400e-01
-4.000000000000000222e-01
-3.800000000000000044e-01
-3.599999999999999867e-01
-3.399999999999999689e-01
-3.199999999999998401e-01
-3.000000000000000444e-01
-2.800000000000000266e-01
-2.599999999999998979e-01
-2.400000000000001021e-01
-2.199999999999999734e-01
-1.999999999999999556e-01
-1.799999999999999378e-01
-1.600000000000000311e-01
-1.400000000000000133e-01
-1.199999999999999956e-01
-9.999999999999997780e-02
-7.999999999999996003e-02
-5.999999999999994227e-02
-4.000000000000003553e-02
-2.000000000000001776e-02
0.000000000000000000e+00
2.000000000000001776e-02
4.000000000000003553e-02
6.000000000000005329e-02
8.000000000000007105e-02
1.000000000000000888e-01
1.200000000000001066e-01
1.400000000000001243e-01
1.599999999999999201e-01
1.799999999999999378e-01
1.999999999999999556e-01
2.199999999999999734e-01
2.399999999999999911e-01
2.600000000000000089e-01
2.800000000000000266e-01
3.000000000000000444e-01
3.200000000000000622e-01
3.400000000000000799e-01
3.600000000000003197e-01
3.800000000000001155e-01
3.999999999999999112e-01
4.199999999999999289e-01
4.399999999999999467e-01
4.599999999999999645e-01
4.800000000000002043e-01
5.000000000000000000e-01
5.199999999999997957e-01
5.400000000000000355e-01
5.600000000000000533e-01
5.800000000000000711e-01
6.000000000000000888e-01
6.200000000000001066e-01
6.400000000000001243e-01
6.600000000000001421e-01
6.799999999999999378e-01
6.999999999999999556e-01
7.199999999999999734e-01
7.399999999999999911e-01
7.600000000000000089e-01
7.800000000000000266e-01
8.000000000000000444e-01
8.200000000000000622e-01
8.400000000000000799e-01
8.600000000000003197e-01
8.800000000000001155e-01
8.999999999999999112e-01
9.199999999999999289e-01
9.399999999999999467e-01
9.599999999999999645e-01
9.800000000000002043e-01
1.000000000000000000e+00
9.800000000000000933e-01
9.599999999999999645e-01
9.400000000000000577e-01
9.199999999999999289e-01
9.000000000000000222e-01
8.799999999999997824e-01
8.599999999999999867e-01
8.399999999999997469e-01
8.199999999999998401e-01
7.999999999999997113e-01
7.799999999999998046e-01
7.599999999999996758e-01
7.399999999999997691e-01
7.199999999999998623e-01
6.999999999999997335e-01
6.800000000000001599e-01
6.600000000000002531e-01
6.400000000000000133e-01
6.200000000000002176e-01
5.999999999999999778e-01
5.800000000000000711e-01
5.599999999999999423e-01
5.400000000000000355e-01
5.199999999999999067e-01
5.000000000000000000e-01
4.800000000000000933e-01
4.599999999999999645e-01
4.399999999999997802e-01
4.199999999999998734e-01
4.000000000000000222e-01
3.800000000000001155e-01
3.599999999999996536e-01
3.399999999999997469e-01
3.199999999999998956e-01
2.999999999999999889e-01
2.799999999999995270e-01
2.599999999999996758e-01
2.399999999999997691e-01
2.199999999999998901e-01
2.000000000000000111e-01
1.800000000000001044e-01
1.600000000000002254e-01
1.400000000000003464e-01
1.199999999999998845e-01
1.000000000000000056e-01
8.000000000000011269e-02
6.000000000000022676e-02
3.999999999999977185e-02
1.999999999999988592e-02
0.000000000000000000e+00
-1.999999999999988592e-02
-3.999999999999977185e-02
-6.000000000000022676e-02
-8.000000000000011269e-02
-1.000000000000000056e-01
-1.199999999999998845e-01
-1.400000000000003464e-01
-1.600000000000002254e-01
-1.800000000000001044e-01
-2.000000000000000111e-01
-2.200000000000004452e-01
-2.400000000000003519e-01
-2.600000000000002309e-01
-2.800000000000001377e-01
-2.999999999999999889e-01
-3.200000000000004508e-01
-3.399999999999997469e-01
-3.599999999999996536e-01
-3.800000000000001155e-01
-4.000000000000000222e-01
-4.199999999999998734e-01
-4.399999999999997802e-01
-4.600000000000002420e-01
-4.800000000000000933e-01
-5.000000000000000000e-01
-5.199999999999999067e-01
-5.399999999999998135e-01
-5.600000000000002753e-01
-5.800000000000000711e-01
-5.999999999999999778e-01
-6.199999999999998845e-01
-6.400000000000003464e-01
-6.600000000000002531e-01
-6.800000000000001599e-01
-6.999999999999999556e-01
-7.200000000000004174e-01
-7.400000000000003242e-01
-7.600000000000002309e-01
-7.800000000000001377e-01
-8.000000000000000444e-01
-8.200000000000005063e-01
-8.399999999999997469e-01
-8.599999999999996536e-01
-8.800000000000001155e-01
-9.000000000000000222e-01
-9.199999999999999289e-01
-9.399999999999997247e-01
-9.600000000000001865e-01
-9.800000000000000933e-01
-1.000000000000000000e+00
-9.799999999999995381e-01
-9.600000000000001865e-01
-9.399999999999997247e-01
-9.199999999999999289e-01
-9.000000000000005773e-01
-8.800000000000001155e-01
-8.600000000000002087e-01
-8.399999999999997469e-01
-8.200000000000005063e-01
-8.000000000000000444e-01
-7.800000000000001377e-01
-7.599999999999996758e-01
-7.400000000000003242e-01
-7.199999999999998623e-01
-6.999999999999999556e-01
-6.799999999999994937e-01
-6.600000000000002531e-01
-6.399999999999997913e-01
-6.199999999999998845e-01
-5.999999999999994227e-01
-5.800000000000000711e-01
-5.599999999999996092e-01
-5.399999999999998135e-01
-5.199999999999993516e-01
-5.000000000000000000e-01
-4.799999999999995381e-01
-4.600000000000001865e-01
-4.399999999999997247e-01
-4.199999999999999289e-01
-3.999999999999994671e-01
-3.800000000000001155e-01
-3.600000000000002087e-01
-3.399999999999997469e-01
-3.200000000000005063e-01
-3.000000000000000444e-01
-2.800000000000001377e-01
-2.599999999999996758e-01
-2.400000000000003242e-01
-2.199999999999998623e-01
-1.999999999999999556e-01
-1.799999999999994937e-01
-1.600000000000002531e-01
-1.399999999999997913e-01
-1.199999999999998845e-01
-9.999999999999942268e-02
-8.000000000000007105e-02
-5.999999999999960920e-02
-3.999999999999981348e-02
-1.999999999999935163e-02
0.000000000000000000e+00
2.000000000000046185e-02
3.999999999999981348e-02
6.000000000000027534e-02
8.000000000000007105e-02
1.000000000000005329e-01
1.200000000000005507e-01
1.399999999999992362e-01
1.600000000000001421e-01
1.800000000000001599e-01
1.999999999999999556e-01
2.199999999999999734e-01
2.399999999999997691e-01
2.599999999999995648e-01
2.800000000000006928e-01
2.999999999999993783e-01
3.200000000000005063e-01
3.400000000000003020e-01
3.600000000000003197e-01
3.800000000000001155e-01
3.999999999999999112e-01
4.199999999999999289e-01
4.400000000000008349e-01
4.599999999999997424e-01
4.800000000000006484e-01
4.999999999999993339e-01
5.200000000000004619e-01
5.400000000000002576e-01
5.600000000000002753e-01
5.800000000000000711e-01
6.000000000000000888e-01
6.199999999999998845e-01
6.399999999999996803e-01
6.599999999999996980e-01
6.799999999999994937e-01
7.000000000000006217e-01
7.199999999999993072e-01
7.400000000000004352e-01
7.600000000000002309e-01
7.800000000000000266e-01
8.000000000000000444e-01
8.199999999999998401e-01
8.399999999999998579e-01
8.600000000000007638e-01
8.799999999999994493e-01
9.000000000000005773e-01
9.200000000000003730e-01
9.400000000000003908e-01
9.600000000000001865e-01
9.800000000000002043e-01
1.000000000000000000e+00
9.799999999999989830e-01
9.600000000000001865e-01
9.399999999999991696e-01
9.200000000000004841e-01
8.999999999999994671e-01
8.799999999999995604e-01
8.599999999999996536e-01
8.399999999999997469e-01
8.199999999999998401e-01
8.000000000000000444e-01
7.800000000000001377e-01
7.600000000000002309e-01
7.400000000000003242e-01
7.199999999999993072e-01
7.000000000000005107e-01
6.799999999999994937e-01
6.599999999999996980e-01
6.399999999999997913e-01
6.199999999999998845e-01
5.999999999999999778e-01
5.800000000000000711e-01
5.599999999999990541e-01
5.400000000000003686e-01
5.199999999999993516e-01
4.999999999999994449e-01
4.799999999999995381e-01
4.599999999999996869e-01
4.399999999999997802e-01
4.199999999999998734e-01
4.000000000000000222e-01
3.800000000000001155e-01
3.599999999999990985e-01
3.400000000000003575e-01
3.200000000000004508e-01
2.999999999999994338e-01
2.800000000000006928e-01
2.599999999999996758e-01
2.399999999999997691e-01
2.199999999999998901e-01
2.000000000000000111e-01
1.800000000000001044e-01
1.600000000000002254e-01
1.399999999999992084e-01
1.200000000000004535e-01
9.999999999999943656e-02
7.999999999999954370e-02
5.999999999999965777e-02
3.999999999999977185e-02
1.999999999999988592e-02
0.000000000000000000e+00
-2.000000000000101696e-02
-3.999999999999977185e-02
-6.000000000000078881e-02
-7.999999999999954370e-02
-1.000000000000005607e-01
-1.200000000000004535e-01
-1.400000000000003464e-01
-1.600000000000002254e-01
-1.800000000000001044e-01
-2.000000000000000111e-01
-2.199999999999998901e-01
-2.399999999999997691e-01
-2.599999999999996758e-01
-2.800000000000006928e-01
-2.999999999999994338e-01
-3.200000000000004508e-01
-3.400000000000003575e-01
-3.600000000000002087e-01
-3.800000000000001155e-01
-4.000000000000000222e-01
-4.199999999999998734e-01
-4.400000000000008904e-01
-4.599999999999996869e-01
-4.800000000000007039e-01
-4.999999999999994449e-01
-5.200000000000004619e-01
-5.400000000000003686e-01
-5.600000000000002753e-01
-5.800000000000000711e-01
-5.999999999999999778e-01
-6.199999999999998845e-01
-6.400000000000009015e-01
-6.599999999999996980e-01
-6.799999999999994937e-01
-7.000000000000005107e-01
-7.199999999999993072e-01
-7.400000000000003242e-01
-7.600000000000002309e-01
-7.800000000000001377e-01
-8.000000000000000444e-01
-8.199999999999998401e-01
-8.399999999999997469e-01
-8.600000000000007638e-01
-8.799999999999995604e-01
-9.000000000000005773e-01
-9.200000000000004841e-01
-9.400000000000003908e-01
-9.600000000000001865e-01
-9.800000000000000933e-01
-1.000000000000000000e+00
-9.800000000000000933e-01
-9.599999999999990763e-01
-9.399999999999991696e-01
-9.200000000000004841e-01
-9.000000000000005773e-01
-8.799999999999995604e-01
-8.599999999999996536e-01
-8.399999999999997469e-01
-8.199999999999998401e-01
-8.000000000000011546e-01
-7.799999999999989164e-01
-7.600000000000002309e-01
-7.400000000000003242e-01
-7.200000000000004174e-01
-6.999999999999995115e-01
-6.799999999999994937e-01
-6.599999999999996980e-01
-6.400000000000009015e-01
-6.199999999999987743e-01
-5.999999999999999778e-01
-5.800000000000000711e-01
-5.600000000000002753e-01
-5.399999999999991473e-01
-5.199999999999993516e-01
-4.999999999999994449e-01
-4.800000000000006484e-01
-4.599999999999985212e-01
-4.399999999999997247e-01
-4.199999999999999289e-01
-4.000000000000000222e-01
-3.799999999999990052e-01
-3.599999999999990985e-01
-3.400000000000003020e-01
-3.200000000000005063e-01
-2.999999999999994893e-01
-2.799999999999995826e-01
-2.599999999999996758e-01
-2.399999999999997691e-01
-2.200000000000009726e-01
-1.999999999999988454e-01
-1.800000000000001599e-01
-1.600000000000002531e-01
-1.400000000000003464e-01
-1.199999999999993294e-01
-9.999999999999942268e-02
-7.999999999999951594e-02
-6.000000000000083045e-02
-3.999999999999859224e-02
-1.999999999999990674e-02
0.000000000000000000e+00
1.999999999999979572e-02
4.000000000000092371e-02
6.000000000000071942e-02
7.999999999999962697e-02
9.999999999999942268e-02
1.200000000000005507e-01
1.400000000000003464e-01
1.600000000000001421e-01
1.800000000000001599e-01
2.000000000000010658e-01
2.200000000000010836e-01
2.399999999999997691e-01
2.599999999999995648e-01
2.799999999999995826e-01
3.000000000000004885e-01
3.200000000000005063e-01
3.400000000000003020e-01
3.599999999999989875e-01
3.800000000000012257e-01
3.999999999999999112e-01
4.199999999999999289e-01
4.399999999999997247e-01
4.600000000000008527e-01
4.800000000000006484e-01
4.999999999999993339e-01
5.199999999999993516e-01
5.400000000000013678e-01
5.600000000000002753e-01
5.800000000000000711e-01
6.000000000000000888e-01
6.200000000000009948e-01
6.400000000000010125e-01
6.599999999999996980e-01
6.799999999999994937e-01
7.000000000000006217e-01
7.200000000000004174e-01
7.400000000000004352e-01
7.600000000000002309e-01
7.799999999999989164e-01
8.000000000000011546e-01
8.199999999999998401e-01
8.399999999999998579e-01
8.599999999999996536e-01
8.800000000000007816e-01
9.000000000000005773e-01
9.200000000000003730e-01
9.399999999999992806e-01
9.600000000000012967e-01
9.800000000000002043e-01
1.000000000000000000e+00
9.800000000000000933e-01
9.599999999999990763e-01
9.399999999999991696e-01
9.200000000000004841e-01
9.000000000000005773e-01
8.799999999999995604e-01
8.599999999999996536e-01
8.399999999999997469e-01
8.199999999999998401e-01
7.999999999999988232e-01
7.800000000000001377e-01
7.599999999999991207e-01
7.400000000000003242e-01
7.200000000000016387e-01
6.999999999999982903e-01
6.799999999999994937e-01
6.600000000000008082e-01
6.399999999999997913e-01
6.199999999999987743e-01
5.999999999999999778e-01
5.799999999999989608e-01
5.600000000000002753e-01
5.399999999999992584e-01
5.200000000000004619e-01
4.999999999999994449e-01
4.800000000000007039e-01
4.599999999999996869e-01
4.399999999999986700e-01
4.199999999999998734e-01
4.000000000000011324e-01
3.800000000000001155e-01
3.599999999999990985e-01
3.400000000000003575e-01
3.199999999999993405e-01
2.999999999999983236e-01
2.799999999999995270e-01
2.600000000000007860e-01
2.399999999999997691e-01
2.200000000000010281e-01
2.000000000000000111e-01
1.799999999999989941e-01
1.600000000000002254e-01
1.400000000000014566e-01
1.199999999999981914e-01
9.999999999999943656e-02
8.000000000000068168e-02
5.999999999999965777e-02
3.999999999999864081e-02
1.999999999999988592e-02
1.130863886742583770e-15
-1.999999999999988592e-02
-4.000000000000090289e-02
-5.999999999999965777e-02
-8.000000000000068168e-02
-9.999999999999943656e-02
-1.200000000000004535e-01
-1.400000000000014566e-01
-1.600000000000002254e-01
-1.799999999999989941e-01
-2.000000000000000111e-01
-2.200000000000010281e-01
-2.399999999999997691e-01
-2.600000000000007860e-01
-2.799999999999995270e-01
-3.000000000000005440e-01
-3.199999999999993405e-01
-3.400000000000003575e-01
-3.599999999999990985e-01
-3.800000000000001155e-01
-4.000000000000011324e-01
-4.199999999999998734e-01
-4.399999999999986700e-01
-4.600000000000019074e-01
-4.800000000000007039e-01
-4.999999999999994449e-01
-5.200000000000004619e-01
-5.400000000000014788e-01
-5.600000000000002753e-01
-5.799999999999989608e-01
-5.999999999999999778e-01
-6.200000000000009948e-01
-6.399999999999997913e-01
-6.600000000000008082e-01
-6.799999999999994937e-01
-7.000000000000005107e-01
-7.200000000000016387e-01
-7.400000000000003242e-01
-7.599999999999991207e-01
-7.800000000000001377e-01
-8.000000000000011546e-01
-8.199999999999998401e-01
-8.400000000000008571e-01
-8.599999999999996536e-01
-8.800000000000006706e-01
-8.999999999999994671e-01
-9.200000000000004841e-01
-9.399999999999991696e-01
-9.600000000000001865e-01
-9.800000000000012035e-01
