-1.000000000000000000e+00
-9.899999999999999911e-01
-9.799999999999999822e-01
-9.699999999999999734e-01
-9.599999999999999645e-01
-9.499999999999999556e-01
-9.399999999999999467e-01
-9.299999999999999378e-01
-9.200000000000000400e-01
-9.100000000000000311e-01
-9.000000000000000222e-01
-8.900000000000000133e-01
-8.800000000000000044e-01
-8.699999999999999956e-01
-8.599999999999999867e-01
-8.499999999999999778e-01
-8.399999999999999689e-01
-8.299999999999999600e-01
-8.200000000000000622e-01
-8.100000000000000533e-01
-8.000000000000000444e-01
-7.900000000000000355e-01
-7.800000000000000266e-01
-7.700000000000000178e-01
-7.600000000000000089e-01
-7.500000000000000000e-01
-7.399999999999999911e-01
-7.299999999999999822e-01
-7.199999999999999734e-01
-7.099999999999999645e-01
-6.999999999999999556e-01
-6.899999999999999467e-01
-6.799999999999999378e-01
-6.699999999999999289e-01
-6.599999999999999201e-01
-6.500000000000000222e-01
-6.400000000000000133e-01
-6.299999999999998934e-01
-6.200000000000001066e-01
-6.099999999999999867e-01
-5.999999999999999778e-01
-5.899999999999999689e-01
-5.800000000000000711e-01
-5.700000000000000622e-01
-5.600000000000000533e-01
-5.500000000000000444e-01
-5.400000000000000355e-01
-5.300000000000000266e-01
-5.200000000000000178e-01
-5.100000000000000089e-01
-5.000000000000000000e-01
-4.899999999999999911e-01
-4.799999999999999822e-01
-4.699999999999999734e-01
-4.599999999999999645e-01
-4.499999999999999556e-01
-4.399999999999999467e-01
-4.299999999999999378e-01
-4.200000000000000400e-01
-4.100000000000000311e-01
-4.000000000000000222e-01
-3.900000000000000133e-01
-3.800000000000000044e-01
-3.699999999999999956e-01
-3.599999999999999867e-01
-3.499999999999999778e-01
-3.399999999999999689e-01
-3.299999999999999600e-01
-3.199999999999998401e-01
-3.099999999999999423e-01
-3.000000000000000444e-01
-2.900000000000000355e-01
-2.800000000000000266e-01
-2.700000000000000178e-01
-2.599999999999998979e-01
-2.500000000000000000e-01
-2.400000000000001021e-01
-2.299999999999999822e-01
-2.199999999999999734e-01
-2.099999999999999645e-01
-1.999999999999999556e-01
-1.899999999999999467e-01
-1.799999999999999378e-01
-1.699999999999999289e-01
-1.600000000000000311e-01
-1.500000000000000222e-01
-1.400000000000000133e-01
-1.300000000000000044e-01
-1.199999999999999956e-01
-1.099999999999999867e-01
-9.999999999999997780e-02
-8.999999999999996891e-02
-7.999999999999996003e-02
-6.999999999999984013e-02
-5.999999999999994227e-02
-5.000000000000004441e-02
-4.000000000000003553e-02
-3.000000000000002665e-02
-2.000000000000001776e-02
-9.999999999999897859e-03
0.000000000000000000e+00
1.000000000000000888e-02
2.000000000000001776e-02
3.000000000000002665e-02
4.000000000000003553e-02
5.000000000000004441e-02
6.000000000000005329e-02
7.000000000000006217e-02
8.000000000000007105e-02
9.000000000000007994e-02
1.000000000000000888e-01
1.100000000000000977e-01
1.200000000000001066e-01
1.300000000000001155e-01
1.400000000000001243e-01
1.500000000000001332e-01
1.599999999999999201e-01
1.699999999999999289e-01
1.799999999999999378e-01
1.899999999999999467e-01
1.999999999999999556e-01
2.099999999999999645e-01
2.199999999999999734e-01
2.299999999999999822e-01
2.399999999999999911e-01
2.500000000000000000e-01
2.600000000000000089e-01
2.700000000000000178e-01
2.800000000000000266e-01
2.900000000000000355e-01
3.000000000000000444e-01
3.100000000000000533e-01
3.200000000000000622e-01
3.300000000000000711e-01
3.400000000000000799e-01
3.500000000000000888e-01
3.600000000000003197e-01
3.700000000000001066e-01
3.800000000000001155e-01
3.900000000000001243e-01
3.999999999999999112e-01
4.099999999999999201e-01
4.199999999999999289e-01
4.299999999999999378e-01
4.399999999999999467e-01
4.499999999999999556e-01
4.599999999999999645e-01
4.699999999999999734e-01
4.800000000000002043e-01
4.899999999999999911e-01
5.000000000000000000e-01
5.100000000000000089e-01
5.199999999999997957e-01
5.300000000000000266e-01
5.400000000000000355e-01
5.500000000000000444e-01
5.600000000000000533e-01
5.700000000000000622e-01
5.800000000000000711e-01
5.900000000000000799e-01
6.000000000000000888e-01
6.100000000000003197e-01
6.200000000000001066e-01
6.300000000000001155e-01
6.400000000000001243e-01
6.499999999999999112e-01
6.600000000000001421e-01
6.699999999999999289e-01
6.799999999999999378e-01
6.899999999999999467e-01
6.999999999999999556e-01
7.099999999999999645e-01
7.199999999999999734e-01
7.300000000000002043e-01
7.399999999999999911e-01
7.500000000000000000e-01
7.600000000000000089e-01
7.699999999999997957e-01
7.800000000000000266e-01
7.900000000000000355e-01
8.000000000000000444e-01
8.100000000000000533e-01
8.200000000000000622e-01
8.300000000000000711e-01
8.400000000000000799e-01
8.500000000000000888e-01
8.600000000000003197e-01
8.700000000000001066e-01
8.800000000000001155e-01
8.900000000000001243e-01
8.999999999999999112e-01
9.100000000000001421e-01
9.199999999999999289e-01
9.299999999999999378e-01
9.399999999999999467e-01
9.499999999999999556e-01
9.599999999999999645e-01
9.699999999999999734e-01
9.800000000000002043e-01
9.899999999999999911e-01
-1.000000000000000000e+00
-9.899999999999997691e-01
-9.800000000000000933e-01
-9.699999999999998623e-01
-9.599999999999999645e-01
-9.500000000000002887e-01
-9.400000000000000577e-01
-9.300000000000001599e-01
-9.199999999999999289e-01
-9.100000000000002531e-01
-9.000000000000000222e-01
-8.900000000000000133e-01
-8.799999999999997824e-01
-8.700000000000001066e-01
-8.599999999999998757e-01
-8.499999999999999778e-01
-8.399999999999997469e-01
-8.300000000000000711e-01
-8.199999999999998401e-01
-8.099999999999999423e-01
-7.999999999999997113e-01
-7.900000000000000355e-01
-7.799999999999998046e-01
-7.699999999999999067e-01
-7.599999999999996758e-01
-7.500000000000000000e-01
-7.399999999999997691e-01
-7.300000000000000933e-01
-7.199999999999998623e-01
-7.099999999999999645e-01
-6.999999999999997335e-01
-6.900000000000000577e-01
-6.800000000000001599e-01
-6.699999999999999289e-01
-6.600000000000002531e-01
-6.500000000000000222e-01
-6.400000000000001243e-01
-6.299999999999998934e-01
-6.200000000000001066e-01
-6.099999999999998757e-01
-5.999999999999999778e-01
-5.899999999999997469e-01
-5.800000000000000711e-01
-5.699999999999998401e-01
-5.599999999999999423e-01
-5.499999999999997113e-01
-5.400000000000000355e-01
-5.299999999999998046e-01
-5.199999999999999067e-01
-5.099999999999996758e-01
-5.000000000000000000e-01
-4.899999999999997691e-01
-4.800000000000000933e-01
-4.699999999999998623e-01
-4.599999999999999645e-01
-4.499999999999997335e-01
-4.399999999999997247e-01
-4.300000000000003819e-01
-4.199999999999999289e-01
-4.099999999999999201e-01
-4.000000000000000222e-01
-3.900000000000000133e-01
-3.800000000000001155e-01
-3.700000000000002176e-01
-3.599999999999996536e-01
-3.500000000000003109e-01
-3.399999999999997469e-01
-3.299999999999998490e-01
-3.199999999999998401e-01
-3.099999999999999423e-01
-3.000000000000000444e-01
-2.900000000000000355e-01
-2.799999999999995826e-01
-2.700000000000001288e-01
-2.599999999999996758e-01
-2.500000000000003331e-01
-2.399999999999997691e-01
-2.299999999999998712e-01
-2.199999999999998623e-01
-2.099999999999999645e-01
-1.999999999999999556e-01
-1.900000000000000577e-01
-1.800000000000001599e-01
-1.700000000000001510e-01
-1.600000000000002531e-01
-1.499999999999996891e-01
-1.400000000000003464e-01
-1.299999999999997824e-01
-1.199999999999998845e-01
-1.099999999999999867e-01
-9.999999999999997780e-02
-9.000000000000007994e-02
-8.000000000000007105e-02
-6.999999999999961808e-02
-6.000000000000027534e-02
-4.999999999999971134e-02
-3.999999999999981348e-02
-2.999999999999980460e-02
-1.999999999999990674e-02
-9.999999999999897859e-03
0.000000000000000000e+00
1.000000000000045297e-02
1.999999999999979572e-02
3.000000000000047073e-02
3.999999999999981348e-02
5.000000000000026645e-02
6.000000000000027534e-02
7.000000000000006217e-02
8.000000000000007105e-02
9.000000000000007994e-02
1.000000000000000888e-01
1.099999999999998757e-01
1.199999999999998845e-01
1.299999999999998934e-01
1.400000000000003464e-01
1.499999999999996891e-01
1.600000000000001421e-01
1.700000000000001510e-01
1.800000000000001599e-01
1.899999999999999467e-01
1.999999999999999556e-01
2.099999999999999645e-01
2.200000000000004174e-01
2.299999999999997602e-01
2.400000000000004352e-01
2.500000000000002220e-01
2.600000000000002309e-01
2.700000000000002398e-01
2.800000000000000266e-01
2.900000000000000355e-01
3.000000000000000444e-01
3.100000000000000533e-01
3.200000000000005063e-01
3.299999999999998490e-01
3.399999999999998579e-01
3.500000000000003109e-01
3.599999999999996536e-01
3.700000000000001066e-01
3.800000000000001155e-01
3.900000000000001243e-01
3.999999999999999112e-01
4.099999999999999201e-01
4.199999999999999289e-01
4.300000000000003819e-01
4.399999999999997247e-01
4.500000000000001776e-01
4.600000000000001865e-01
4.700000000000001954e-01
4.800000000000002043e-01
4.899999999999999911e-01
5.000000000000000000e-01
5.100000000000004530e-01
5.199999999999997957e-01
5.300000000000004707e-01
5.399999999999998135e-01
5.500000000000002665e-01
5.600000000000002753e-01
5.700000000000000622e-01
5.800000000000000711e-01
5.900000000000000799e-01
6.000000000000000888e-01
6.099999999999998757e-01
6.199999999999998845e-01
6.299999999999998934e-01
6.400000000000003464e-01
6.499999999999996891e-01
6.600000000000001421e-01
6.700000000000001510e-01
6.800000000000001599e-01
6.899999999999999467e-01
6.999999999999999556e-01
7.099999999999999645e-01
7.200000000000004174e-01
7.299999999999997602e-01
7.400000000000004352e-01
7.499999999999997780e-01
7.600000000000002309e-01
7.700000000000002398e-01
7.800000000000000266e-01
7.900000000000000355e-01
8.000000000000000444e-01
8.100000000000000533e-01
8.200000000000005063e-01
8.299999999999998490e-01
8.399999999999998579e-01
8.500000000000003109e-01
8.599999999999996536e-01
8.700000000000001066e-01
8.800000000000001155e-01
8.900000000000001243e-01
8.999999999999999112e-01
9.099999999999999201e-01
9.199999999999999289e-01
9.300000000000003819e-01
9.399999999999997247e-01
9.500000000000001776e-01
9.600000000000001865e-01
9.700000000000001954e-01
9.800000000000002043e-01
9.899999999999999911e-01
-1.000000000000000000e+00
-9.900000000000001021e-01
-9.799999999999995381e-01
-9.699999999999996403e-01
-9.600000000000001865e-01
-9.500000000000002887e-01
-9.399999999999997247e-01
-9.299999999999998268e-01
-9.199999999999999289e-01
-9.099999999999999201e-01
-9.000000000000005773e-01
-8.899999999999994582e-01
-8.800000000000001155e-01
-8.700000000000001066e-01
-8.600000000000002087e-01
-8.499999999999997558e-01
-8.399999999999997469e-01
-8.299999999999998490e-01
-8.200000000000005063e-01
-8.099999999999993872e-01
-8.000000000000000444e-01
-7.900000000000000355e-01
-7.800000000000001377e-01
-7.699999999999995737e-01
-7.599999999999996758e-01
-7.499999999999997780e-01
-7.400000000000003242e-01
-7.299999999999993161e-01
-7.199999999999998623e-01
-7.099999999999999645e-01
-6.999999999999999556e-01
-6.899999999999995026e-01
-6.799999999999994937e-01
-6.700000000000001510e-01
-6.600000000000002531e-01
-6.499999999999996891e-01
-6.399999999999997913e-01
-6.299999999999998934e-01
-6.199999999999998845e-01
-6.100000000000005418e-01
-5.999999999999994227e-01
-5.900000000000000799e-01
-5.800000000000000711e-01
-5.700000000000001732e-01
-5.599999999999996092e-01
-5.499999999999997113e-01
-5.399999999999998135e-01
-5.300000000000004707e-01
-5.199999999999993516e-01
-5.100000000000000089e-01
-5.000000000000000000e-01
-4.900000000000001021e-01
-4.799999999999995381e-01
-4.699999999999996403e-01
-4.600000000000001865e-01
-4.500000000000002887e-01
-4.399999999999997247e-01
-4.299999999999998268e-01
-4.199999999999999289e-01
-4.099999999999999201e-01
-3.999999999999994671e-01
-3.899999999999994582e-01
-3.800000000000001155e-01
-3.700000000000002176e-01
-3.600000000000002087e-01
-3.499999999999997558e-01
-3.399999999999997469e-01
-3.299999999999998490e-01
-3.200000000000005063e-01
-3.099999999999993872e-01
-3.000000000000000444e-01
-2.900000000000000355e-01
-2.800000000000001377e-01
-2.699999999999995737e-01
-2.599999999999996758e-01
-2.500000000000003331e-01
-2.400000000000003242e-01
-2.299999999999993161e-01
-2.199999999999998623e-01
-2.099999999999999645e-01
-1.999999999999999556e-01
-1.899999999999995026e-01
-1.799999999999994937e-01
-1.700000000000001510e-01
-1.600000000000002531e-01
-1.499999999999996891e-01
-1.399999999999997913e-01
-1.299999999999997824e-01
-1.199999999999998845e-01
-1.100000000000005418e-01
-9.999999999999942268e-02
-9.000000000000007994e-02
-8.000000000000007105e-02
-7.000000000000017319e-02
-5.999999999999960920e-02
-4.999999999999971134e-02
-3.999999999999981348e-02
-3.000000000000035971e-02
-1.999999999999935163e-02
-9.999999999999897859e-03
0.000000000000000000e+00
1.000000000000000888e-02
2.000000000000046185e-02
3.000000000000047073e-02
3.999999999999981348e-02
4.999999999999982236e-02
6.000000000000027534e-02
7.000000000000006217e-02
8.000000000000007105e-02
9.000000000000007994e-02
1.000000000000005329e-01
1.099999999999998757e-01
1.200000000000005507e-01
1.299999999999998934e-01
1.399999999999992362e-01
1.500000000000007994e-01
1.600000000000001421e-01
1.699999999999997069e-01
1.800000000000001599e-01
1.900000000000006128e-01
1.999999999999999556e-01
2.100000000000004086e-01
2.199999999999999734e-01
2.300000000000004263e-01
2.399999999999997691e-01
2.500000000000002220e-01
2.599999999999995648e-01
2.700000000000002398e-01
2.800000000000006928e-01
2.900000000000000355e-01
2.999999999999993783e-01
3.100000000000000533e-01
3.200000000000005063e-01
3.299999999999998490e-01
3.400000000000003020e-01
3.500000000000007550e-01
3.600000000000003197e-01
3.699999999999996625e-01
3.800000000000001155e-01
3.899999999999994582e-01
3.999999999999999112e-01
4.100000000000005862e-01
4.199999999999999289e-01
4.299999999999992717e-01
4.400000000000008349e-01
4.500000000000001776e-01
4.599999999999997424e-01
4.700000000000001954e-01
4.800000000000006484e-01
4.899999999999999911e-01
4.999999999999993339e-01
5.100000000000000089e-01
5.200000000000004619e-01
5.299999999999998046e-01
5.400000000000002576e-01
5.499999999999998224e-01
5.600000000000002753e-01
5.700000000000007283e-01
5.800000000000000711e-01
5.899999999999994138e-01
6.000000000000000888e-01
6.100000000000005418e-01
6.199999999999998845e-01
6.300000000000003375e-01
6.399999999999996803e-01
6.500000000000003553e-01
6.599999999999996980e-01
6.700000000000001510e-01
6.799999999999994937e-01
6.899999999999999467e-01
7.000000000000006217e-01
7.099999999999999645e-01
7.199999999999993072e-01
7.300000000000008704e-01
7.400000000000004352e-01
7.499999999999997780e-01
7.600000000000002309e-01
7.700000000000006839e-01
7.800000000000000266e-01
7.899999999999995914e-01
8.000000000000000444e-01
8.100000000000004974e-01
8.199999999999998401e-01
8.300000000000002931e-01
8.399999999999998579e-01
8.500000000000003109e-01
8.600000000000007638e-01
8.700000000000001066e-01
8.799999999999994493e-01
8.900000000000001243e-01
9.000000000000005773e-01
9.099999999999999201e-01
9.200000000000003730e-01
9.299999999999999378e-01
9.400000000000003908e-01
9.499999999999997335e-01
9.600000000000001865e-01
9.699999999999995293e-01
9.800000000000002043e-01
9.900000000000006573e-01
