0.000000000000000000e+00
3.141592653589793394e-02
6.283185307179586787e-02
9.424777960769378793e-02
1.256637061435917357e-01
1.570796326794896558e-01
1.884955592153875759e-01
2.199114857512855514e-01
2.513274122871834715e-01
2.827433388230813915e-01
3.141592653589793116e-01
3.455751918948772317e-01
3.769911184307751517e-01
4.084070449666731273e-01
4.398229715025711029e-01
4.712388980384689674e-01
5.026548245743669430e-01
5.340707511102649185e-01
5.654866776461627831e-01
5.969026041820606476e-01
6.283185307179586232e-01
6.597344572538564877e-01
6.911503837897544633e-01
7.225663103256524389e-01
7.539822368615503034e-01
7.853981633974482790e-01
8.168140899333462546e-01
8.482300164692442301e-01
8.796459430051422057e-01
9.110618695410399592e-01
9.424777960769379348e-01
9.738937226128359104e-01
1.005309649148733886e+00
1.036725575684631862e+00
1.068141502220529837e+00
1.099557428756427591e+00
1.130973355292325566e+00
1.162389281828223542e+00
1.193805208364121295e+00
1.225221134900019271e+00
1.256637061435917246e+00
1.288052987971815222e+00
1.319468914507712975e+00
1.350884841043610951e+00
1.382300767579508927e+00
1.413716694115406902e+00
1.445132620651304878e+00
1.476548547187202853e+00
1.507964473723100607e+00
1.539380400258998582e+00
1.570796326794896558e+00
1.602212253330794534e+00
1.633628179866692509e+00
1.665044106402590485e+00
1.696460032938488460e+00
1.727875959474386436e+00
1.759291886010284411e+00
1.790707812546182165e+00
1.822123739082079918e+00
1.853539665617977894e+00
1.884955592153875870e+00
1.916371518689773845e+00
1.947787445225671821e+00
1.979203371761569574e+00
2.010619298297467772e+00
2.042035224833365525e+00
2.073451151369263723e+00
2.104867077905161477e+00
2.136283004441059674e+00
2.167698930976957428e+00
2.199114857512855181e+00
2.230530784048752935e+00
2.261946710584651132e+00
2.293362637120548886e+00
2.324778563656447083e+00
2.356194490192344837e+00
2.387610416728242591e+00
2.419026343264140788e+00
2.450442269800038542e+00
2.481858196335936739e+00
2.513274122871834493e+00
2.544690049407732690e+00
2.576105975943630444e+00
2.607521902479528642e+00
2.638937829015425951e+00
2.670353755551324149e+00
2.701769682087221902e+00
2.733185608623120100e+00
2.764601535159017853e+00
2.796017461694916051e+00
2.827433388230813804e+00
2.858849314766712002e+00
2.890265241302609756e+00
2.921681167838507953e+00
2.953097094374405707e+00
2.984513020910303460e+00
3.015928947446201214e+00
3.047344873982099411e+00
3.078760800517997165e+00
3.110176727053895362e+00
3.141592653589793116e+00
3.173008580125690870e+00
3.204424506661589067e+00
3.235840433197486821e+00
3.267256359733385018e+00
3.298672286269282772e+00
3.330088212805180969e+00
3.361504139341078723e+00
3.392920065876976921e+00
3.424335992412874674e+00
3.455751918948772872e+00
3.487167845484670625e+00
3.518583772020568823e+00
3.549999698556466576e+00
3.581415625092364330e+00
3.612831551628262527e+00
3.644247478164159837e+00
3.675663404700057590e+00
3.707079331235955788e+00
3.738495257771853542e+00
3.769911184307751739e+00
3.801327110843649493e+00
3.832743037379547690e+00
3.864158963915445444e+00
3.895574890451343641e+00
3.926990816987241395e+00
3.958406743523139149e+00
3.989822670059037346e+00
4.021238596594935544e+00
4.052654523130833297e+00
4.084070449666731051e+00
4.115486376202628804e+00
4.146902302738527446e+00
4.178318229274425200e+00
4.209734155810322953e+00
4.241150082346220707e+00
4.272566008882119348e+00
4.303981935418017102e+00
4.335397861953914855e+00
4.366813788489812609e+00
4.398229715025710362e+00
4.429645641561608116e+00
4.461061568097505869e+00
4.492477494633403623e+00
4.523893421169302265e+00
4.555309347705200018e+00
4.586725274241097772e+00
4.618141200776995525e+00
4.649557127312894167e+00
4.680973053848791920e+00
4.712388980384689674e+00
4.743804906920587428e+00
4.775220833456485181e+00
4.806636759992383823e+00
4.838052686528281576e+00
4.869468613064179330e+00
4.900884539600077083e+00
4.932300466135975725e+00
4.963716392671873479e+00
4.995132319207771232e+00
5.026548245743668986e+00
5.057964172279567627e+00
5.089380098815465381e+00
5.120796025351363134e+00
5.152211951887260888e+00
5.183627878423158641e+00
5.215043804959057283e+00
5.246459731494954148e+00
5.277875658030851902e+00
5.309291584566750544e+00
5.340707511102648297e+00
5.372123437638546051e+00
5.403539364174443804e+00
5.434955290710342446e+00
5.466371217246240199e+00
5.497787143782137953e+00
5.529203070318035707e+00
5.560618996853933460e+00
5.592034923389832102e+00
5.623450849925729855e+00
5.654866776461627609e+00
5.686282702997525362e+00
5.717698629533424004e+00
5.749114556069321758e+00
5.780530482605219511e+00
5.811946409141117265e+00
5.843362335677015906e+00
5.874778262212913660e+00
5.906194188748811413e+00
5.937610115284709167e+00
5.969026041820606920e+00
6.000441968356505562e+00
6.031857894892402427e+00
6.063273821428300181e+00
6.094689747964198823e+00
6.126105674500096576e+00
6.157521601035994330e+00
6.188937527571892083e+00
6.220353454107790725e+00
6.251769380643688478e+00
6.283185307179586232e+00
6.314601233715484874e+00
6.346017160251381739e+00
6.377433086787280381e+00
6.408849013323178134e+00
6.440264939859075000e+00
6.471680866394973641e+00
6.503096792930871395e+00
6.534512719466770037e+00
6.565928646002666902e+00
6.597344572538565544e+00
6.628760499074463297e+00
6.660176425610361939e+00
6.691592352146258804e+00
6.723008278682157446e+00
6.754424205218055199e+00
6.785840131753953841e+00
6.817256058289850706e+00
6.848671984825749348e+00
6.880087911361647102e+00
6.911503837897545743e+00
6.942919764433442609e+00
6.974335690969341250e+00
7.005751617505239004e+00
7.037167544041137646e+00
7.068583470577034511e+00
7.099999397112933153e+00
7.131415323648830018e+00
7.162831250184728660e+00
7.194247176720626413e+00
7.225663103256525055e+00
7.257079029792421920e+00
7.288494956328319674e+00
7.319910882864218316e+00
7.351326809400115181e+00
7.382742735936013823e+00
7.414158662471911576e+00
7.445574589007810218e+00
7.476990515543707083e+00
7.508406442079605725e+00
7.539822368615503478e+00
7.571238295151402120e+00
7.602654221687298985e+00
7.634070148223197627e+00
7.665486074759095381e+00
7.696902001294994022e+00
7.728317927830890888e+00
7.759733854366789529e+00
7.791149780902687283e+00
7.822565707438585925e+00
7.853981633974482790e+00
7.885397560510381432e+00
7.916813487046278297e+00
7.948229413582176939e+00
7.979645340118074692e+00
8.011061266653973334e+00
8.042477193189871087e+00
8.073893119725767065e+00
8.105309046261666595e+00
8.136724972797564348e+00
8.168140899333462102e+00
8.199556825869359855e+00
8.230972752405257609e+00
8.262388678941155362e+00
8.293804605477054892e+00
8.325220532012950869e+00
8.356636458548850399e+00
8.388052385084748153e+00
8.419468311620645906e+00
8.450884238156543660e+00
8.482300164692441413e+00
8.513716091228339167e+00
8.545132017764238697e+00
8.576547944300134674e+00
8.607963870836034204e+00
8.639379797371930181e+00
8.670795723907829711e+00
8.702211650443727464e+00
8.733627576979625218e+00
8.765043503515522971e+00
8.796459430051420725e+00
8.827875356587318478e+00
8.859291283123216232e+00
8.890707209659113985e+00
8.922123136195011739e+00
8.953539062730911269e+00
8.984954989266807246e+00
9.016370915802706776e+00
9.047786842338604529e+00
9.079202768874502283e+00
9.110618695410400036e+00
9.142034621946297790e+00
9.173450548482195543e+00
9.204866475018095073e+00
9.236282401553991050e+00
9.267698328089890580e+00
9.299114254625788334e+00
9.330530181161686087e+00
9.361946107697583841e+00
9.393362034233481594e+00
9.424777960769379348e+00
9.456193887305278878e+00
9.487609813841174855e+00
9.519025740377074385e+00
9.550441666912970362e+00
9.581857593448869892e+00
9.613273519984767645e+00
9.644689446520665399e+00
9.676105373056563153e+00
9.707521299592460906e+00
9.738937226128358660e+00
9.770353152664256413e+00
9.801769079200154167e+00
9.833185005736051920e+00
9.864600932271951450e+00
9.896016858807847427e+00
9.927432785343746957e+00
9.958848711879644711e+00
9.990264638415542464e+00
1.002168056495144022e+01
1.005309649148733797e+01
1.008451241802323572e+01
1.011592834455913525e+01
1.014734427109503123e+01
1.017876019763093076e+01
1.021017612416682852e+01
1.024159205070272627e+01
1.027300797723862402e+01
1.030442390377452178e+01
1.033583983031041953e+01
1.036725575684631728e+01
1.039867168338221504e+01
1.043008760991811457e+01
1.046150353645401054e+01
1.049291946298990830e+01
1.052433538952580783e+01
1.055575131606170380e+01
1.058716724259760333e+01
1.061858316913350109e+01
1.064999909566939884e+01
1.068141502220529659e+01
1.071283094874119435e+01
1.074424687527709210e+01
1.077566280181299163e+01
1.080707872834888761e+01
1.083849465488478714e+01
1.086991058142068489e+01
1.090132650795658265e+01
1.093274243449248040e+01
1.096415836102837815e+01
1.099557428756427591e+01
1.102699021410017544e+01
1.105840614063607141e+01
1.108982206717197094e+01
1.112123799370786692e+01
1.115265392024376645e+01
1.118406984677966420e+01
1.121548577331556196e+01
1.124690169985145971e+01
1.127831762638735746e+01
1.130973355292325522e+01
1.134114947945915297e+01
1.137256540599505072e+01
1.140398133253094848e+01
1.143539725906684801e+01
1.146681318560274399e+01
1.149822911213864352e+01
1.152964503867454127e+01
1.156106096521043902e+01
1.159247689174633678e+01
1.162389281828223453e+01
1.165530874481813228e+01
1.168672467135403181e+01
1.171814059788992779e+01
1.174955652442582732e+01
1.178097245096172330e+01
1.181238837749762283e+01
1.184380430403352058e+01
1.187522023056941833e+01
1.190663615710531609e+01
1.193805208364121384e+01
1.196946801017711159e+01
1.200088393671301112e+01
1.203229986324890710e+01
1.206371578978480485e+01
1.209513171632070438e+01
1.212654764285660036e+01
1.215796356939249989e+01
1.218937949592839765e+01
1.222079542246429540e+01
1.225221134900019315e+01
1.228362727553609091e+01
1.231504320207198866e+01
1.234645912860788819e+01
1.237787505514378417e+01
1.240929098167968370e+01
1.244070690821558145e+01
1.247212283475147920e+01
1.250353876128737696e+01
1.253495468782327471e+01
1.256637061435917246e+01
1.259778654089507022e+01
1.262920246743096975e+01
1.266061839396686750e+01
1.269203432050276348e+01
1.272345024703866123e+01
1.275486617357456076e+01
1.278628210011045852e+01
1.281769802664635627e+01
1.284911395318225402e+01
1.288052987971815000e+01
1.291194580625405131e+01
1.294336173278994728e+01
1.297477765932584504e+01
1.300619358586174279e+01
1.303760951239764232e+01
1.306902543893354007e+01
1.310044136546943783e+01
1.313185729200533380e+01
1.316327321854123511e+01
1.319468914507713109e+01
1.322610507161302884e+01
1.325752099814892659e+01
1.328893692468482612e+01
1.332035285122072388e+01
1.335176877775662163e+01
1.338318470429251761e+01
1.341460063082841891e+01
1.344601655736431489e+01
1.347743248390021265e+01
1.350884841043611040e+01
1.354026433697200993e+01
1.357168026350790768e+01
1.360309619004380366e+01
1.363451211657970141e+01
1.366592804311560094e+01
1.369734396965149870e+01
1.372875989618739645e+01
1.376017582272329420e+01
1.379159174925919018e+01
1.382300767579509149e+01
1.385442360233098746e+01
1.388583952886688522e+01
1.391725545540278297e+01
1.394867138193868250e+01
1.398008730847458025e+01
1.401150323501047801e+01
1.404291916154637399e+01
1.407433508808227529e+01
1.410575101461817127e+01
1.413716694115406902e+01
1.416858286768996678e+01
1.419999879422586631e+01
1.423141472076176406e+01
1.426283064729766004e+01
1.429424657383355779e+01
1.432566250036945732e+01
1.435707842690535507e+01
1.438849435344125283e+01
1.441991027997715058e+01
1.445132620651305011e+01
1.448274213304894786e+01
1.451415805958484384e+01
1.454557398612074159e+01
1.457698991265663935e+01
1.460840583919253888e+01
1.463982176572843663e+01
1.467123769226433438e+01
1.470265361880023036e+01
1.473406954533613167e+01
1.476548547187202765e+01
1.479690139840792540e+01
1.482831732494382315e+01
1.485973325147972268e+01
1.489114917801562044e+01
1.492256510455151641e+01
1.495398103108741417e+01
1.498539695762331547e+01
1.501681288415921145e+01
1.504822881069510920e+01
1.507964473723100696e+01
1.511106066376690649e+01
1.514247659030280424e+01
1.517389251683870022e+01
1.520530844337459797e+01
1.523672436991049750e+01
1.526814029644639525e+01
1.529955622298229301e+01
1.533097214951819076e+01
1.536238807605408674e+01
1.539380400258998804e+01
1.542521992912588402e+01
1.545663585566178178e+01
1.548805178219767953e+01
1.551946770873357906e+01
1.555088363526947681e+01
1.558229956180537457e+01
1.561371548834127054e+01
1.564513141487717185e+01
1.567654734141306783e+01
1.570796326794896558e+01
1.573937919448486333e+01
1.577079512102076286e+01
1.580221104755666062e+01
1.583362697409255659e+01
1.586504290062845435e+01
1.589645882716435388e+01
1.592787475370025163e+01
1.595929068023614938e+01
1.599070660677204714e+01
1.602212253330794667e+01
1.605353845984384265e+01
1.608495438637974217e+01
1.611637031291563815e+01
1.614778623945153413e+01
1.617920216598743721e+01
1.621061809252333319e+01
1.624203401905922917e+01
1.627344994559512870e+01
1.630486587213102823e+01
1.633628179866692420e+01
1.636769772520282373e+01
1.639911365173871971e+01
1.643052957827461924e+01
1.646194550481051522e+01
1.649336143134641475e+01
1.652477735788231072e+01
1.655619328441821025e+01
1.658760921095410978e+01
1.661902513749000576e+01
1.665044106402590174e+01
1.668185699056180127e+01
1.671327291709770080e+01
1.674468884363359678e+01
1.677610477016949631e+01
1.680752069670539584e+01
1.683893662324129181e+01
1.687035254977718779e+01
1.690176847631308732e+01
1.693318440284898330e+01
1.696460032938488283e+01
1.699601625592078236e+01
1.702743218245667833e+01
1.705884810899257431e+01
1.709026403552847739e+01
1.712167996206437337e+01
1.715309588860026935e+01
1.718451181513616888e+01
1.721592774167206841e+01
1.724734366820796438e+01
1.727875959474386036e+01
1.731017552127975989e+01
1.734159144781565942e+01
1.737300737435155540e+01
1.740442330088745493e+01
1.743583922742335091e+01
1.746725515395925044e+01
1.749867108049514997e+01
1.753008700703104594e+01
1.756150293356694192e+01
1.759291886010284145e+01
1.762433478663874098e+01
1.765575071317463696e+01
1.768716663971053649e+01
1.771858256624643246e+01
1.774999849278233199e+01
1.778141441931822797e+01
1.781283034585412750e+01
1.784424627239002348e+01
1.787566219892592301e+01
1.790707812546182254e+01
1.793849405199771851e+01
1.796990997853361449e+01
1.800132590506951757e+01
1.803274183160541355e+01
1.806415775814130953e+01
1.809557368467720906e+01
1.812698961121310859e+01
1.815840553774900457e+01
1.818982146428490054e+01
1.822123739082080007e+01
1.825265331735669960e+01
1.828406924389259558e+01
1.831548517042849511e+01
1.834690109696439109e+01
1.837831702350029062e+01
1.840973295003619015e+01
1.844114887657208612e+01
1.847256480310798210e+01
1.850398072964388163e+01
1.853539665617978116e+01
1.856681258271567714e+01
1.859822850925157667e+01
1.862964443578747264e+01
1.866106036232337217e+01
1.869247628885926815e+01
1.872389221539516768e+01
1.875530814193106366e+01
1.878672406846696319e+01
1.881813999500286272e+01
