2.266311362432590348e-01
8.051761432914291694e-01
1.076171230532829037e+00
1.078472091639870900e+00
6.688332696586729575e-01
8.451901386878615807e-02
-5.320786325233533010e-01
-8.928174991994181076e-01
-9.125304269319876038e-01
-5.482455537487698205e-01
2.545048678547034982e-02
6.125089383515998076e-01
9.656097938805323633e-01
9.629809907159683213e-01
5.925261796179517315e-01
2.695620098417302144e-16
-5.925261796179510654e-01
-9.629809907159682103e-01
-9.656097938805320302e-01
-6.125089383516009178e-01
-2.545048678547112697e-02
5.482455537487682662e-01
9.125304269319871597e-01
8.928174991994194398e-01
5.320786325233539671e-01
-8.451901386878526989e-02
-6.688332696586727355e-01
-1.078472091639870234e+00
-1.076171230532829481e+00
-8.051761432914295025e-01
-2.266311362432594789e-01
-8.085213230558481867e-17
