0.000000000000000000e+00
5.877852522924728040e-01
9.510565162951534202e-01
9.510565162951536422e-01
5.877852522924733591e-01
2.691449756667046233e-16
-5.877852522924731371e-01
-9.510565162951533091e-01
-9.510565162951535312e-01
-5.877852522924732481e-01
-4.464659958363517778e-16
5.877852522924723599e-01
9.510565162951534202e-01
9.510565162951535312e-01
5.877852522924730261e-01
1.614869854000227740e-16
-5.877852522924725820e-01
-9.510565162951531981e-01
-9.510565162951538642e-01
-5.877852522924734702e-01
-2.691449756667046233e-16
5.877852522924725820e-01
9.510565162951527540e-01
9.510565162951534202e-01
5.877852522924734702e-01
6.079529812363745025e-16
-5.877852522924725820e-01
-9.510565162951535312e-01
-9.510565162951535312e-01
-5.877852522924735812e-01
-5.382899513334092467e-16
5.877852522924724710e-01
9.510565162951531981e-01
