1.0000000000000002
0.809016994374947
0.3090169943749474
-0.3090169943749472
-0.8090169943749477
-0.9999999999999997
-0.8090169943749475
-0.30901699437494734
0.3090169943749472
0.8090169943749472
1.0
0.8090169943749479
0.3090169943749478
-0.3090169943749469
-0.809016994374947
-0.9999999999999992
-0.8090169943749478
-0.3090169943749477
0.309016994374947
0.8090169943749469
1.0000000000000002
0.8090169943749477
0.30901699437494956
-0.309016994374947
-0.8090169943749472
-0.9999999999999998
-0.8090169943749477
-0.3090169943749479
0.3090169943749469
0.8090169943749469
0.9999999999999999
0.8090169943749469
