0.000000000000000000e+00
5.877852522924731371e-01
9.510565162951535312e-01
9.510565162951536422e-01
5.877852522924732481e-01
1.224646799147353207e-16
-5.877852522924730261e-01
-9.510565162951535312e-01
-9.510565162951536422e-01
-5.877852522924733591e-01
-2.449293598294706414e-16
5.877852522924722489e-01
9.510565162951535312e-01
9.510565162951536422e-01
5.877852522924733591e-01
3.673940397442059375e-16
-5.877852522924728040e-01
-9.510565162951534202e-01
-9.510565162951537532e-01
-5.877852522924734702e-01
-4.898587196589412829e-16
5.877852522924726930e-01
9.510565162951528650e-01
9.510565162951537532e-01
5.877852522924735812e-01
6.123233995736766282e-16
-5.877852522924725820e-01
-9.510565162951534202e-01
-9.510565162951537532e-01
-5.877852522924736922e-01
-7.347880794884118750e-16
5.877852522924724710e-01
9.510565162951533091e-01
