-2.668361293774884364e-03
-6.050040392372763032e-01
5.420327543291298192e-03
4.088747698556719490e-01
9.860372112041374537e-01
1.058782230950682468e+00
9.277886540792463776e-01
3.454494653582764196e-01
-2.225688629263850860e-01
-7.873486805728376892e-01
-9.344214824644386796e-01
-7.985348038479129773e-01
-2.583453035397763609e-01
3.100831535420512930e-01
8.482194762994261783e-01
9.924333868477790421e-01
8.388668881585826798e-01
2.929389254023791467e-01
-2.871587080485572541e-01
-8.340513898112027480e-01
-9.852214392309527335e-01
-8.440766823277824349e-01
-3.006375109229921794e-01
2.620090368294636374e-01
8.117240485671469719e-01
9.377414254134468496e-01
8.075115308035017980e-01
2.256443236767384231e-01
-3.099218588536594154e-01
-9.248809489191500699e-01
-9.771326851830512972e-01
-9.832345980844798827e-01
-4.317499267592412454e-03
