-5.786616976834149E-16
0.5877852522924727
0.9510565162951519
0.951056516295156
0.5877852522924709
3.270111454350461E-15
-0.5877852522924756
-0.9510565162951515
-0.9510565162951524
-0.5877852522924758
1.100130088037655E-15
0.5877852522924724
0.9510565162951525
0.9510565162951562
0.5877852522924714
1.0345260002188958E-16
-0.5877852522924742
-0.9510565162951502
-0.951056516295156
-0.5877852522924751
-2.8596653664587365E-16
0.5877852522924716
0.9510565162951565
0.9510565162951521
0.5877852522924741
1.0563940294918157E-15
-0.58778525229247
-0.9510565162951535
-0.9510565162951564
-0.5877852522924745
6.190334440334207E-16
0.5877852522924707
0.9510565162951529
