1.000000000000000000e+00
8.090169943749473402e-01
3.090169943749475623e-01
-3.090169943749473402e-01
-8.090169943749474513e-01
-9.999999999999998890e-01
-8.090169943749473402e-01
-3.090169943749475068e-01
3.090169943749473402e-01
8.090169943749475623e-01
1.000000000000000000e+00
8.090169943749481174e-01
3.090169943749476178e-01
-3.090169943749473402e-01
-8.090169943749471182e-01
-1.000000000000000000e+00
-8.090169943749476733e-01
-3.090169943749477843e-01
3.090169943749468962e-01
8.090169943749471182e-01
1.000000000000000000e+00
8.090169943749477843e-01
3.090169943749495607e-01
-3.090169943749469517e-01
-8.090169943749471182e-01
-1.000000000000000222e+00
-8.090169943749476733e-01
-3.090169943749481174e-01
3.090169943749468406e-01
8.090169943749471182e-01
9.999999999999998890e-01
8.090169943749480064e-01
