-0.002668361293776607
-0.605004039237274
0.005420327543288945
0.40887476985567367
0.986037211204137
1.0587822309506827
0.9277886540792477
0.34544946535827303
-0.22256886292638217
-0.7873486805728386
-0.9344214824644403
-0.7985348038479111
-0.25834530353977814
0.3100831535420518
0.8482194762994275
0.9924333868477788
0.8388668881585821
0.292938925402378
-0.2871587080485533
-0.8340513898112065
-0.985221439230951
-0.844076682327784
-0.3006375109229915
0.2620090368294645
0.8117240485671454
0.9377414254134461
0.8075115308035002
0.22564432367674006
-0.30992185885366114
-0.9248809489191496
-0.9771326851830527
-0.9832345980844794
-0.004317499267591405
