1.000000000000000000e+00
8.090169943749474513e-01
3.090169943749474513e-01
-3.090169943749473402e-01
-8.090169943749473402e-01
-1.000000000000000000e+00
-8.090169943749474513e-01
-3.090169943749475623e-01
3.090169943749472292e-01
8.090169943749473402e-01
1.000000000000000000e+00
8.090169943749481174e-01
3.090169943749477288e-01
-3.090169943749471182e-01
-8.090169943749472292e-01
-1.000000000000000000e+00
-8.090169943749476733e-01
-3.090169943749478398e-01
3.090169943749470072e-01
8.090169943749471182e-01
1.000000000000000000e+00
8.090169943749477843e-01
3.090169943749496162e-01
-3.090169943749468962e-01
-8.090169943749471182e-01
-1.000000000000000000e+00
-8.090169943749477843e-01
-3.090169943749480619e-01
3.090169943749467851e-01
8.090169943749470072e-01
1.000000000000000000e+00
8.090169943749478954e-01
