0.22663113624325879
0.8051761432914295
1.0761712305328286
1.078472091639871
0.6688332696586727
0.08451901386878602
-0.5320786325233533
-0.8928174991994182
-0.9125304269319874
-0.5482455537487699
0.025450486785470072
0.6125089383515996
0.9656097938805318
0.9629809907159681
0.5925261796179514
1.3877787807814457E-16
-0.5925261796179507
-0.9629809907159685
-0.9656097938805319
-0.6125089383516009
-0.02545048678547107
0.5482455537487685
0.9125304269319872
0.8928174991994196
0.5320786325233537
-0.08451901386878527
-0.6688332696586723
-1.0784720916398705
-1.0761712305328288
-0.8051761432914293
-0.22663113624325892
3.0382970104018677E-16
