6.2264927146063790e-19
1.2014263758827752e-03
2.7843278479828920e-03
4.2273160854469010e-03
3.9427634127764100e-03
-2.4127659269099710e-18
-8.2567772926564820e-03
-1.8583210130235964e-02
-2.5389820435008304e-02
-2.1235308698378600e-02
5.9929992378086380e-18
3.9588112570909856e-02
9.1888877020527640e-02
1.4509908103158414e-01
1.8490287856182105e-01
1.9966066729869550e-01
1.8490287856182105e-01
1.4509908103158412e-01
9.1888877020527660e-02
3.9588112570909860e-02
5.9929992378086404e-18
-2.1235308698378606e-02
-2.5389820435008320e-02
-1.8583210130235970e-02
-8.2567772926564840e-03
-2.4127659269099710e-18
3.9427634127764090e-03
4.2273160854469020e-03
2.7843278479828906e-03
1.2014263758827752e-03
6.2264927146063790e-19
