8.5304705445672306e-18
-1.2040845937595140e-03
-2.7904883170792767e-03
-4.2366692405086878e-03
-3.9514869803606804e-03
-9.6724171843007432e-18
8.2750458386482793e-03
1.8624326441952513e-02
2.5445996723395394e-02
2.1282292915083930e-02
2.4025036231972814e-17
-3.9675703313592603e-02
-9.2092185904427845e-02
-1.4542012023867870e-01
-1.8531198572570487e-01
8.0040970732794814e-01
-1.8531198572570487e-01
-1.4542012023867870e-01
-9.2092185904427845e-02
-3.9675703313592603e-02
2.4025036231972820e-17
2.1282292915083930e-02
2.5445996723395408e-02
1.8624326441952523e-02
8.2750458386482793e-03
-9.6724171843007540e-18
-3.9514869803606830e-03
-4.2366692405086878e-03
-2.7904883170792780e-03
-1.2040845937595140e-03
8.5304705445672306e-18
