-1.8682455259505755e-18
-1.7041677253223026e-03
-2.0084359274876920e-03
-5.8936029505677340e-04
7.5265102404549450e-04
-1.3066212047507546e-18
-1.2437208025218908e-03
1.5829204821278342e-03
8.4443091191780380e-03
1.0519447364537582e-02
-9.2910695013601660e-18
-1.5853190603941270e-02
-1.9228803366888860e-02
-5.4733737434052090e-03
6.5724924808273590e-03
-5.3100816996575320e-18
-9.4398412964428940e-03
1.1350389963833824e-02
5.8214997844944834e-02
7.1350035210620800e-02
-2.1301450986080498e-17
-1.1531188594111391e-01
-1.5775896556042737e-01
-5.6893257959678830e-02
1.1503626001048209e-01
1.9969248900699155e-01
1.1503626001048209e-01
-5.6893257959678846e-02
-1.5775896556042737e-01
-1.1531188594111390e-01
-2.1301450986080500e-17
7.1350035210620830e-02
5.8214997844944830e-02
1.1350389963833820e-02
-9.4398412964428900e-03
-5.3100816996575330e-18
6.5724924808273590e-03
-5.4733737434052090e-03
-1.9228803366888873e-02
-1.5853190603941282e-02
-9.2910695013601690e-18
1.0519447364537592e-02
8.4443091191780340e-03
1.5829204821278355e-03
-1.2437208025218916e-03
-1.3066212047507550e-18
7.5265102404549580e-04
-5.8936029505677340e-04
-2.0084359274876932e-03
-1.7041677253223039e-03
-1.8682455259505755e-18
