-1.8682455259505767e-18
-1.7041677253223052e-03
-2.0084359274876932e-03
-5.8936029505677397e-04
7.5265102404549380e-04
-1.3066212047507550e-18
-1.2437208025218914e-03
1.5829204821278359e-03
8.4443091191780395e-03
1.0519447364537580e-02
-9.2910695013601688e-18
-1.5853190603941279e-02
-1.9228803366888866e-02
-5.4733737434052082e-03
6.5724924808273572e-03
-5.3100816996575333e-18
-9.4398412964428972e-03
1.1350389963833826e-02
5.8214997844944834e-02
7.1350035210620832e-02
-2.1301450986080498e-17
-1.1531188594111391e-01
-1.5775896556042737e-01
-5.6893257959678839e-02
1.1503626001048209e-01
1.9969248900699155e-01
1.1503626001048207e-01
-5.6893257959678832e-02
-1.5775896556042734e-01
-1.1531188594111390e-01
-2.1301450986080498e-17
7.1350035210620805e-02
5.8214997844944827e-02
1.1350389963833821e-02
-9.4398412964428937e-03
-5.3100816996575325e-18
6.5724924808273563e-03
-5.4733737434052064e-03
-1.9228803366888855e-02
-1.5853190603941265e-02
-9.2910695013601688e-18
1.0519447364537580e-02
8.4443091191780343e-03
1.5829204821278342e-03
-1.2437208025218897e-03
-1.3066212047507533e-18
7.5265102404549380e-04
-5.8936029505677365e-04
-2.0084359274876919e-03
-1.7041677253223041e-03
-1.8682455259505767e-18
