1.3658743317245590e-18
1.7005405480560822e-03
2.0041611410165140e-03
5.8810589137801340e-04
-7.5104906982277023e-04
-5.2153606868908821e-18
1.2410736476947196e-03
-1.5795513693922299e-03
-8.4263361194486814e-03
-1.0497057608079426e-02
5.4608035092861511e-17
1.5819448424869785e-02
1.9187876480765705e-02
5.4617241290411756e-03
-6.5585034849352459e-03
-2.1195118554543427e-17
9.4197493904418870e-03
-1.1326231616138502e-02
-5.8091092132145181e-02
-7.1198172678656191e-02
5.6682967051510117e-17
1.1506645431780850e-01
1.5742318890832890e-01
5.6772165458743508e-02
-1.1479141503372250e-01
7.9706984154839178e-01
-1.1479141503372249e-01
5.6772165458743501e-02
1.5742318890832888e-01
1.1506645431780849e-01
5.6682967051510104e-17
-7.1198172678656177e-02
-5.8091092132145174e-02
-1.1326231616138497e-02
9.4197493904418818e-03
-2.1195118554543424e-17
-6.5585034849352450e-03
5.4617241290411738e-03
1.9187876480765698e-02
1.5819448424869771e-02
5.4608035092861511e-17
-1.0497057608079426e-02
-8.4263361194486762e-03
-1.5795513693922282e-03
1.2410736476947178e-03
-5.2153606868908752e-18
-7.5104906982277023e-04
5.8810589137801308e-04
2.0041611410165127e-03
1.7005405480560812e-03
1.3658743317245590e-18
