-5.0710800149883766e-04
6.0588543526577299e-04
2.2346290820151756e-03
4.1320574437075852e-03
4.9896598354667015e-03
2.7761063724700374e-03
-3.9325648662309918e-03
-1.4233556164278339e-02
-2.3880160004657577e-02
-2.5932499335324929e-02
-1.3265496183571174e-02
1.7937981562635690e-02
6.5337905676026611e-02
1.1982919588135564e-01
1.6786738481228031e-01
1.9604057845433839e-01
1.9604057845433839e-01
1.6786738481228031e-01
1.1982919588135564e-01
6.5337905676026611e-02
1.7937981562635683e-02
-1.3265496183571170e-02
-2.5932499335324929e-02
-2.3880160004657574e-02
-1.4233556164278335e-02
-3.9325648662309910e-03
2.7761063724700374e-03
4.9896598354667015e-03
4.1320574437075852e-03
2.2346290820151756e-03
6.0588543526577299e-04
-5.0710800149883766e-04
