6.2264927146063833e-19
1.2014263758827761e-03
2.7843278479828945e-03
4.2273160854469022e-03
3.9427634127764113e-03
-2.4127659269099714e-18
-8.2567772926564822e-03
-1.8583210130235960e-02
-2.5389820435008304e-02
-2.1235308698378603e-02
5.9929992378086389e-18
3.9588112570909856e-02
9.1888877020527643e-02
1.4509908103158412e-01
1.8490287856182103e-01
1.9966066729869550e-01
1.8490287856182103e-01
1.4509908103158412e-01
9.1888877020527643e-02
3.9588112570909856e-02
5.9929992378086404e-18
-2.1235308698378603e-02
-2.5389820435008318e-02
-1.8583210130235967e-02
-8.2567772926564822e-03
-2.4127659269099741e-18
3.9427634127764139e-03
4.2273160854469022e-03
2.7843278479828958e-03
1.2014263758827761e-03
6.2264927146063833e-19
