5.987833960242525122e-02
5.745404111582696344e-02
5.507515794051191793e-02
5.274350221784396275e-02
5.046073795436034626e-02
4.822838085163632521e-02
4.604779853660465050e-02
4.392021109154832514e-02
4.184669182134590631e-02
3.982816823646938287e-02
3.786542326951256726e-02
3.595909677666771914e-02
3.410968740017123607e-02
3.231755488083132288e-02
3.058292291002273622e-02
2.890588259796450857e-02
2.728639661095283442e-02
2.572430399693008407e-02
2.421932567967807065e-02
2.277107056096315182e-02
2.137904213126659222e-02
2.004264545723102517e-02
1.876119439097333891e-02
1.753391883536153592e-02
1.635997190147199173e-02
1.523843680969225352e-02
1.416833341298749313e-02
1.314862425722600724e-02
1.217822013576749449e-02
1.125598513978293309e-02
1.038074124782946417e-02
9.551272534095885114e-03
8.766329101113941660e-03
8.024630857177023416e-03
7.324871259966916209e-03
6.665721135995584037e-03
6.045832661741926128e-03
5.463843559277589863e-03
4.918381520117695756e-03
4.408068829967640850e-03
3.931527128122302463e-03
3.487382202447684727e-03
3.074268697472092027e-03
2.690834601538022539e-03
2.335745380453803626e-03
2.007687639584214770e-03
1.705372222497419932e-03
1.427536689654824650e-03
1.172947161796231066e-03
9.403995556651459147e-04
7.287202803830020561e-04
5.367664971833769781e-04
3.634260700331973671e-04
2.076173475070555762e-04
6.828891592201410325e-05
-5.558054974835508096e-05
-1.649822359296518868e-04
-2.608768747664844557e-04
-3.441941364174101693e-04
-4.158317453451922194e-04
-4.766543766646921874e-04
-5.274924224519182388e-04
-5.691407422360030086e-04
-6.023575243064587968e-04
-6.278633837571613455e-04
-6.463408094321245389e-04
-6.584340464942948015e-04
-6.647494667140019329e-04
-6.658564381776076310e-04
-6.622886639265045117e-04
-6.545459192068207692e-04
-6.430960834657903878e-04
-6.283773392813993665e-04
-6.108003984272517960e-04
-5.907506164516674024e-04
-5.685898713957413583e-04
-5.446581082151920718e-04
-5.192744855844803019e-04
-4.927381026286857665e-04
-4.653283257646431670e-04
-4.373047760801189649e-04
-4.089070716148833148e-04
-3.803544432258839573e-04
-3.518453550588705324e-04
-3.235572598237791697e-04
-2.956466051848793096e-04
-2.682491820136297805e-04
-2.414808705416688337e-04
-2.154388000192777462e-04
-1.902028953174708160e-04
-1.658377441655577936e-04
-1.423946853084338674e-04
-1.199139940943769677e-04
-9.842703021448692983e-05
-7.795821368263484736e-05
-5.852670955217105557e-05
-4.014772791518394666e-05
-2.283338088164360718e-05
-6.593079055590231583e-06
8.566507476833908668e-06
2.264185861309628024e-05
3.563328549131087870e-05
4.754576092725158737e-05
5.838976448904230825e-05
6.818200891516739727e-05
7.694592887733278750e-05
8.471183902354536546e-05
9.151670325780191005e-05
9.740349787961782553e-05
1.024201935248086442e-04
1.066184206626544104e-04
1.100519168042625467e-04
1.127748772827047343e-04
1.148403431487882522e-04
1.162987582382862893e-04
1.171968129506070945e-04
1.175766661569957363e-04
1.174756014889808379e-04
1.169261334930589582e-04
1.159565367730928107e-04
1.145917314323997968e-04
1.128544247775778724e-04
1.107663856270579448e-04
1.083497159963570409e-04
1.056279865447821157e-04
1.026271168078041706e-04
9.937590747093238616e-05
9.590616719333742144e-05
9.225241730677627634e-05
8.845120009597351983e-05
8.454005615574301986e-05
8.055626961730776101e-05
7.653550357785770207e-05
7.251045954666468724e-05
6.850969301450026880e-05
6.455670253046573708e-05
6.066938337811300625e-05
5.685990166216689208e-05
5.313500381111883859e-05
4.949673417426606791e-05
4.594349369837705802e-05
4.247133950474311936e-05
3.907540180720015703e-05
3.575128331136501311e-05
3.249630812557242887e-05
2.931050211177090896e-05
2.619721305104030743e-05
2.316331440177092941e-05
2.021897731865993181e-05
1.737703796909100586e-05
1.465202687666206906e-05
1.205896014842481745e-05
9.612015755579814507e-06
7.323229252170539341e-06
5.201341334528022428e-06
3.250914661885919599e-06
1.471810846798503671e-06
-1.409169154174641319e-07
-1.596700998645024395e-06
-2.908734027772319212e-06
-4.092908452277646366e-06
-5.166521385961190507e-06
-6.146868259515464992e-06
-7.049859891014677731e-06
-7.888795438247294168e-06
-8.673408565209384305e-06
-9.409277516303098910e-06
-1.009765425783495456e-05
-1.073572690178878465e-05
-1.131728728681320826e-05
-1.183373600809258669e-05
-1.227532424311336517e-05
-1.263250864507479861e-05
-1.289728463265327448e-05
-1.306436566694630138e-05
-1.313209135149677856e-05
-1.310297392378954409e-05
-1.298382830432035492e-05
-1.278547184058951391e-05
-1.252202220948844930e-05
-1.220986147099615138e-05
-1.186636712168598664e-05
-1.150853395567746928e-05
-1.115162135145340164e-05
-1.080795820505517616e-05
-1.048602235877404164e-05
-1.018988453725955098e-05
-9.919071132256002503e-06
-9.668859171662512003e-06
-9.430974490262611129e-06
-9.194624639033899252e-06
-8.947765299842018219e-06
-8.678476126812705252e-06
-8.376311255618483574e-06
-8.033492254972790549e-06
-7.645826792499366915e-06
-7.213263229941119203e-06
-6.740027107962120185e-06
-6.234326522792292633e-06
-5.707655710372438759e-06
-5.173765588481912218e-06
-4.647402695911212528e-06
-4.142940704095547883e-06
-3.673039230897210365e-06
-3.247462023391226542e-06
-2.872170957895291167e-06
-2.548785263133169743e-06
-2.274459558823375778e-06
-2.042193229925255605e-06
-1.841541354786999434e-06
-1.659658022685308468e-06
-1.482570275555769722e-06
-1.296558287715812923e-06
-1.089506974877848643e-06
-8.520970220849013520e-07
-5.787190649942842016e-07
-2.680219059910884914e-07
7.695846662132241314e-08
4.491011813969861980e-07
8.379039386311834851e-07
1.230518112701994824e-06
1.613013480511981905e-06
1.971748045307571864e-06
2.294708130861567905e-06
2.572686851450951238e-06
2.800184930820131672e-06
2.975945092058555652e-06
3.103067197454563516e-06
3.188692456202761281e-06
3.243287303407364122e-06
3.279596838737041567e-06
3.311370144259296139e-06
3.351982197555053866e-06
3.413087261539662732e-06
3.503435569509360673e-06
3.627969133253874388e-06
3.787285152064186533e-06
3.977519473699218338e-06
4.190661388465301957e-06
4.415268762564603230e-06
4.637513283228268680e-06
4.842453244010945382e-06
5.015409016395682938e-06
5.143306319063684282e-06
5.215855593094684376e-06
5.226451906465546762e-06
5.172707263952281263e-06
5.056563296342561143e-06
4.883973505233746451e-06
4.664186505456714050e-06
4.408700890851990926e-06
4.129994607540737233e-06
3.840153888017994058e-06
3.549536704943336584e-06
3.265602373831201211e-06
2.992022695482451500e-06
2.728162474571066245e-06
2.468981082806759261e-06
2.205365500852051077e-06
1.924863016884565904e-06
1.612742625791506517e-06
1.253281999625674606e-06
8.311548425830303166e-07
3.327836656110893254e-07
-2.524735243292198511e-07
-9.314177669339048127e-07
-1.706472417584332336e-06
-2.575566403675312001e-06
-3.532447468512941636e-06
-4.567393162430466445e-06
-5.668248263576467386e-06
-6.821685230195527652e-06
-8.014562349073992562e-06
-9.235244603229756223e-06
-1.047475588201517620e-05
-1.172764764597137071e-05
-1.299249692026471258e-05
-1.427198280201929454e-05
-1.557253196743241456e-05
-1.690356590401409655e-05
-1.827642162935684783e-05
-1.970304966246803400e-05
-2.119461484851288690e-05
-2.276013516194339730e-05
-2.440528989302180983e-05
-2.613151202430253901e-05
-2.793545175548732012e-05
-2.980886176939381767e-05
-3.173891351618227536e-05
-3.370891158058046677e-05
-3.569933422871645836e-05
-3.768909633019711276e-05
-3.965690914698947052e-05
-4.158260210307786127e-05
-4.344827551838139934e-05
-4.523917002832203405e-05
-4.694416637586390153e-05
-4.855586571370302721e-05
-5.007024191618506871e-05
-5.148589961736992310e-05
-5.280301062345552082e-05
-5.402203317668776843e-05
-5.514234015269840208e-05
-5.616089153544127444e-05
-5.707108252556879262e-05
-5.786188179078946195e-05
-5.851734631320581651e-05
-5.901656278061238718e-05
-5.933402408712512837e-05
-5.944040731210499014e-05
-5.930368067371320588e-05
-5.889043521704733777e-05
-5.816731550903414880e-05
-5.710241448012721147e-05
-5.566650167138029192e-05
-5.383397110983212689e-05
-5.158342318040973825e-05
-4.889783142696558105e-05
-4.576428661086705621e-05
-4.217335252092375872e-05
-3.811810682582295078e-05
-3.359297188219368714e-05
-2.859246175400130720e-05
-2.310998066619974030e-05
-1.713680382496480471e-05
-1.066135440597834994e-05
-3.668862217799106328e-06
3.858547139362655875e-06
1.194132528405318366e-05
2.060157111646066064e-05
2.986177163357303476e-05
3.974331880872670081e-05
5.026492916079362621e-05
6.144110156769422033e-05
7.328074455515657271e-05
8.578608714541679993e-05
9.895195907063795190e-05
1.127654895233670955e-04
1.272062322321083688e-04
1.422466825812546815e-04
1.578531138759012027e-04
1.739866284801371249e-04
1.906042985185424387e-04
2.076602621979271889e-04
2.251066464364900670e-04
2.428942039366696441e-04
2.609725814051435332e-04
2.792901725176368585e-04
2.977935508398971598e-04
3.164265201791888085e-04
3.351288586192833325e-04
3.538348639944278963e-04
3.724718297062011292e-04
3.909585885191977912e-04
4.092042574426718701e-04
4.271072994718126117e-04
4.445549895362906892e-04
4.614233352850169033e-04
4.775774619378451514e-04
4.928724284291016505e-04
5.071544035855370634e-04
5.202620999078134273e-04
5.320283417279089190e-04
5.422816361445139451e-04
5.508476200248843329e-04
5.575502740340454282e-04
5.622128233852190324e-04
5.646582819876542559e-04
5.647096382783883036e-04
5.621897231865638500e-04
5.569208392611681852e-04
5.487242612136670160e-04
5.374197389248233734e-04
5.228251422996195528e-04
5.047563824059770861e-04
4.830277255832901421e-04
4.574525883906978827e-04
4.278448642009779557e-04
3.940207905592001060e-04
3.558013241922204769e-04
3.130149519032739461e-04
2.655008342890943546e-04
2.131121583248646409e-04
1.557195664012784903e-04
9.321453417230819878e-05
2.551258708497815159e-05
-4.744372603595586310e-05
-1.256821473155875788e-04
-2.091983158517071869e-04
-2.979536275888487805e-04
-3.918732732577981099e-04
-4.908443481090164848e-04
-5.947139071814007156e-04
-7.032868323764549954e-04
-8.163233834454849827e-04
-9.335363236355026214e-04
-1.054587540418198315e-03
-1.179084119606619479e-03
-1.306573873606534661e-03
-1.436540367470681527e-03
-1.568397525697772877e-03
-1.701483934579317093e-03
-1.835056976311607354e-03
-1.968286940051396181e-03
-2.100251250820227896e-03
-2.229928940173782955e-03
-2.356195454618558241e-03
-2.477817861724582096e-03
-2.593450473392330726e-03
-2.701630864866401156e-03
-2.800776230968209882e-03
-2.889179991399373586e-03
-2.965008537866273101e-03
-3.026298009182982682e-03
-3.070950987185936103e-03
-3.096733025698934685e-03
-3.101268955131338944e-03
-3.082038943710772340e-03
-3.036374339185295840e-03
-2.961453357983488081e-03
-2.854296728163606325e-03
-2.711763424253553576e-03
-2.530546653257367742e-03
-2.307170259689995950e-03
-2.037985712736110986e-03
-1.719169821047878115e-03
-1.346723292085699351e-03
-9.164702161213624096e-04
-4.240585137113477639e-04
1.350386563125840632e-04
7.655205693894142011e-04
1.472255760071972163e-03
2.260278091246144001e-03
3.134782167778112603e-03
4.101118189540508240e-03
5.164786321166844191e-03
6.331430627602044857e-03
7.606832588445111218e-03
8.996904163895069403e-03
1.050768034491825556e-02
1.214531108418471020e-02
1.391605247612738572e-02
1.582625703716832033e-02
1.788236293270031863e-02
2.009088200654905731e-02
2.245838649080421356e-02
2.499149430728763929e-02
2.769685291364192697e-02
3.058112169340824332e-02
3.365095293642698243e-02
3.691297149932316890e-02
4.037375327199407837e-02
4.403980260190934470e-02
4.791752884171094490e-02
5.201322218633958744e-02
5.633302895429097290e-02
6.088292644543792653e-02
6.566869747802170365e-02
7.069590467357429742e-02
7.596986452475591733e-02
8.149562125146615765e-02
8.727792042880956613e-02
9.332118235951029905e-02
9.962947516506785728e-02
1.062064875849832862e-01
1.130555015011092679e-01
1.201793642426863956e-01
1.275804607739520757e-01
1.352606859165919329e-01
1.432214168095691520e-01
1.514634858548146723e-01
1.599871544350729702e-01
1.687920877168010980e-01
1.778773308643807061e-01
1.872412869912123690e-01
1.968816971590056919e-01
2.067956227104725264e-01
2.169794301854427732e-01
2.274287790296845579e-01
2.381386122633556979e-01
2.491031502359776217e-01
2.603158875606322864e-01
2.717695932945017878e-01
2.834563144175968885e-01
2.953673826570107352e-01
3.074934247094266992e-01
3.198243759277890064e-01
3.323494975558332620e-01
3.450573976125979048e-01
3.579360555437132718e-01
3.709728507627851335e-01
3.841545952005283593e-01
3.974675699581924904e-01
4.108975661230156451e-01
4.244299297459341314e-01
4.380496109058395482e-01
4.517412166918165495e-01
4.654890678275581672e-01
4.792772585438475064e-01
4.930897191793051082e-01
5.069102808611726241e-01
5.207227414966746348e-01
5.345109322130516816e-01
5.482587833489229734e-01
5.619503891350687841e-01
5.755700702951788150e-01
5.891024339183330572e-01
6.025324300834180580e-01
6.158454048413638526e-01
6.290271492794015096e-01
6.420639444987727984e-01
6.549426024301838734e-01
6.676505024872310123e-01
6.801756241155342275e-01
6.925065753341208552e-01
7.046326173867145659e-01
7.165436856262470400e-01
7.282304067493882149e-01
7.396841124832169712e-01
7.508968498077293052e-01
7.618613877800919365e-01
7.725712210133709457e-01
7.830205698570712469e-01
7.932043773313334212e-01
8.031183028819077752e-01
8.127587130486060296e-01
8.221226691741215786e-01
8.312079123201452369e-01
8.400128456000585109e-01
8.485365141782237330e-01
8.567785832210784713e-01
8.647393141113477455e-01
8.724195392509430658e-01
8.798206357788084242e-01
8.869444985166103912e-01
8.937935124285677491e-01
9.003705248439028974e-01
9.066788176444506853e-01
9.127220795696954214e-01
9.185043787411206750e-01
9.240301354614354201e-01
9.293040953057301046e-01
9.343313024938916245e-01
9.391170735185689900e-01
9.436669710012842716e-01
9.479867777602710710e-01
9.520824710953964543e-01
9.559601973251522500e-01
9.596262466444775985e-01
9.630870284060157882e-01
9.663490469572404429e-01
9.694188781880557215e-01
9.723031469550963424e-01
9.750085055482161644e-01
9.775416133509735594e-01
9.799091178210320718e-01
9.821176368802384538e-01
9.841737427607114563e-01
9.860839473063106597e-01
9.878546886824675077e-01
9.894923194056474136e-01
9.910030955703321709e-01
9.923931671292460788e-01
9.936685690734153864e-01
9.948352133631046534e-01
9.958988814779846654e-01
9.968652174830783252e-01
9.977397215431033084e-01
9.985277438580231202e-01
9.992344790328013815e-01
9.998649609304283148e-01
1.000424058085567891e+00
1.000916469773777351e+00
1.001346722836350178e+00
1.001719169352862204e+00
1.002037985233180883e+00
1.002307169769992345e+00
1.002530546154797531e+00
1.002711762918571781e+00
1.002854296216967089e+00
1.002961452843152967e+00
1.003036373822780769e+00
1.003082038427977940e+00
1.003101268442507132e+00
1.003096732518816481e+00
1.003070950488879287e+00
1.003026297522491506e+00
1.002965008066038388e+00
1.002889179537895359e+00
1.002800775799462807e+00
1.002701630459249982e+00
1.002593450097771788e+00
1.002477817520422754e+00
1.002356195152173113e+00
1.002229928681334759e+00
1.002100251040545897e+00
1.001968286783504025e+00
1.001835056878850994e+00
1.001701483901755063e+00
1.001568397563239898e+00
1.001436540481279280e+00
1.001306574069738220e+00
1.001179084404260955e+00
1.001054587919921079e+00
1.000933536804420765e+00
1.000816323972034683e+00
1.000703287535356534e+00
1.000594714731179780e+00
1.000490845299766951e+00
1.000391874359200628e+00
1.000297954854394211e+00
1.000209199690014872e+00
1.000125683675212818e+00
1.000047445413884573e+00
9.999744892667312701e-01
9.999067874913819542e-01
9.998442826363675984e-01
9.997868902267912361e-01
9.997345017379094534e-01
9.996869878116595443e-01
9.996442016345046255e-01
9.996059823664681376e-01
9.995721584937161674e-01
9.995425509722715152e-01
9.995169760389064351e-01
9.994952475861492713e-01
9.994771790296413938e-01
9.994625846347285902e-01
9.994512803114075083e-01
9.994430839284325074e-01
9.994378152344527422e-01
9.994352955028658059e-01
9.994353470348237289e-01
9.994377926597747264e-01
9.994424553645909759e-01
9.994491581615322362e-01
9.994577242740783074e-01
9.994679776810777572e-01
9.994797440174993941e-01
9.994928517884632546e-01
9.995071338162446750e-01
9.995224288112123379e-01
9.995385829399890953e-01
9.995554512592375040e-01
9.995728988918425317e-01
9.995908018430602615e-01
9.996090473853757041e-01
9.996275339792946024e-01
9.996461707392989560e-01
9.996648764955972100e-01
9.996835785390154605e-01
9.997022111648028453e-01
9.997207141484595327e-01
9.997390312912229904e-01
9.997571091641158647e-01
9.997748961583116101e-01
9.997923419180702043e-01
9.998093971937194180e-01
9.998260141098918030e-01
9.998421468026157388e-01
9.998577523419638347e-01
9.998727918283950578e-01
9.998872315334774719e-01
9.999010439510488402e-01
9.999142086335054413e-01
9.999267127089465079e-01
9.999385510062751559e-01
9.999497257539752271e-01
9.999602458603520372e-01
9.999701258244100277e-01
9.999793843631703538e-01
9.999880428695142598e-01
9.999961238317834900e-01
1.000003649350690527e+00
1.000010639880165808e+00
1.000017113297452687e+00
1.000023084376150395e+00
1.000028564697088118e+00
1.000033562989694591e+00
1.000038085855042169e+00
1.000042138785058876e+00
1.000045727364107240e+00
1.000048858521996209e+00
1.000051541703203428e+00
1.000053789826052197e+00
1.000055619926930595e+00
1.000057053416258945e+00
1.000058115911714118e+00
1.000058836656380734e+00
1.000059247570896259e+00
1.000059382025222376e+00
1.000059273443818952e+00
1.000058953874960466e+00
1.000058452659056574e+00
1.000057795321703358e+00
1.000057002795704975e+00
1.000056091044568385e+00
1.000055071121103145e+00
1.000053949652558671e+00
1.000052729702354704e+00
1.000051411921944799e+00
1.000049995878308673e+00
1.000048481425715119e+00
1.000046869986409348e+00
1.000045165614145803e+00
1.000043375736085149e+00
1.000041511500409985e+00
1.000039587695941146e+00
1.000037622252253788e+00
1.000035635370155829e+00
1.000033648368843453e+00
1.000031682364007857e+00
1.000029756907912404e+00
1.000027888726326530e+00
1.000026090677820667e+00
1.000024371039230475e+00
1.000022733189190660e+00
1.000021175722675570e+00
1.000019692987267117e+00
1.000018275990558037e+00
1.000016913591733170e+00
1.000015593862519703e+00
1.000014305486103261e+00
1.000013039058884390e+00
1.000011788169475002e+00
1.000010550151167354e+00
1.000009326436116508e+00
1.000008122478511119e+00
1.000006947256244505e+00
1.000005812401904892e+00
1.000004731050209372e+00
1.000003716516769225e+00
1.000002780939566849e+00
1.000001934018119654e+00
1.000001181975669562e+00
1.000000526847794946e+00
9.999999661687661856e-01
9.999994930878849386e-01
9.999990969058093482e-01
9.999987639796061867e-01
9.999984789090362591e-01
9.999982258889290598e-01
9.999979900961442070e-01
9.999977589761567254e-01
9.999975233040819811e-01
9.999972779170132053e-01
9.999970220467194748e-01
9.999967592208836020e-01
9.999964967433180307e-01
9.999962448048295149e-01
9.999960153125750928e-01
9.999958205532998301e-01
9.999956718220931462e-01
9.999955781516235431e-01
9.999955452669107014e-01
9.999955748685234180e-01
9.999956643148327773e-01
9.999958067347669566e-01
9.999959915602495419e-01
9.999962054262988564e-01
9.999964333506702330e-01
9.999966600774684578e-01
9.999968714530440561e-01
9.999970556992902049e-01
9.999972044594905851e-01
9.999973135141522196e-01
9.999973830966011334e-01
9.999974177773505168e-01
9.999974259285296929e-01
9.999974188208270443e-01
9.999974094414316728e-01
9.999974111488054707e-01
9.999974362961079333e-01
9.999974949581601491e-01
9.999975938866672021e-01
9.999977357960224689e-01
9.999979190495851267e-01
9.999981377770371660e-01
9.999983824111405850e-01
9.999986405910747944e-01
9.999988983435783574e-01
9.999991414258689870e-01
9.999993566984458626e-01
9.999995333929514452e-01
9.999996641505582984e-01
9.999997457288579694e-01
9.999997793077445296e-01
9.999997703641192448e-01
9.999997281275357919e-01
9.999996646700117786e-01
9.999995937191182849e-01
9.999995293106050953e-01
9.999994844125602578e-01
9.999994696559046936e-01
9.999994922955938170e-01
9.999995555042775486e-01
9.999996580675694080e-01
9.999997945106885444e-01
9.999999556439361781e-01
1.000000129473394894e+00
1.000000302387421991e+00
1.000000460502466160e+00
1.000000591036114495e+00
1.000000683572614291e+00
1.000000731096663431e+00
1.000000730694001527e+00
1.000000683850017058e+00
1.000000596317020651e+00
1.000000477563144585e+00
1.000000339856873754e+00
1.000000197076947428e+00
1.000000063364320901e+00
9.999999517483677547e-01
9.999998728820362892e-01
9.999998340099898186e-01
9.999998382709173184e-01
9.999998844024238220e-01
9.999999668774347539e-01
1.000000076458722464e+00
1.000000201117160037e+00
1.000000327223634855e+00
1.000000440897717668e+00
1.000000529380808079e+00
1.000000582299081398e+00
1.000000592692372292e+00
1.000000557708087490e+00
1.000000478892100642e+00
1.000000362048107272e+00
1.000000216679246545e+00
1.000000055066773141e+00
9.999998910761553894e-01
9.999997388077151994e-01
9.999996112241716917e-01
9.999995188897154996e-01
9.999994689443009177e-01
9.999994644137718547e-01
9.999995039234994554e-01
9.999995818436282491e-01
9.999996888516947680e-01
9.999998128574442147e-01
9.999999401991453984e-01
1.000000056994069908e+00
1.000000150510680808e+00
1.000000210427943514e+00
1.000000229858239109e+00
1.000000206033543337e+00
1.000000140587561370e+00
1.000000039406126584e+00
9.999999120605229663e-01
9.999997708792852658e-01
9.999996297494897490e-01
9.999995027650744328e-01
9.999994028547265490e-01
9.999993405238741806e-01
9.999993228341209628e-01
9.999993527201707089e-01
9.999994287111790836e-01
9.999995450837995126e-01
9.999996924318405034e-01
9.999998585965858000e-01
1.000000029866446871e+00
1.000000192328194260e+00
1.000000333237142769e+00
1.000000442271795409e+00
1.000000512549783060e+00
1.000000541305335444e+00
1.000000530161715417e+00
1.000000484971766745e+00
1.000000415242076057e+00
1.000000333197086588e+00
1.000000252574807957e+00
1.000000187272082508e+00
1.000000149972122054e+00
1.000000150888758155e+00
1.000000196750398640e+00
1.000000290123165492e+00
1.000000429139414670e+00
1.000000607658078078e+00
1.000000815840904167e+00
1.000001041087880349e+00
1.000001269239888746e+00
1.000001485930430478e+00
1.000001677953632262e+00
1.000001834514149923e+00
1.000001948236167060e+00
1.000002015832311741e+00
1.000002038366675006e+00
1.000002021085924397e+00
1.000001972834871022e+00
1.000001905113609091e+00
1.000001830868506802e+00
1.000001763135437205e+00
1.000001713668136283e+00
1.000001691686044136e+00
1.000001702864273589e+00
1.000001748664612888e+00
1.000001826073035005e+00
1.000001927769325949e+00
1.000002042712077266e+00
1.000002157081567367e+00
1.000002255487970615e+00
1.000002322326328796e+00
1.000002343145348860e+00
1.000002305895757004e+00
1.000002201935778157e+00
1.000002026695157031e+00
1.000001779932660373e+00
1.000001465561897396e+00
1.000001091062671987e+00
1.000000666535765692e+00
1.000000203494057827e+00
9.999997135087889122e-01
9.999992068440201054e-01
9.999986912135406802e-01
9.999981707825099653e-01
9.999976455121583063e-01
9.999971109122723911e-01
9.999965582262395625e-01
9.999959750310493112e-01
9.999953461940005450e-01
9.999946550929270650e-01
9.999938849809586472e-01
9.999930203627123149e-01
9.999920482477380190e-01
9.999909591591359392e-01
9.999897477993284767e-01
9.999884133086486271e-01
9.999869590923954332e-01
9.999853922343830970e-01
9.999837225556198472e-01
9.999819614116041144e-01
9.999801203474105726e-01
9.999782097437304174e-01
9.999762375879603926e-01
9.999742084922059737e-01
9.999721230558846763e-01
9.999699776368464743e-01
9.999677645548873395e-01
9.999654727091438211e-01
9.999630885502804878e-01
9.999605973135931025e-01
9.999579843935654244e-01
9.999552367265389652e-01
9.999523440473528924e-01
9.999492998981518443e-01
9.999461022918418873e-01
9.999427539665127762e-01
9.999392622072187375e-01
9.999356382538884258e-01
9.999318963546619532e-01
9.999280525586566881e-01
9.999241233676280372e-01
9.999201243797346539e-01
9.999160690592791001e-01
9.999119677538126361e-01
9.999078270555948889e-01
9.999036495704711758e-01
9.998994341171054678e-01
9.998951763371191070e-01
9.998908696561905618e-01
9.998865065015409836e-01
9.998820796558656188e-01
9.998775836141535756e-01
9.998730158093095399e-01
9.998683775850997213e-01
9.998636748194565937e-01
9.998589181351847932e-01
9.998541226752909461e-01
9.998493074625556254e-01
9.998444944034357018e-01
9.998397070309519297e-01
9.998349691064952749e-01
9.998303032139990165e-01
9.998257294803437611e-01
9.998212645431597823e-01
9.998169208626035420e-01
9.998127064396350461e-01
9.998086249631493727e-01
9.998046763659652614e-01
9.998008577292997190e-01
9.997971644409315850e-01
9.997935914871520779e-01
9.997901347452884391e-01
9.997867921433809535e-01
9.997835645665157367e-01
9.997804564141052897e-01
9.997774757466458828e-01
9.997746340008090149e-01
9.997719452942005480e-01
9.997694253815840870e-01
9.997670903588599112e-01
9.997649552362386505e-01
9.997630325153972208e-01
9.997613309056523345e-01
9.997598543013250794e-01
9.997586011177679310e-01
9.997575640494206217e-01
9.997567302731139582e-01
9.997560820776013601e-01
9.997555978601213589e-01
