0.000000000000000000e+00
6.186321227777378390e-02
1.176587930401610249e-01
1.619142326681488053e-01
1.902888949366353666e-01
1.999997527657194907e-01
1.900943514600222928e-01
1.615442268147613547e-01
1.171496155083678742e-01
6.126480392135667113e-02
-6.289464415472885515e-04
-6.246100884629790517e-02
-1.181668070011916288e-01
-1.622826372925731953e-01
-1.904815565768903096e-01
-1.999977748951428103e-01
-1.898979280709626738e-01
-1.611726233915339312e-01
-1.166392794412546563e-01
-6.066578969492530254e-02
1.257886663213582954e-03
6.305818771510035559e-02
1.186736523675240990e-01
1.626494370447466309e-01
1.906723344754858995e-01
1.999938191735494142e-01
1.896996267119590573e-01
1.607994260733879854e-01
1.161277898857210888e-01
6.006617552235021806e-02
-1.886814445179400184e-03
-6.365474297846193674e-02
-1.191793241267795900e-01
-1.630146282972523841e-01
-1.908612267457496792e-01
-1.999878856400587601e-01
-1.894994493440859407e-01
-1.604246385510088579e-01
-1.156151519000740979e-01
-5.946596733343423313e-02
2.515723567748277736e-03
6.425066873682865054e-02
1.196838172781851395e-01
1.633782074385812244e-01
1.910482315196574132e-01
1.999799743533497987e-01
1.892973979469704804e-01
1.600482645308062557e-01
1.151013705539779414e-01
5.886517106385644876e-02
-3.144607811407926310e-03
-6.484595909687444759e-02
-1.201871268326246550e-01
-1.637401708731655858e-01
-1.912333469478503245e-01
-1.999700853916600851e-01
-1.890934745187726751e-01
-1.596703077348812227e-01
-1.145864509284042071e-01
-5.826379265510918393e-02
3.773460956893516863e-03
6.544060817155426812e-02
1.206892478126855989e-01
1.641005150214172592e-01
1.914165711996541897e-01
1.999582188527852245e-01
1.888876810761658531e-01
1.592907719009856449e-01
1.140703981155807845e-01
5.766183805444442811e-02
-4.402276785245982059e-03
-6.603461008016696387e-02
-1.211901752527097254e-01
-1.644592363197622531e-01
-1.915979024630977134e-01
-1.999443748540777610e-01
-1.886800196543162167e-01
-1.589096607824887764e-01
-1.135532172189411687e-01
-5.705931321481035046e-02
5.031049077875300937e-03
6.662795894841214150e-02
1.216899041988432489e-01
1.648163312206730735e-01
1.917773389449297927e-01
1.999285535324459850e-01
1.884704923068635796e-01
1.585269781483371887e-01
1.130349133530784561e-01
5.645622409479437304e-02
-5.659771616623411258e-03
-6.722064890844352270e-02
-1.221884297090847088e-01
-1.651717961927086087e-01
-1.919548788706379738e-01
-1.999107550443527948e-01
-1.882591011059006059e-01
-1.581427277830187716e-01
-1.125154916436875707e-01
-5.585257665856568909e-02
6.288438183823574779e-03
6.781267409893503018e-02
1.226857468533327777e-01
1.655256277205464643e-01
1.921305204844642733e-01
1.998909795658138644e-01
1.880458481419518546e-01
1.577569134865265399e-01
1.119949572275183436e-01
5.524837687581556772e-02
-6.917042562363998233e-03
-6.840402866513409230e-02
-1.231818507134360835e-01
-1.658778223050165757e-01
-1.923042620494250787e-01
-1.998692272923962010e-01
-1.878307355239537402e-01
-1.573695390743184430e-01
-1.114733152523279813e-01
-5.464363072169418217e-02
7.545578535743633318e-03
6.899470675891812566e-02
1.236767363832429467e-01
1.662283764631385385e-01
1.924761018473269691e-01
1.998454984392158684e-01
1.876137653792334659e-01
1.569806083772815608e-01
1.109505708768232513e-01
5.403834417675639629e-02
-8.174039888143594390e-03
-6.958470253885648549e-02
-1.241703989686483434e-01
-1.665772867281543335e-01
-1.926460381787826748e-01
-1.998197932409362942e-01
-1.873949398534880406e-01
-1.565901252416926070e-01
-1.104267292706141712e-01
-5.343252322690456024e-02
8.802420404477272892e-03
7.017401017026682342e-02
1.246628335876426991e-01
1.669245496495629366e-01
1.928140693632302005e-01
1.997921119517654942e-01
1.871742611107619636e-01
1.561980935291836792e-01
1.099017956141616070e-01
5.282617386332188331e-02
-9.430713870461734233e-03
-7.076262382526814221e-02
-1.251540353703613773e-01
-1.672701617931552642e-01
-1.929801937389477862e-01
-1.997624548454538518e-01
-1.869517313334298769e-01
-1.558045171166977383e-01
-1.093757750987261607e-01
-5.221930208241859495e-02
1.005891407267350129e-02
7.135053768284642384e-02
1.256439994591294906e-01
1.676141197410451478e-01
1.931444096630708096e-01
1.997308222152913426e-01
1.867273527221690044e-01
1.554093998964574119e-01
1.088486729263167807e-01
5.161191388576994582e-02
-1.068701479861140780e-02
-7.193774592890690711e-02
-1.261327210085122219e-01
-1.679564200917084138e-01
-1.933067155116080793e-01
-1.996972143741045647e-01
-1.865011274959413878e-01
-1.550127457759202798e-01
-1.083204943096380685e-01
-5.100401528006232033e-02
1.131500983675805608e-02
7.252424275633283235e-02
1.266201951853647700e-01
1.682970594600103065e-01
1.934671096794581269e-01
1.996616316542536573e-01
1.862730578919708779e-01
1.546145586777436798e-01
1.077912444720424273e-01
5.039561227702422930e-02
-1.194289297664122458e-02
-7.311002236504293705e-02
-1.271064171688770505e-01
-1.686360344772445674e-01
-1.936255905804237509e-01
-1.996240744076292761e-01
-1.860431461657210128e-01
-1.542148425397453226e-01
-1.072609286474759255e-01
-4.978671089337784184e-02
1.257065800889529787e-02
7.369507896204879893e-02
1.275913821506223511e-01
1.689733417911634672e-01
1.937821566472301971e-01
1.995845430056485958e-01
1.858113945908723141e-01
1.538136013148630465e-01
1.067295520804241865e-01
4.917731715076989474e-02
-1.319829872532408965e-02
-7.427940676151345567e-02
-1.280750853346049323e-01
-1.693089780660118338e-01
-1.939368063315373703e-01
-1.995430378392523685e-01
-1.855778054593012205e-01
-1.534108389711205389e-01
-1.061971200258652881e-01
-4.856743707571622992e-02
1.382580891895797762e-02
7.486299998480461237e-02
1.285575219373084332e-01
1.696429399825607476e-01
1.940895381039594858e-01
1.994995593188999550e-01
1.853423810810570227e-01
1.530065594915780980e-01
1.056636377492105733e-01
4.795707669954769187e-02
-1.445318238411671431e-02
-7.544585286055317808e-02
-1.290386871877378938e-01
-1.699752242381366574e-01
-1.942403504540749504e-01
-1.994541078745664664e-01
-1.851051237843351904e-01
-1.526007668743048773e-01
-1.051291105262659314e-01
-4.734624205833540267e-02
1.508041291648071214e-02
7.602795962471954605e-02
1.295185763274788460e-01
1.703058275466622085e-01
1.943892418904466513e-01
1.994066839557380733e-01
1.848660359154619404e-01
1.521934651323340604e-01
1.045935436431589399e-01
4.673493919285165443e-02
-1.570749431313539501e-02
-7.660931452063474145e-02
-1.299971846107280393e-01
-1.706347466386790579e-01
-1.945362109406315598e-01
-1.993572880314068152e-01
-1.846251198388623171e-01
-1.517846582936194788e-01
-1.040569423963157436e-01
-4.612317414848814828e-02
1.633442037264387983e-02
7.718991179906532774e-02
1.304745073043576953e-01
1.709619782613847894e-01
1.946812561512003270e-01
1.993059205900672148e-01
1.843823779370455662e-01
1.513743504009993357e-01
1.035193120923747073e-01
4.551095297521829536e-02
-1.696118489510263158e-02
-7.776974571827807714e-02
-1.309505396879452055e-01
-1.712875191786693285e-01
-1.948243760877472752e-01
-1.992525821397108932e-01
-1.841378126105727153e-01
-1.509625455121582083e-01
-1.029806580481630596e-01
-4.489828172751528929e-02
1.758778168221412572e-02
7.834881054407842604e-02
1.314252770538388571e-01
1.716113661711382299e-01
1.949655693349064967e-01
1.991972732078207964e-01
1.838914262780418918e-01
1.505492476995905493e-01
1.024409855906224520e-01
4.428516646431431697e-02
-1.821420453732828376e-02
-7.892710054988812118e-02
-1.318987147071811472e-01
-1.719335160361488424e-01
-1.951048344963676184e-01
-1.991399943413676155e-01
-1.836432213760551824e-01
-1.501344610505437327e-01
-1.019003000567757500e-01
-4.367161324893052005e-02
1.884044726552644780e-02
7.950461001678094108e-02
1.323708479659742587e-01
1.722539655878465026e-01
1.952421701948860444e-01
1.990807461068024864e-01
1.833932003592026183e-01
1.497181896669981527e-01
1.013586067936546736e-01
4.305762814901566843e-02
-1.946650367365997114e-02
-8.008133323356010635e-02
-1.328416721611242468e-01
-1.725727116571856845e-01
-1.953775750722988591e-01
-1.990195290900530767e-01
-1.831413657000344752e-01
-1.493004376656097143e-01
-1.008159111582666301e-01
-4.244321723650090056e-02
2.009236757043411301e-02
8.065726449679397336e-02
1.333111826364745400e-01
1.728897510919730207e-01
1.955110477895378174e-01
1.989563438965170905e-01
1.828877198890333788e-01
1.488812091776842705e-01
1.002722185175219521e-01
4.182838658751172889e-02
-2.071803276644663613e-02
-8.123239811089320861e-02
-1.337793747488688345e-01
-1.732050807568868700e-01
-1.956425870266418898e-01
-1.988911911510554409e-01
-1.826322654345975960e-01
-1.484605083491216115e-01
-9.972753424819813528e-02
-4.121314228233849408e-02
2.134349307427163209e-02
8.180672838815147840e-02
1.342462438681801817e-01
1.735186975335199222e-01
1.957721914827726950e-01
1.988240714979879753e-01
1.823750048630060905e-01
1.480383393403877368e-01
9.918186373687926105e-02
4.059749040535118314e-02
-2.196874230849810150e-02
-8.238024964879922529e-02
-1.347117853773736051e-01
-1.738305983203985994e-01
-1.958998598762233534e-01
-1.987549856010848437e-01
-1.821159407184071988e-01
-1.476147063264680037e-01
-9.863521237989530954e-02
-3.998143704496156386e-02
2.259377428581374470e-02
8.295295622108307676e-02
1.351759946725349382e-01
1.741407800330248556e-01
1.960255909444355849e-01
1.986839341435623352e-01
1.818550755627773019e-01
1.471896134968201653e-01
9.808758558328357913e-02
3.936498829354066753e-02
-2.321858282504629667e-02
-8.352484244129346203e-02
-1.356388671629332188e-01
-1.744492396038985205e-01
-1.961493834440078410e-01
-1.986109178280736076e-01
-1.815924119759083910e-01
-1.467630650553461980e-01
-9.753898876272544538e-02
-3.874815024738084007e-02
2.384316174723317278e-02
8.409590265384392360e-02
1.361003982710491111e-01
1.747559739825461089e-01
1.962712361507120418e-01
1.985359373767043578e-01
1.813279525553777582e-01
1.463350652203355973e-01
9.698942734349762229e-02
3.813092900661316231e-02
-2.446750487569102073e-02
-8.466613121130633912e-02
-1.365605834326372447e-01
-1.750609801355635098e-01
-1.963911478595011251e-01
-1.984589935309629127e-01
-1.810616999165187702e-01
-1.459056182244388156e-01
-9.643890676040867138e-02
-3.751333067516661457e-02
2.509160603605704171e-02
8.523552247448749897e-02
1.370194180967543307e-01
1.753642550466307792e-01
1.965091173845255612e-01
1.983800870517750670e-01
1.807936566924034094e-01
1.454747283146101411e-01
9.588743245776013002e-02
3.689536136069659217e-02
-2.571545905637545593e-02
-8.580407081246670120e-02
-1.374768977258230551e-01
-1.756657957165543293e-01
-1.966251435591410412e-01
-1.982992187194768663e-01
-1.805238255338065256e-01
-1.450423997520791097e-01
-9.533500988928521325e-02
-3.627702717453006737e-02
2.633905776712470309e-02
8.637177060265929796e-02
1.379330177956521186e-01
1.759655991632856353e-01
1.967392252359219107e-01
1.982163893338040606e-01
1.802522091091894318e-01
1.446086368123027099e-01
9.478164451808990254e-02
3.565833423159677634e-02
-2.696239600131508304e-02
-8.693861623087736912e-02
-1.383877737955117870e-01
-1.762636624219603432e-01
-1.968513612866732987e-01
-1.981315997138859419e-01
-1.799788101046648769e-01
-1.441734437849151729e-01
-9.422734181660137598e-02
-3.503928865037710810e-02
2.758546759453283856e-02
8.750460209138263834e-02
1.388411612281457985e-01
1.765599825449246929e-01
1.969615506024418872e-01
1.980448506982395163e-01
1.797036312239729816e-01
1.437368249737070447e-01
9.367210726653146802e-02
3.441989655283325678e-02
-2.820826638498424507e-02
-8.806972258692405409e-02
-1.392931756098443885e-01
-1.768545566017555026e-01
-1.970697920935232661e-01
-1.979561431447567632e-01
-1.794266751884631139e-01
-1.432987846965572409e-01
-9.311594635879233417e-02
-3.380016406437100218e-02
2.883078621359029883e-02
8.863397212882383192e-02
1.397438124704722673e-01
1.771473816793049938e-01
1.971760846894788088e-01
1.978654779306990574e-01
1.791479447370521727e-01
1.428593272854020435e-01
9.255886459346227002e-02
3.318009731373999099e-02
-2.945302092403075112e-02
-8.919734513701224610e-02
-1.401930673535210781e-01
-1.774384548817217466e-01
-1.972804273391432217e-01
-1.977728559526868990e-01
-1.788674426262073514e-01
-1.424184570862041810e-01
-9.200086747972119339e-02
-3.255970243301791606e-02
3.007496436278812163e-02
8.975983604009298011e-02
1.406409358161370970e-01
1.777277733304712948e-01
1.973828190106320379e-01
1.976782781266945843e-01
1.785851716299138303e-01
1.419761784588860487e-01
9.144196053581638006e-02
3.193898555751067264e-02
-3.069661037924228952e-02
-9.032143927537798767e-02
-1.410874134291897064e-01
-1.780153341643805343e-01
-1.974832586913575216e-01
-1.975817453880359120e-01
-1.783011345396551262e-01
-1.415324957773024528e-01
-9.088214928897761502e-02
-3.131795282570844913e-02
1.031317952825714368e+00
1.090882149288977976e+00
1.141532495777302758e+00
1.178301134539655237e+00
1.197581745388035079e+00
1.197483258691357522e+00
1.178015334164380423e+00
1.141087413429189290e+00
1.090321439275382609e+00
1.030696610379247424e+00
9.680610144424889318e-01
9.085580394641832314e-01
8.580238215411136737e-01
8.214148283700859476e-01
8.023217218733061928e-01
8.026171809893680731e-01
8.222722266695289273e-01
8.593590641838632083e-01
9.102401639599073668e-01
9.699250356372122184e-01
1.032559702433023974e+00
1.092000867479721471e+00
1.142418457086204375e+00
1.178867442626204909e+00
1.197772855952687010e+00
1.197280427339142195e+00
1.177438454881721608e+00
1.140193067353520773e+00
1.089197345137016937e+00
1.029453020924030460e+00
9.668199026862540624e-01
9.074411354065373692e-01
8.571406727145977067e-01
8.208520552629501310e-01
8.021345220693016920e-01
8.028239153105212189e-01
8.228526183206952282e-01
8.602561875295280380e-01
9.113660278711713802e-01
9.711692137864044172e-01
1.033800164064371474e+00
1.093115946358792723e+00
1.143298784696557435e+00
1.179426675188460782e+00
1.197956143144756069e+00
1.197069792093523155e+00
1.176854556601755419e+00
1.139293175609844111e+00
1.088069722586923582e+00
1.028208266384978309e+00
9.655801034471663824e-01
9.063278927334681434e-01
8.562631750262926777e-01
8.202963687760268519e-01
8.019551493017595956e-01
8.030384493975581961e-01
8.234400174550754459e-01
8.611588387718545068e-01
9.124953979086176670e-01
9.724145324054731532e-01
1.035039288650377420e+00
1.094227341816601751e+00
1.144173443784915367e+00
1.179978810104662656e+00
1.198131599713886830e+00
1.196851361286673132e+00
1.176263662421960010e+00
1.138387773795511482e+00
1.086938616230882060e+00
1.026962396001314781e+00
9.643416657684028559e-01
9.052183554819097644e-01
8.553913631877009260e-01
8.197477908908128441e-01
8.017836106661958562e-01
8.032607747640782003e-01
8.240344008367145312e-01
8.620669822043481867e-01
9.136282293973359003e-01
9.736609422328756924e-01
1.036277027174530518e+00
1.095335009889285560e+00
1.145042399752079332e+00
1.180523825533806637e+00
1.198299218719477643e+00
1.196625143559141069e+00
1.175665795716554163e+00
1.137476897725822722e+00
1.085804070812466327e+00
1.025715459056369516e+00
9.631046386393030678e-01
9.041125675422395647e-01
8.545252716853914965e-01
8.192063433075976731e-01
8.016199129482242114e-01
8.034908826154750772e-01
8.246357449533679995e-01
8.629805819032417835e-01
9.147644775255102667e-01
9.749083939639433538e-01
1.037513330675169820e+00
1.096438906760406562e+00
1.145905618224435152e+00
1.181061699916517771e+00
1.198458993530962857e+00
1.196391147859501070e+00
1.175060980135562039e+00
1.136560583432641103e+00
1.084666131211305951e+00
1.024467504875690604e+00
9.618690709933864769e-01
9.030105726565020863e-01
8.536649347796640974e-01
8.186720474446196327e-01
8.014640626232959475e-01
8.037287638492880415e-01
8.252440260174540576e-01
8.638996017289490847e-01
9.159040973461616275e-01
9.761568382527643362e-01
1.038748150247378543e+00
1.097538988762725820e+00
1.146763065055344644e+00
1.181592411975910917e+00
1.198610917828073941e+00
1.196149383444008230e+00
1.174449239603898354e+00
1.135638867162934940e+00
1.083524842441290437e+00
1.023218582825043077e+00
9.606350117064561545e-01
9.019124144167185442e-01
8.528103865031815278e-01
8.181449244372213103e-01
8.013160658564375538e-01
8.039744090555650535e-01
8.258592199669725353e-01
8.648240053274611761e-01
9.170470437789198792e-01
9.774062257141866716e-01
1.039981437044962043e+00
1.098635212379895698e+00
1.147614706326464340e+00
1.182115940718407421e+00
1.198754985601084844e+00
1.195899859876223381e+00
1.173830598320399821e+00
1.134711785377377602e+00
1.082380249648793757e+00
1.021968742308500433e+00
9.594025095946484560e-01
9.008181362631229039e-01
8.519616606596119857e-01
8.176249951369913838e-01
8.011759285020122467e-01
8.042278085172274160e-01
8.264813024664788843e-01
8.657537561318180419e-01
9.181932716118540450e-01
9.786565069257315841e-01
1.041213142282336079e+00
1.099727534248196026e+00
1.148460508349119946e+00
1.182632265434597763e+00
1.198891191151055802e+00
1.195642587026642278e+00
1.173205080756889451e+00
1.133779374748870694e+00
1.081232398110892889e+00
1.020718032766446237e+00
9.581716134124851347e-01
8.997277814824826692e-01
8.511187908223192267e-01
8.171122801109664824e-01
8.010436561034828262e-01
8.044889522104629043e-01
8.271102489080272013e-01
8.666888173635299841e-01
9.193427355032037784e-01
9.799076324295662443e-01
1.042443217236501241e+00
1.100815911158264493e+00
1.149300437665613739e+00
1.183141365700033587e+00
1.199019529090053160e+00
1.195377575072298804e+00
1.172572711657186906e+00
1.132841672161119639e+00
1.080081333233557039e+00
1.019466503673662316e+00
9.569423718509839638e-01
8.986413932063473942e-01
8.502818103329996546e-01
8.166067996407960772e-01
8.009192538931971805e-01
8.047578298051134560e-01
8.277460344121522207e-01
8.676291520340282393e-01
9.204953899832194475e-01
9.811595527344767476e-01
1.043671613248925434e+00
1.101900300056771087e+00
1.150134461050545953e+00
1.183643221376055266e+00
1.199139994341367643e+00
1.195104834496367507e+00
1.171933516036151479e+00
1.131898714707178621e+00
1.078927100549887719e+00
1.018214204537327916e+00
9.557148335356880908e-01
8.975590144093821277e-01
8.494507523004092286e-01
8.161085737219591074e-01
8.008027267921791204e-01
8.050344306650929482e-01
8.283886338288619644e-01
8.685747229461656671e-01
9.216511894559192841e-01
9.824122183177862455e-01
1.044898281727512979e+00
1.102980658048160922e+00
1.150962545512162150e+00
1.184137812610573937e+00
1.199252582139710643e+00
1.194824376087747719e+00
1.171287519178670689e+00
1.130950539687944900e+00
1.077769745718275107e+00
1.016961184895105008e+00
9.544890470247868741e-01
8.964806879076273605e-01
8.486256495990003312e-01
8.156176220629542950e-01
8.006940794099325354e-01
8.053187438487984240e-01
8.290380217386154049e-01
8.695254926956426100e-01
9.228100882009350192e-01
9.836655796273593433e-01
1.046123174148488433e+00
1.104056942396320906e+00
1.151784658293617980e+00
1.184625119838862428e+00
1.199357288031406732e+00
1.194536210940632115e+00
1.170634746638675949e+00
1.129997184610729954e+00
1.076609314520634353e+00
1.015707494313135006e+00
9.532650608071506770e-01
8.954064563568359114e-01
8.478065348676637747e-01
8.151339640845389756e-01
8.005933160442620933e-01
8.056107581095527381e-01
8.296941724533395401e-01
8.704814236725235688e-01
9.239720403752782474e-01
9.849195870835169009e-01
1.047346242058333043e+00
1.105129110526266167e+00
1.152600766874307014e+00
1.185105123784336412e+00
1.199454107874566411e+00
1.194240350454076172e+00
1.169975224238136491e+00
1.129038687187737589e+00
1.075445852860552831e+00
1.014453182384116303e+00
9.520429233004574776e-01
8.943363622507890520e-01
8.469934405084216245e-01
8.146576189189428385e-01
8.005004406811000450e-01
8.059104618960392097e-01
8.303570600174394745e-01
8.714424780626919276e-01
9.251370000151957207e-01
9.861741910810424283e-01
1.048567437075716535e+00
1.106197120025868008e+00
1.153410838971119068e+00
1.185577805459301359e+00
1.199543037839252202e+00
1.193936806331537870e+00
1.169308978066010196e+00
1.128075085334602434e+00
1.074279406761515787e+00
1.013198298725326518e+00
9.508226828492324367e-01
8.932704479195731073e-01
8.461863986851348995e-01
8.141886054091286296e-01
8.004154569943515707e-01
8.062178433527692478e-01
8.310266582088374765e-01
8.724086178493790644e-01
9.263049210379515896e-01
9.874293419910994407e-01
1.049786710893374053e+00
1.107260928647477494e+00
1.154214842539745600e+00
1.186043146165721041e+00
1.199624074407628971e+00
1.193625590580423612e+00
1.168636034477244401e+00
1.127106417168876717e+00
1.073110022365043825e+00
1.011942892976642305e+00
9.496043877229698449e-01
8.922087555279571980e-01
8.453854413222570141e-01
8.137269421080295384e-01
8.003383683457464537e-01
8.065328903205416511e-01
8.317029405399922748e-01
8.733798048146343973e-01
9.274757572436701514e-01
9.886849901632395188e-01
1.051004015280065484e+00
1.108320494309636084e+00
1.155012745775922278e+00
1.186501127495940500e+00
1.199697214374104703e+00
1.193306715511606164e+00
1.167956420091706526e+00
1.126132721008514137e+00
1.071937745928905228e+00
1.010687014798615335e+00
9.483880861142283125e-01
8.911513270736877157e-01
8.445906001035414778e-01
8.132726472778323279e-01
8.002691777847086296e-01
8.068555903369307725e-01
8.323858802589549910e-01
8.743560005408674840e-01
9.286494623171539509e-01
9.899410859273212182e-01
1.052219302082417540e+00
1.109375775098730088e+00
1.155804517116697960e+00
1.186951731333428128e+00
1.199762454845453741e+00
1.192980193738946593e+00
1.167270161793155792e+00
1.125154035370357741e+00
1.070762623825268989e+00
1.009430713870468344e+00
9.471738261366804412e-01
8.900982043858356452e-01
8.438019064708178751e-01
8.128257388892363711e-01
8.002078880482346168e-01
8.071859306367706877e-01
8.330754503504349540e-01
8.753371664123587026e-01
9.298259898297308590e-01
9.911975795955145774e-01
1.053432523226900841e+00
1.110426729270615587e+00
1.156590125241690137e+00
1.187394939853488207e+00
1.199819793240936683e+00
1.192646038178782231e+00
1.166577286728157192e+00
1.124170398968648010e+00
1.069584702538861398e+00
1.008174039888141804e+00
9.459616558232377681e-01
8.890494291231764157e-01
8.430193916227226580e-01
8.123862346207668672e-01
8.001545015607838263e-01
8.075238981526731141e-01
8.337716235368640705e-01
8.763232636167561651e-01
9.310052932410756155e-01
9.924544214642553319e-01
1.054643630721697312e+00
1.111473315252327065e+00
1.157369539074320386e+00
1.187830735523952796e+00
1.199869227292396312e+00
1.192304262049425745e+00
1.165877822305014799e+00
1.123181850713437901e+00
1.068404028665131067e+00
1.006917042562355036e+00
9.447516231241827045e-01
8.880050427724837103e-01
8.422430865134723499e-01
8.119541518580494222e-01
8.001090204341860801e-01
8.078694795155346720e-01
8.344743722794545349e-01
8.773142531466641136e-01
9.321873259010660107e-01
9.937115618161824759e-01
1.055852576658566688e+00
1.112515491643683241e+00
1.158142727783018966e+00
1.188259101105898718e+00
1.199910755044352850e+00
1.191954878870636225e+00
1.165171796192708831e+00
1.122188429709089386e+00
1.067220648908443925e+00
1.005659771616618681e+00
9.435437759052066609e-01
8.869650866469176442e-01
8.414730218516638383e-01
8.115295076931386964e-01
8.000714464675540150e-01
8.082226610550711232e-01
8.351836687793259273e-01
8.783100958011593740e-01
9.333720410515862209e-01
9.949689509221278927e-01
1.057059313214807394e+00
1.113553217218943736e+00
1.158909660782486917e+00
1.188680019654313247e+00
1.199944374854077678e+00
1.191597902463097158e+00
1.164459236319764113e+00
1.121190175252708254e+00
1.066034610080171197e+00
1.004402276785244075e+00
9.423381619455599711e-01
8.859296018844189380e-01
8.407092280990171584e-01
8.111123189238340636e-01
8.000417811472146923e-01
8.085834288003459491e-01
8.358994849785792436e-01
8.793107521873146926e-01
9.345593918284508250e-01
9.962265390431062073e-01
1.058263792655114388e+00
1.114586450928403361e+00
1.159670307734877115e+00
1.189093474518772453e+00
1.199970085391660168e+00
1.191233346947850658e+00
1.163740170873163393e+00
1.120187126832626001e+00
1.064845959096870631e+00
1.003144607811410349e+00
9.411348289361404218e-01
8.848986294460240432e-01
8.399517354691985460e-01
8.107026020530304633e-01
8.000200256466502013e-01
8.089517684803416708e-01
8.366217925614202189e-01
8.803161827218117796e-01
9.357493312631730564e-01
9.974842764322479072e-01
1.059465967333435898e+00
1.115615151900070767e+00
1.160424638551009524e+00
1.189499449344088244e+00
1.199987885640058760e+00
1.190861226745751233e+00
1.163014628297252218e+00
1.119179324126783781e+00
1.063654742978461520e+00
1.001886814445173579e+00
9.399338244776500595e-01
8.838722101142837406e-01
8.392005739266121811e-01
8.103003732880393883e-01
8.000061808264505858e-01
8.093276655245155160e-01
8.373505629552526752e-01
8.813263476324701973e-01
9.369418122848980346e-01
9.987421133367904158e-01
1.060665789694923422e+00
1.116639279441257626e+00
1.161172623391532488e+00
1.189897928070963617e+00
1.199997774895142921e+00
1.190481556576889366e+00
1.162282637292574972e+00
1.118166807001198748e+00
1.062461008846301125e+00
1.000628946441545208e+00
9.387351960786468608e-01
8.828503844916306686e-01
8.384557731852343432e-01
8.099056485399772631e-01
8.000002472342805371e-01
8.097111050633649665e-01
8.380857673318483636e-01
8.823412069598395302e-01
9.381367877222321905e-01
1.000000000000000444e+00
