5.987833960242444600e-02
5.745404111582612400e-02
5.507515794051105000e-02
5.274350221784307500e-02
5.046073795435944400e-02
4.822838085163541600e-02
4.604779853660373500e-02
4.392021109154741000e-02
4.184669182134498000e-02
3.982816823646846000e-02
3.786542326951163000e-02
3.595909677666677500e-02
3.410968740017029000e-02
3.231755488083036500e-02
3.058292291002176000e-02
2.890588259796351300e-02
2.728639661095182000e-02
2.572430399692905700e-02
2.421932567967702600e-02
2.277107056096210000e-02
2.137904213126553000e-02
2.004264545722995300e-02
1.876119439097226300e-02
1.753391883536045700e-02
1.635997190147091300e-02
1.523843680969117600e-02
1.416833341298642000e-02
1.314862425722493900e-02
1.217822013576643000e-02
1.125598513978187300e-02
1.038074124782841000e-02
9.551272534094834000e-03
8.766329101112896000e-03
8.024630857175979000e-03
7.324871259965872000e-03
6.665721135994541500e-03
6.045832661740888000e-03
5.463843559276557000e-03
4.918381520116670000e-03
4.408068829966623000e-03
3.931527128121295500e-03
3.487382202446690000e-03
3.074268697471110600e-03
2.690834601537055400e-03
2.335745380452851000e-03
2.007687639583276300e-03
1.705372222496496600e-03
1.427536689653917000e-03
1.172947161795339400e-03
9.403995556642709000e-04
7.287202803821440000e-04
5.367664971825365000e-04
3.634260700323747000e-04
2.076173475062509000e-04
6.828891592122765000e-05
-5.558054974912313000e-05
-1.649822359304013700e-04
-2.608768747672152000e-04
-3.441941364181221600e-04
-4.158317453458854000e-04
-4.766543766653666000e-04
-5.274924224525739000e-04
-5.691407422366397000e-04
-6.023575243070766000e-04
-6.278633837577602000e-04
-6.463408094327043000e-04
-6.584340464948558000e-04
-6.647494667145446000e-04
-6.658564381781320000e-04
-6.622886639270106000e-04
-6.545459192073089000e-04
-6.430960834662605000e-04
-6.283773392818517000e-04
-6.108003984276868000e-04
-5.907506164520850000e-04
-5.685898713961419000e-04
-5.446581082155760000e-04
-5.192744855848476000e-04
-4.927381026290373000e-04
-4.653283257649790000e-04
-4.373047760804395000e-04
-4.089070716151887300e-04
-3.803544432261745000e-04
-3.518453550591466000e-04
-3.235572598240409500e-04
-2.956466051851271600e-04
-2.682491820138640000e-04
-2.414808705418898800e-04
-2.154388000194859000e-04
-1.902028953176665100e-04
-1.658377441657414000e-04
-1.423946853086057000e-04
-1.199139940945374000e-04
-9.842703021463632000e-05
-7.795821368277358000e-05
-5.852670955229954000e-05
-4.014772791530256500e-05
-2.283338088175273600e-05
-6.593079055690243000e-06
8.566507476742643000e-06
2.264185861301339300e-05
3.563328549123600000e-05
4.754576092718435000e-05
5.838976448898236500e-05
6.818200891511440000e-05
7.694592887728638000e-05
8.471183902350521000e-05
9.151670325776766000e-05
9.740349787958916000e-05
1.024201935247852100e-04
1.066184206626358600e-04
1.100519168042485700e-04
1.127748772826950300e-04
1.148403431487825000e-04
1.162987582382842300e-04
1.171968129506084400e-04
1.175766661570002100e-04
1.174756014889881800e-04
1.169261334930688800e-04
1.159565367731050900e-04
1.145917314324141900e-04
1.128544247775941200e-04
1.107663856270758300e-04
1.083497159963763700e-04
1.056279865448027000e-04
1.026271168078258000e-04
9.937590747095487000e-05
9.590616719336056000e-05
9.225241730679991000e-05
8.845120009599750000e-05
8.454005615576713000e-05
8.055626961733186000e-05
7.653550357788160000e-05
7.251045954668824000e-05
6.850969301452332000e-05
6.455670253048815000e-05
6.066938337813468400e-05
5.685990166218771000e-05
5.313500381113868600e-05
4.949673417428484500e-05
4.594349369839466000e-05
4.247133950475946400e-05
3.907540180721515000e-05
3.575128331137857000e-05
3.249630812558447000e-05
2.931050211178137500e-05
2.619721305104913700e-05
2.316331440177806500e-05
2.021897731866533200e-05
1.737703796909462400e-05
1.465202687666387300e-05
1.205896014842478000e-05
9.612015755577912000e-06
7.323229252166757000e-06
5.201341334522351500e-06
3.250914661878360000e-06
1.471810846789058400e-06
-1.409169154287846500e-07
-1.596700998658204700e-06
-2.908734027787339200e-06
-4.092908452294481000e-06
-5.166521385979812000e-06
-6.146868259535839000e-06
-7.049859891036767000e-06
-7.888795438271057000e-06
-8.673408565234773000e-06
-9.409277516330065000e-06
-1.009765425786344500e-05
-1.073572690181874300e-05
-1.131728728684457400e-05
-1.183373600812529700e-05
-1.227532424314734800e-05
-1.263250864510998600e-05
-1.289728463268958700e-05
-1.306436566698365700e-05
-1.313209135153509300e-05
-1.310297392382873500e-05
-1.298382830436033700e-05
-1.278547184063019700e-05
-1.252202220952974900e-05
-1.220986147103797800e-05
-1.186636712172825500e-05
-1.150853395572009200e-05
-1.115162135149629500e-05
-1.080795820509825300e-05
-1.048602235881722000e-05
-1.018988453730274500e-05
-9.919071132299128000e-06
-9.668859171705490000e-06
-9.430974490305356000e-06
-9.194624639076325000e-06
-8.947765299884046000e-06
-8.678476126854256000e-06
-8.376311255659483000e-06
-8.033492255013165000e-06
-7.645826792539045000e-06
-7.213263229980027000e-06
-6.740027108000192000e-06
-6.234326522829466000e-06
-5.707655710408655000e-06
-5.173765588517120000e-06
-4.647402695945361000e-06
-4.142940704128591000e-06
-3.673039230929107500e-06
-3.247462023421940000e-06
-2.872170957924788700e-06
-2.548785263161421300e-06
-2.274459558850355500e-06
-2.042193229950942300e-06
-1.841541354811375800e-06
-1.659658022708360900e-06
-1.482570275577488300e-06
-1.296558287736191700e-06
-1.089506974896885300e-06
-8.520970221025974000e-07
-5.787190650106450000e-07
-2.680219060061236400e-07
7.695846660759920000e-08
4.491011813845569400e-07
8.379039386200259000e-07
1.230518112692082600e-06
1.613013480503284000e-06
1.971748045300053000e-06
2.294708130855191000e-06
2.572686851445674000e-06
2.800184930815909000e-06
2.975945092055340300e-06
3.103067197452305000e-06
3.188692456201407000e-06
3.243287303406859300e-06
3.279596838737329600e-06
3.311370144260320600e-06
3.351982197556757200e-06
3.413087261541985700e-06
3.503435569512244400e-06
3.627969133257258000e-06
3.787285152068008800e-06
3.977519473703418000e-06
4.190661388469817000e-06
4.415268762569369500e-06
4.637513283233223000e-06
4.842453244016022500e-06
5.015409016400819000e-06
5.143306319068818000e-06
5.215855593099755600e-06
5.226451906470493400e-06
5.172707263957044000e-06
5.056563296347080000e-06
4.883973505237964000e-06
4.664186505460574000e-06
4.408700890855441000e-06
4.129994607543727000e-06
3.840153888020476000e-06
3.549536704945265000e-06
3.265602373832533600e-06
2.992022695483150000e-06
2.728162474571094600e-06
2.468981082806084000e-06
2.205365500850641600e-06
1.924863016882393700e-06
1.612742625788546800e-06
1.253281999621905700e-06
8.311548425784334000e-07
3.327836656056479300e-07
-2.524735243355186000e-07
-9.314177669410706000e-07
-1.706472417592371700e-06
-2.575566403684228000e-06
-3.532447468522732000e-06
-4.567393162441126000e-06
-5.668248263587987000e-06
-6.821685230207893000e-06
-8.014562349087190000e-06
-9.235244603243763000e-06
-1.047475588202996900e-05
-1.172764764598691700e-05
-1.299249692028098000e-05
-1.427198280203625000e-05
-1.557253196745002300e-05
-1.690356590403232000e-05
-1.827642162937565000e-05
-1.970304966248737000e-05
-2.119461484853270700e-05
-2.276013516196365500e-05
-2.440528989304245400e-05
-2.613151202432351500e-05
-2.793545175550857700e-05
-2.980886176941530500e-05
-3.173891351620394000e-05
-3.370891158060223000e-05
-3.569933422873826000e-05
-3.768909633021886500e-05
-3.965690914701110000e-05
-4.158260210309928000e-05
-4.344827551840255500e-05
-4.523917002834285000e-05
-4.694416637588432000e-05
-4.855586571372298000e-05
-5.007024191620449000e-05
-5.148589961738875000e-05
-5.280301062347367400e-05
-5.402203317670520000e-05
-5.514234015271504500e-05
-5.616089153545705600e-05
-5.707108252558366000e-05
-5.786188179080336000e-05
-5.851734631321869000e-05
-5.901656278062419000e-05
-5.933402408713582000e-05
-5.944040731211452000e-05
-5.930368067372153000e-05
-5.889043521705441000e-05
-5.816731550903994000e-05
-5.710241448013170000e-05
-5.566650167138346000e-05
-5.383397110983395600e-05
-5.158342318041024600e-05
-4.889783142696477000e-05
-4.576428661086495000e-05
-4.217335252092038000e-05
-3.811810682581831000e-05
-3.359297188218783000e-05
-2.859246175399430000e-05
-2.310998066619164300e-05
-1.713680382495568400e-05
-1.066135440596829600e-05
-3.668862217788210000e-06
3.858547139374285000e-06
1.194132528406542300e-05
2.060157111647337600e-05
2.986177163358607200e-05
3.974331880873990000e-05
5.026492916080681000e-05
6.144110156770719000e-05
7.328074455516912000e-05
8.578608714542870000e-05
9.895195907064893000e-05
1.127654895233769000e-04
1.272062322321167000e-04
1.422466825812612400e-04
1.578531138759057300e-04
1.739866284801393000e-04
1.906042985185419000e-04
2.076602621979235000e-04
2.251066464364829400e-04
2.428942039366586400e-04
2.609725814051282000e-04
2.792901725176168000e-04
2.977935508398718000e-04
3.164265201791576400e-04
3.351288586192459000e-04
3.538348639943836600e-04
3.724718297061494700e-04
3.909585885191382000e-04
4.092042574426037300e-04
4.271072994717351500e-04
4.445549895362033000e-04
4.614233352849189500e-04
4.775774619377359000e-04
4.928724284289803000e-04
5.071544035854030000e-04
5.202620999076658000e-04
5.320283417277467000e-04
5.422816361443361000e-04
5.508476200246899000e-04
5.575502740338331000e-04
5.622128233849880000e-04
5.646582819874033000e-04
5.647096382781165000e-04
5.621897231862702000e-04
5.569208392608517000e-04
5.487242612133263000e-04
5.374197389244571000e-04
5.228251422992264000e-04
5.047563824055561000e-04
4.830277255828400400e-04
4.574525883902173600e-04
4.278448642004658000e-04
3.940207905586549000e-04
3.558013241916408600e-04
3.130149519026584400e-04
2.655008342884414000e-04
2.131121583241727000e-04
1.557195664005460000e-04
9.321453417153360000e-05
2.551258708415983300e-05
-4.744372603681958600e-05
-1.256821473164984200e-04
-2.091983158526669500e-04
-2.979536275898593000e-04
-3.918732732588612000e-04
-4.908443481101342000e-04
-5.947139071825751000e-04
-7.032868323776883000e-04
-8.163233834467793000e-04
-9.335363236368602000e-04
-1.054587540419621400e-03
-1.179084119608110500e-03
-1.306573873608096000e-03
-1.436540367472314800e-03
-1.568397525699480700e-03
-1.701483934581102000e-03
-1.835056976313471300e-03
-1.968286940053342000e-03
-2.100251250822258000e-03
-2.229928940175900000e-03
-2.356195454620765700e-03
-2.477817861726882800e-03
-2.593450473394727000e-03
-2.701630864868896000e-03
-2.800776230970806000e-03
-2.889179991402074000e-03
-2.965008537869079500e-03
-3.026298009185897000e-03
-3.070950987188962300e-03
-3.096733025702077000e-03
-3.101268955134601500e-03
-3.082038943714159400e-03
-3.036374339188811300e-03
-2.961453357987135000e-03
-2.854296728167386700e-03
-2.711763424257470600e-03
-2.530546653261424400e-03
-2.307170259694196000e-03
-2.037985712740457800e-03
-1.719169821052375000e-03
-1.346723292090350000e-03
-9.164702161261699000e-04
-4.240585137163158500e-04
1.350386563074520500e-04
7.655205693841151000e-04
1.472255760066502800e-03
2.260278091240501000e-03
3.134782167772293500e-03
4.101118189534510000e-03
5.164786321160665000e-03
6.331430627595684500e-03
7.606832588438566000e-03
8.996904163888340000e-03
1.050768034491134000e-02
1.214531108417760500e-02
1.391605247612009000e-02
1.582625703716083000e-02
1.788236293269263400e-02
2.009088200654118000e-02
2.245838649079614400e-02
2.499149430727938000e-02
2.769685291363347000e-02
3.058112169339958400e-02
3.365095293641811500e-02
3.691297149931411000e-02
4.037375327198482000e-02
4.403980260189990000e-02
4.791752884170132000e-02
5.201322218632980000e-02
5.633302895428102000e-02
6.088292644542782400e-02
6.566869747801146000e-02
7.069590467356390000e-02
7.596986452474538000e-02
8.149562125145550000e-02
8.727792042879881000e-02
9.332118235949950000e-02
9.962947516505705000e-02
1.062064875849725400e-01
1.130555015010986400e-01
1.201793642426759200e-01
1.275804607739417500e-01
1.352606859165818300e-01
1.432214168095592400e-01
1.514634858548050000e-01
1.599871544350636200e-01
1.687920877167921000e-01
1.778773308643720700e-01
1.872412869912041000e-01
1.968816971589978600e-01
2.067956227104651700e-01
2.169794301854359700e-01
2.274287790296783000e-01
2.381386122633500400e-01
2.491031502359725100e-01
2.603158875606278000e-01
2.717695932944979600e-01
2.834563144175937000e-01
2.953673826570083000e-01
3.074934247094248700e-01
3.198243759277878400e-01
3.323494975558329000e-01
3.450573976125983500e-01
3.579360555437147000e-01
3.709728507627876000e-01
3.841545952005318600e-01
3.974675699581971000e-01
4.108975661230213600e-01
4.244299297459410700e-01
4.380496109058477000e-01
4.517412166918261000e-01
4.654890678275691600e-01
4.792772585438600000e-01
4.930897191793192000e-01
5.069102808611884000e-01
5.207227414966921000e-01
5.345109322130710000e-01
5.482587833489440000e-01
5.619503891350914000e-01
5.755700702952026000e-01
5.891024339183579000e-01
6.025324300834439000e-01
6.158454048413906000e-01
6.290271492794290000e-01
6.420639444988010000e-01
6.549426024302125000e-01
6.676505024872601000e-01
6.801756241155636000e-01
6.925065753341507000e-01
7.046326173867448000e-01
7.165436856262776000e-01
7.282304067494190000e-01
7.396841124832477000e-01
7.508968498077602000e-01
7.618613877801228000e-01
7.725712210134015000e-01
7.830205698571012000e-01
7.932043773313627000e-01
8.031183028819364000e-01
8.127587130486340000e-01
8.221226691741489000e-01
8.312079123201719000e-01
8.400128456000842000e-01
8.485365141782484000e-01
8.567785832211021000e-01
8.647393141113704000e-01
8.724195392509647000e-01
8.798206357788291000e-01
8.869444985166302000e-01
8.937935124285866000e-01
9.003705248439208000e-01
9.066788176444678000e-01
9.127220795697115000e-01
9.185043787411357000e-01
9.240301354614493000e-01
9.293040953057428000e-01
9.343313024939034000e-01
9.391170735185796000e-01
9.436669710012942000e-01
9.479867777602804000e-01
9.520824710954050000e-01
9.559601973251599000e-01
9.596262466444845000e-01
9.630870284060218000e-01
9.663490469572455000e-01
9.694188781880597000e-01
9.723031469550993000e-01
9.750085055482185000e-01
9.775416133509751000e-01
9.799091178210328000e-01
9.821176368802382000e-01
9.841737427607102000e-01
9.860839473063087000e-01
9.878546886824648000e-01
9.894923194056442000e-01
9.910030955703284000e-01
9.923931671292416000e-01
9.936685690734102000e-01
9.948352133630985000e-01
9.958988814779778000e-01
9.968652174830704000e-01
9.977397215430942000e-01
9.985277438580129000e-01
9.992344790327898000e-01
9.998649609304155000e-01
1.000424058085554000e+00
1.000916469773762500e+00
1.001346722836334400e+00
1.001719169352845600e+00
1.002037985233163600e+00
1.002307169769974400e+00
1.002530546154778900e+00
1.002711762918553000e+00
1.002854296216948000e+00
1.002961452843133400e+00
1.003036373822761000e+00
1.003082038427957700e+00
1.003101268442486500e+00
1.003096732518795600e+00
1.003070950488858400e+00
1.003026297522470900e+00
1.002965008066018200e+00
1.002889179537875800e+00
1.002800775799443500e+00
1.002701630459231000e+00
1.002593450097753400e+00
1.002477817520405000e+00
1.002356195152155600e+00
1.002229928681317700e+00
1.002100251040529500e+00
1.001968286783488300e+00
1.001835056878836100e+00
1.001701483901741000e+00
1.001568397563227000e+00
1.001436540481267000e+00
1.001306574069727100e+00
1.001179084404250700e+00
1.001054587919911800e+00
1.000933536804412300e+00
1.000816323972027400e+00
1.000703287535350800e+00
1.000594714731175300e+00
1.000490845299763800e+00
1.000391874359198900e+00
1.000297954854393300e+00
1.000209199690015000e+00
1.000125683675214000e+00
1.000047445413886600e+00
9.999744892667344000e-01
9.999067874913861000e-01
9.998442826363727000e-01
9.997868902267975000e-01
9.997345017379167000e-01
9.996869878116676000e-01
9.996442016345136000e-01
9.996059823664780000e-01
9.995721584937266000e-01
9.995425509722827000e-01
9.995169760389184000e-01
9.994952475861619000e-01
9.994771790296547000e-01
9.994625846347425000e-01
9.994512803114222000e-01
9.994430839284478000e-01
9.994378152344687000e-01
9.994352955028827000e-01
9.994353470348416000e-01
9.994377926597938000e-01
9.994424553646113000e-01
9.994491581615538000e-01
9.994577242741012000e-01
9.994679776811018000e-01
9.994797440175247000e-01
9.994928517884896000e-01
9.995071338162718000e-01
9.995224288112400000e-01
9.995385829400171000e-01
9.995554512592659000e-01
9.995728988918711000e-01
9.995908018430887000e-01
9.996090473854041000e-01
9.996275339793228000e-01
9.996461707393268000e-01
9.996648764956246000e-01
9.996835785390424000e-01
9.997022111648293000e-01
9.997207141484856000e-01
9.997390312912486000e-01
9.997571091641410000e-01
9.997748961583360000e-01
9.997923419180941000e-01
9.998093971937428000e-01
9.998260141099146000e-01
9.998421468026380000e-01
9.998577523419855000e-01
9.998727918284158000e-01
9.998872315334975000e-01
9.999010439510679000e-01
9.999142086335240000e-01
9.999267127089645000e-01
9.999385510062924000e-01
9.999497257539914000e-01
9.999602458603674000e-01
9.999701258244248000e-01
9.999793843631847000e-01
9.999880428695285000e-01
9.999961238317977000e-01
1.000003649350704700e+00
1.000010639880180000e+00
1.000017113297467100e+00
1.000023084376164800e+00
1.000028564697102600e+00
1.000033562989708800e+00
1.000038085855056400e+00
1.000042138785072900e+00
1.000045727364121500e+00
1.000048858522010400e+00
1.000051541703217900e+00
1.000053789826067000e+00
1.000055619926945500e+00
1.000057053416274000e+00
1.000058115911729200e+00
1.000058836656395800e+00
1.000059247570911600e+00
1.000059382025238000e+00
1.000059273443834500e+00
1.000058953874975600e+00
1.000058452659071500e+00
1.000057795321718000e+00
1.000057002795719400e+00
1.000056091044582800e+00
1.000055071121117600e+00
1.000053949652573500e+00
1.000052729702369400e+00
1.000051411921959500e+00
1.000049995878323300e+00
1.000048481425729800e+00
1.000046869986424000e+00
1.000045165614160500e+00
1.000043375736099800e+00
1.000041511500424200e+00
1.000039587695955100e+00
1.000037622252267300e+00
1.000035635370169400e+00
1.000033648368857000e+00
1.000031682364021200e+00
1.000029756907926200e+00
1.000027888726340300e+00
1.000026090677834700e+00
1.000024371039244500e+00
1.000022733189204400e+00
1.000021175722689100e+00
1.000019692987280700e+00
1.000018275990571600e+00
1.000016913591747000e+00
1.000015593862533500e+00
1.000014305486117200e+00
1.000013039058898600e+00
1.000011788169489200e+00
1.000010550151181300e+00
1.000009326436130500e+00
1.000008122478524900e+00
1.000006947256258300e+00
1.000005812401918900e+00
1.000004731050223600e+00
1.000003716516783900e+00
1.000002780939581700e+00
1.000001934018135000e+00
1.000001181975684900e+00
1.000000526847810700e+00
9.999999661687820000e-01
9.999994930879007000e-01
9.999990969058254000e-01
9.999987639796226000e-01
9.999984789090529000e-01
9.999982258889457000e-01
9.999979900961609000e-01
9.999977589761734000e-01
9.999975233040983000e-01
9.999972779170296000e-01
9.999970220467360000e-01
9.999967592209004000e-01
9.999964967433348000e-01
9.999962448048465000e-01
9.999960153125923000e-01
9.999958205533175000e-01
9.999956718221111000e-01
9.999955781516419000e-01
9.999955452669294000e-01
9.999955748685423000e-01
9.999956643148517000e-01
9.999958067347857000e-01
9.999959915602681000e-01
9.999962054263174000e-01
9.999964333506889000e-01
9.999966600774871000e-01
9.999968714530627000e-01
9.999970556993089000e-01
9.999972044595091000e-01
9.999973135141709000e-01
9.999973830966200000e-01
9.999974177773700000e-01
9.999974259285499000e-01
9.999974188208478000e-01
9.999974094414529000e-01
9.999974111488270000e-01
9.999974362961298000e-01
9.999974949581821000e-01
9.999975938866896000e-01
9.999977357960452000e-01
9.999979190496082000e-01
9.999981377770607000e-01
9.999983824111646000e-01
9.999986405910992000e-01
9.999988983436032000e-01
9.999991414258940000e-01
9.999993566984713000e-01
9.999995333929773000e-01
9.999996641505847000e-01
9.999997457288850000e-01
9.999997793077717000e-01
9.999997703641466000e-01
9.999997281275631000e-01
9.999996646700389000e-01
9.999995937191455000e-01
9.999995293106323000e-01
9.999994844125876000e-01
9.999994696559324000e-01
9.999994922956219000e-01
9.999995555043060000e-01
9.999996580675983000e-01
9.999997945107177000e-01
9.999999556439658000e-01
1.000000129473424900e+00
1.000000302387452400e+00
1.000000460502496800e+00
1.000000591036145400e+00
1.000000683572645200e+00
1.000000731096694300e+00
1.000000730694032600e+00
1.000000683850048400e+00
1.000000596317052000e+00
1.000000477563176100e+00
1.000000339856905700e+00
1.000000197076979600e+00
1.000000063364353000e+00
9.999999517484000000e-01
9.999998728820686000e-01
9.999998340100221000e-01
9.999998382709495000e-01
9.999998844024560000e-01
9.999999668774670000e-01
1.000000076458754700e+00
1.000000201117192000e+00
1.000000327223666800e+00
1.000000440897749400e+00
1.000000529380840000e+00
1.000000582299113400e+00
1.000000592692404300e+00
1.000000557708119700e+00
1.000000478892132800e+00
1.000000362048139500e+00
1.000000216679278500e+00
1.000000055066805000e+00
9.999998910761869000e-01
9.999997388077465000e-01
9.999996112242029000e-01
9.999995188897464000e-01
9.999994689443312000e-01
9.999994644138017000e-01
9.999995039235289000e-01
9.999995818436574000e-01
9.999996888517235000e-01
9.999998128574727000e-01
9.999999401991736000e-01
1.000000056994097900e+00
1.000000150510708300e+00
1.000000210427970800e+00
1.000000229858266200e+00
1.000000206033570200e+00
1.000000140587587800e+00
1.000000039406152600e+00
9.999999120605486000e-01
9.999997708793107000e-01
9.999996297495150000e-01
9.999995027650995000e-01
9.999994028547516000e-01
9.999993405238993000e-01
9.999993228341459000e-01
9.999993527201956000e-01
9.999994287112037000e-01
9.999995450838242000e-01
9.999996924318652000e-01
9.999998585966106000e-01
1.000000029866471500e+00
1.000000192328219100e+00
1.000000333237167600e+00
1.000000442271820500e+00
1.000000512549808400e+00
1.000000541305361000e+00
1.000000530161741400e+00
1.000000484971793400e+00
1.000000415242103100e+00
1.000000333197114000e+00
1.000000252574835700e+00
1.000000187272110500e+00
1.000000149972150300e+00
1.000000150888786100e+00
1.000000196750426600e+00
1.000000290123193200e+00
1.000000429139442200e+00
1.000000607658105400e+00
1.000000815840930800e+00
1.000001041087906600e+00
1.000001269239914500e+00
1.000001485930455600e+00
1.000001677953657000e+00
1.000001834514174100e+00
1.000001948236191000e+00
1.000002015832335500e+00
1.000002038366698500e+00
1.000002021085947500e+00
1.000001972834894000e+00
1.000001905113631700e+00
1.000001830868529700e+00
1.000001763135459900e+00
1.000001713668159000e+00
1.000001691686066800e+00
1.000001702864296200e+00
1.000001748664635500e+00
1.000001826073057700e+00
1.000001927769348400e+00
1.000002042712099500e+00
1.000002157081589100e+00
1.000002255487992000e+00
1.000002322326349400e+00
1.000002343145368800e+00
1.000002305895776000e+00
1.000002201935796800e+00
1.000002026695175200e+00
1.000001779932678600e+00
1.000001465561915400e+00
1.000001091062689500e+00
1.000000666535782800e+00
1.000000203494074500e+00
9.999997135088052000e-01
9.999992068440361000e-01
9.999986912135563000e-01
9.999981707825252000e-01
9.999976455121731000e-01
9.999971109122869000e-01
9.999965582262538000e-01
9.999959750310631000e-01
9.999953461940138000e-01
9.999946550929397000e-01
9.999938849809707000e-01
9.999930203627242000e-01
9.999920482477497000e-01
9.999909591591475000e-01
9.999897477993404000e-01
9.999884133086610000e-01
9.999869590924080000e-01
9.999853922343959000e-01
9.999837225556325000e-01
9.999819614116168000e-01
9.999801203474230000e-01
9.999782097437429000e-01
9.999762375879726000e-01
9.999742084922177000e-01
9.999721230558958000e-01
9.999699776368567000e-01
9.999677645548967000e-01
9.999654727091525000e-01
9.999630885502885000e-01
9.999605973136005000e-01
9.999579843935720000e-01
9.999552367265447000e-01
9.999523440473579000e-01
9.999492998981563000e-01
9.999461022918457000e-01
9.999427539665162000e-01
9.999392622072221000e-01
9.999356382538916000e-01
9.999318963546653000e-01
9.999280525586605000e-01
9.999241233676320000e-01
9.999201243797391000e-01
9.999160690592841000e-01
9.999119677538180000e-01
9.999078270556006000e-01
9.999036495704772000e-01
9.998994341171114000e-01
9.998951763371247000e-01
9.998908696561959000e-01
9.998865065015461000e-01
9.998820796558704000e-01
9.998775836141580000e-01
9.998730158093136000e-01
9.998683775851035000e-01
9.998636748194600000e-01
9.998589181351880000e-01
9.998541226752937000e-01
9.998493074625580000e-01
9.998444944034377000e-01
9.998397070309537000e-01
9.998349691064969000e-01
9.998303032140002000e-01
9.998257294803448000e-01
9.998212645431607000e-01
9.998169208626043000e-01
9.998127064396358000e-01
9.998086249631505000e-01
9.998046763659667000e-01
9.998008577293014000e-01
9.997971644409336000e-01
9.997935914871545000e-01
9.997901347452912000e-01
9.997867921433841000e-01
9.997835645665190000e-01
9.997804564141085000e-01
9.997774757466491000e-01
9.997746340008123000e-01
9.997719452942040000e-01
9.997694253815876000e-01
9.997670903588636000e-01
9.997649552362424000e-01
9.997630325154011000e-01
9.997613309056563000e-01
9.997598543013293000e-01
9.997586011177725000e-01
9.997575640494254000e-01
9.997567302731190000e-01
9.997560820776066000e-01
9.997555978601265000e-01
