0.000000000000000000e+00
4.104993088376973631e-03
1.635256848048527445e-02
3.654162132698912657e-02
6.434064793830529538e-02
9.929318906602174755e-02
1.408253249511362548e-01
1.882550990706333138e-01
2.408037158447375314e-01
2.976083284388030270e-01
3.577362066844836930e-01
4.202000524833103823e-01
4.839742112141723895e-01
5.480115129538408736e-01
6.112604669781571687e-01
6.726825272106538023e-01
7.312691451204176296e-01
7.860583300610848312e-01
8.361504451306582819e-01
8.807229791845671008e-01
9.190440524459202454e-01
9.504844339512095175e-01
9.745278735053343189e-01
9.907795784955326646e-01
9.989726963751681676e-01
9.989726963751681676e-01
9.907795784955326646e-01
9.745278735053344299e-01
9.504844339512095175e-01
9.190440524459203564e-01
8.807229791845672118e-01
8.361504451306585040e-01
7.860583300610849422e-01
7.312691451204176296e-01
6.726825272106540243e-01
6.112604669781571687e-01
5.480115129538412067e-01
4.839742112141725006e-01
4.202000524833107153e-01
3.577362066844839150e-01
2.976083284388034711e-01
2.408037158447376980e-01
1.882550990706333138e-01
1.408253249511364213e-01
9.929318906602174755e-02
6.434064793830551743e-02
3.654162132698918208e-02
1.635256848048538547e-02
4.104993088376973631e-03
0.000000000000000000e+00
