1.001528259670475540e+00
1.001181632991390291e+00
9.996232937953389852e-01
9.963664678417559761e-01
9.909352685787408133e-01
9.828122599366994061e-01
9.714066122169601192e-01
9.560433525829420409e-01
9.359708384975273798e-01
9.103818868591850855e-01
8.784437579847091948e-01
8.393329996491484257e-01
7.922724989559479791e-01
7.365695014547191111e-01
6.716544860665319971e-01
5.971214302016190079e-01
5.127701067755804365e-01
4.186506817236135269e-01
3.151101539283269193e-01
2.028392514687187564e-01
8.291741316431815167e-02
-4.314744001413522989e-02
-1.733884176737244542e-01
-3.053631051877851998e-01
-4.361559170955565667e-01
-5.624043763196558965e-01
-6.803540494361371982e-01
-7.859461995822442093e-01
-8.749411109925274710e-01
-9.430784378100164345e-01
-9.862737954819066344e-01
-1.000848137031749685e+00
-9.837832760060720716e-01
-9.329933299832164906e-01
-8.475980313855688841e-01
-7.281800327848843013e-01
-5.770048502922903166e-01
-3.981793479287352722e-01
-1.977231431625850189e-01
1.647246818095782564e-02
2.348209740827837400e-01
4.463701296106899474e-01
6.392936539155976705e-01
8.015425306813463990e-01
9.216382548632912064e-01
9.895726239367761412e-01
9.977593164275999627e-01
9.419632403312975244e-01
8.221168078831091464e-01
6.429207845100579632e-01
4.141243750638179955e-01
1.503879026107992067e-01
-1.293456240576302541e-01
-4.030052209066397606e-01
-6.470545083756392701e-01
-8.385782018048218989e-01
-9.576369691866842837e-01
-9.896662809491232338e-01
-9.276398678014332599e-01
-7.736893770120095715e-01
-5.398802196890042371e-01
-2.478978952838929439e-01
7.249768017930779962e-02
3.862446301577117103e-01
6.567944140964352417e-01
8.505985425857204296e-01
9.417285218962706539e-01
9.159777376019095918e-01
7.737656403050241494e-01
5.312437823791487101e-01
2.191979852303308496e-01
-1.203606661185309956e-01
-4.396552260976763216e-01
-6.920086316329679965e-01
-8.391417002983551088e-01
-8.577241042594802023e-01
-7.439793344054701496e-01
-5.153453533611778159e-01
-2.086103700389142779e-01
1.254704258008202400e-01
4.304079379876625810e-01
6.537756973378788805e-01
7.568463186922197439e-01
7.222034907035391749e-01
5.576907394966618137e-01
2.956505938847067139e-01
-1.271429650115505142e-02
-3.070201566632247414e-01
-5.296566186200691861e-01
-6.376233174315694141e-01
-6.117011635135853886e-01
-4.608196921414515757e-01
-2.204174343259333035e-01
5.511330462848976208e-02
3.044281152522239076e-01
4.730761065883213878e-01
5.260006111160928643e-01
4.556625216592306571e-01
2.836776824204216285e-01
5.537773510444497088e-02
-1.715316684924854951e-01
-3.414770475295917374e-01
-4.150187789390074045e-01
-3.786802571159904041e-01
-2.479327394700530374e-01
-6.244385250449049907e-02
1.251921348837237991e-01
2.641678749623475042e-01
3.194970352723375817e-01
2.813573600316132128e-01
1.670312878052292727e-01
1.488750903706325714e-02
-1.277639283702672324e-01
-2.192191012041783404e-01
-2.358306954862042226e-01
-1.784946367592037120e-01
-7.119541825626871101e-02
4.779771459532493327e-02
1.390758580843668435e-01
1.751287860179517597e-01
1.488859831593508098e-01
7.494518815196839212e-02
-1.675163236882882406e-02
-9.235868162861826658e-02
-1.264386076413104021e-01
-1.106439490120430941e-01
-5.567992402115425066e-02
1.396138131680932717e-02
7.023885896203704848e-02
9.263632584168685069e-02
7.569667675674243701e-02
3.015096493391598506e-02
-2.256244559578421058e-02
-5.987327364890301235e-02
-6.759156929417219073e-02
-4.533595486268797436e-02
-5.719348639171674756e-03
3.208781244433298041e-02
5.133075130752910026e-02
4.504674997626978428e-02
1.855889850523049708e-02
-1.385044698524998640e-02
-3.627599774909081448e-02
-3.888049858140945475e-02
-2.222692764326725939e-02
3.711880452985618067e-03
2.514338589425749865e-02
3.164584376444779662e-02
2.124337751297814339e-02
8.521648789078401518e-04
-1.793093457386433012e-02
-2.527401383967808543e-02
-1.825334522538677590e-02
-1.973549773009515129e-03
1.377065159467666389e-02
2.024667780791977734e-02
1.462068535550240141e-02
1.175945300816739862e-03
-1.162649450514778235e-02
-1.635382233759962237e-02
-1.091412208084151410e-02
5.494577126193423821e-04
1.056974166000121743e-02
1.313156034668427376e-02
7.289697436184732794e-03
-2.573077194545877241e-03
-9.861727824715796342e-03
-1.012453847429112437e-02
-3.788189448273088754e-03
4.437365304909645682e-03
8.945057938729865724e-03
7.030150884666011221e-03
5.275766878262386521e-04
-5.731185229379637432e-03
-7.440008353210899456e-03
-3.783596954886110034e-03
2.211828931481559738e-03
6.076055050432304511e-03
5.199549280203115409e-03
6.101824658762412508e-04
-4.011537832315513301e-03
-5.228270205633794854e-03
-2.404123459321144251e-03
1.991041886395033579e-03
4.463851512528131497e-03
3.257083986771534736e-03
-3.898663888224211433e-04
-3.403802291419242947e-03
-3.434397208998934536e-03
-6.951046886545092767e-04
2.369190104298843618e-03
3.220478932485955782e-03
1.329148042833932196e-03
-1.508915491431917508e-03
-2.827281853205939558e-03
-1.625164097302397598e-03
8.653230838287811382e-04
2.383343316719622323e-03
1.677573504955193456e-03
-4.524880302268006311e-04
-1.993204054530975378e-03
-1.598775564300517101e-03
2.296118677052733364e-04
1.712447765427948425e-03
1.507828359199419894e-03
-6.935585022285493191e-05
-1.444674252578920844e-03
-1.350007892990403918e-03
-1.259571476917483444e-05
1.159807455787998818e-03
1.025100155626457610e-03
-1.820832335361143408e-04
-1.158056655190351598e-03
-8.902320293959790562e-04
3.389864656177246573e-04
1.302520045619721695e-03
1.115389669587699573e-03
9.524973965753326974e-05
-6.708293232390448620e-04
-5.335361661948233476e-04
5.555398205813579578e-05
1.154766523063402943e-04
-7.195105829743932884e-04
-1.746102099877544197e-03
-1.905549303357612339e-03
-8.556515296430569758e-04
7.636915467051896269e-04
2.090399664106440143e-03
2.891798983116572203e-03
3.525641969522764520e-03
4.114746597713194766e-03
3.983090001198333861e-03
2.104215403636720827e-03
-1.863448180776088080e-03
-7.048863240371927921e-03
-1.183911102741117514e-02
-1.472098977416129786e-02
-1.458494176672906276e-02
-1.043955464843415726e-02
-1.370078291008444389e-03
1.265166395077109776e-02
2.958617534224620635e-02
4.487353332500362835e-02
5.221002667966823801e-02
4.499190202754606294e-02
1.760503660490471758e-02
-3.355913783461499794e-02
-1.089398289885277898e-01
-2.045650213370269754e-01
-3.117285683270689667e-01
