0.0019130112070730315
0.2954304978188295
0.5629407469848321
0.781080847587471
0.9341417337331531
1.0158817660928592
1.0294189343371838
0.9856792496148579
0.901142379068301
0.7955024178153293
0.6894932865281689
0.6027743648014277
0.5516617166920983
0.5466931144796326
0.5904024582452536
0.6759973757844694
0.7876479380219583
0.9027248963633316
0.9957015150128384
1.0428314208417409
1.0264200190024344
0.9376613631852573
0.777541799806418
0.5559642805590963
0.2897247988482746
8.439805906297615E-5
-0.28956259429453984
-0.5558247491740127
-0.777448224376413
-0.9376444190477153
-1.0265123078798202
-1.0430564340298352
-0.996059059907536
-0.9031769110975278
-0.788109975205387
-0.6763413296649855
-0.5904748719742852
-0.54635038306506
-0.5508188319541062
-0.601458195500843
-0.6878859922445345
-0.7939571764516457
-0.9001540613108521
-0.985798586859558
-1.0311107601316225
-1.0193451787320806
-0.9391296626258715
-0.7867736312344974
-0.5679366235644399
-0.29790886154839574
9.136149147701E-7
0.2979104789962798
0.5679376317082828
0.786773696523572
0.9391285775071635
1.0193429346085081
1.0311076193013666
0.9857951272596653
0.9001511608278392
0.7939559060125568
0.6878874017821147
0.6014630044480621
0.5508270727154143
0.5463610843165887
0.5904858973765478
0.6763494934340645
0.7881115269586283
0.9031684117105031
0.9960385606491157
1.0430247388717926
1.0264739735610686
0.9376080704898303
0.7774257796058255
0.5558292952314952
0.28960494806787995
4.27596251462159E-9
-0.2896049416385186
-0.5558292946523061
-0.7774257871096196
-0.9376080860219482
-1.0264739943242922
-1.0430247593813449
-0.9960385734545313
-0.9031684088637156
-0.7881115021549715
-0.6763494445344621
-0.5904858287734591
-0.5463610084004096
-0.5508270096183684
-0.6014629793757398
-0.6878874396483994
-0.793956023773908
-0.9001513587859434
-0.9857953814887919
-1.0311078779941327
-1.019343121213181
-0.9391286027733353
-0.7867734798317219
-0.5679371294147858
-0.29790971437277824
-2.6199174774088618E-11
0.29790971431164
0.5679371293323341
0.7867734797288329
0.9391286026692336
1.0193431211448163
1.0311078780090512
0.985795381631806
0.900151359081542
0.793956024208099
0.6878874401551807
0.6014629798341076
0.5508270098651573
0.5463610082618606
0.590485828114127
0.6763494433163028
0.7881115004932447
0.9031684070613468
0.9960385719948676
1.0430247588628043
1.026473995330559
0.9376080889380182
0.7774257919150446
0.5558293007440467
0.2896049477504999
1.1493660190264876E-11
-0.2896049477303916
-0.5558293007322341
-0.7774257919158648
-0.9376080889538656
-1.0264739953609443
-1.0430247589035317
-0.9960385720376689
-0.9031684070943713
-0.7881115005027503
-0.6763494432896677
-0.5904858280439367
-0.5463610081503486
-0.5508270097278226
-0.6014629797010224
-0.6878874400685208
-0.793956024214909
-0.900151359221751
-0.985795381922965
-1.0311078784309302
-1.0193431216284734
-0.9391286030958955
-0.7867734799433713
-0.5679371291738564
-0.2979097136596611
1.1969636046216259E-9
0.2979097159417145
0.5679371310860113
0.7867734811445916
0.9391286031676678
1.01934312015416
1.0311078751459801
0.985795376906582
0.9001513530755878
0.7939560181573901
0.6878874358716465
0.6014629794159326
0.5508270151887978
0.5463610203115372
0.5904858462789702
0.6763494648538689
0.7881115203973779
0.9031684185572104
0.9960385677944283
1.0430247331436318
1.0264739461646504
0.937608020637342
0.7774257165447112
0.5558292379678659
0.2896049223019291
3.648360725333477E-8
-0.2896048324076195
-0.555829105891115
-0.7774255407050978
-0.9376078320839241
-1.026473808182992
-1.0430247296942108
-0.996038781067557
-0.9031688986623986
-0.7881122532388286
-0.6763503469499839
-0.5904866767720431
-0.5463615196915114
-0.5508268765012647
-0.6014619506413447
-0.6878854223230194
-0.7939531828276959
-0.9001481836600578
-0.985792684278667
-1.0311066929558974
-1.0193444914720229
-0.9391332679362199
-0.7867815144535523
-0.5679476197512355
-0.297920588764945
-8.133808587933167E-6
0.29790802710077047
0.5679453146945714
0.7867935180273228
0.9391597744651375
1.0193810049387673
1.0311440177507407
0.9858180276169364
0.9001475427531953
0.79391494057054
0.6878047030179286
0.6013448538216035
0.5506933250951641
0.5462452781304868
0.5904312700713316
0.6764002574071089
0.788299907075297
0.903499458009432
0.9964763355782981
1.0434846893322471
1.0268265973142106
0.9376978711834202
0.7771066736702683
0.5550131704399791
0.288314593773092
-0.0015876597043219878
-0.29114282635026456
-0.5568284355218915
-0.7773394051149058
-0.9359710924725647
-1.0230806317900776
-1.038107652985103
-0.9903954038230641
-0.8981739565202196
-0.7855594231002193
-0.6780946593558155
-0.597905863792929
-0.5597182024315219
-0.5686813976733696
-0.6203395749507009
-0.7024194057618052
-0.7976859073538591
-0.8870634075770032
-0.9524760119745908
-0.9792136242306603
-0.9578448878284146
-0.8856660103489471
-0.767467279569564
-0.6152271308559425
-0.44641766645597575
