-6.304419771675225936e-01
7.076208606922428368e-01
1.542831772608031837e+00
1.200779736204262260e+00
8.464294252500836890e-02
7.089394798620278770e-01
1.631482303021583036e+00
6.284525179192983479e-01
1.126736766539133683e+00
1.157830269490457642e+00
1.243200165034317739e-01
3.383618746537780941e-01
-1.495300436470232253e+00
-6.375270542314491751e-01
-4.944086283812580973e-01
-1.211676843274897664e+00
4.569240919002826029e-02
-1.619897741446336248e+00
-1.202309494077180574e+00
-9.326564397852259436e-01
-2.304198717620958847e-01
-1.562259001091734767e+00
-1.029652298512091502e-01
-4.766371435919217747e-01
-7.394442126888299827e-01
2.310517371316351265e-01
3.482197349515898654e-01
1.816452355223175386e-01
7.194481484236980862e-01
6.516711270711350590e-01
1.007815188920777594e+00
1.329092065688795010e+00
1.775295658801364640e+00
2.859193030525947199e-01
1.837029930103921904e+00
-3.882586474687775846e-01
2.922320051668862995e-01
4.194918368065939651e-01
1.516270030321315021e-02
-6.794743125949741502e-01
-6.918463774711104408e-01
-1.017013710105205471e+00
-1.199509430938125565e+00
-5.574862022181765742e-01
-8.195189854457478607e-01
-1.297511313925480803e+00
-3.945279877853898332e-01
-5.308973454903838096e-01
-7.532261468223472312e-02
6.612453379695051869e-02
-4.144975054610366416e-01
-3.140063293363012931e-02
8.554004766633462875e-01
9.897322386454201482e-01
8.338771285199405581e-01
1.009720207949544424e+00
1.636859176322484011e+00
6.865015563107736973e-01
1.178375743051038427e+00
6.694169165588417236e-01
4.789446506788634372e-01
9.175129786782731944e-01
5.380414080583191261e-01
2.814215844360163366e-01
2.846148508924858378e-01
-5.772833314760930090e-01
-4.295367571283081887e-01
-1.059960430762747485e+00
-8.202040744844679709e-01
-1.063098255612113796e+00
-9.025585337987946932e-01
-5.467494127835574869e-01
-1.093657447545424821e+00
5.644399637410135728e-01
-7.516985779147085101e-01
-6.070943063938668560e-01
8.277453239148866437e-01
8.775850210831831477e-01
9.966070144547651832e-01
1.158500680134155303e+00
9.449331298716959759e-01
5.493995426853559572e-01
1.020189529825551888e+00
5.662461967099627902e-01
1.258073109484664442e+00
5.142565615414045332e-01
-4.462404571157901900e-02
-3.535968726219232416e-02
8.113249357350948987e-02
-6.499868290866624987e-01
-9.988954500756881405e-01
-6.486696370298314918e-01
-7.823437669116580784e-01
-1.235758838414253269e+00
-1.233545881237432917e+00
-8.350315476163356898e-01
-1.568370096250676582e+00
-1.388278993116966564e+00
-8.409757847279346610e-01
-3.554134630207779755e-01
1.554537827990013221e-01
9.863679956396318449e-01
9.105834857027247375e-01
6.045778409469764192e-01
8.348198215506709152e-01
4.497918339762488893e-01
9.887701604320764392e-01
8.379579312686196158e-01
1.066186332635064904e+00
3.568977709996275505e-01
8.474585094130602236e-01
1.134494009185965879e+00
7.095315933587581503e-02
7.552262748516827551e-02
-2.305255682912199511e-02
-7.883954882353904070e-01
-6.584670018705813810e-01
-8.985308520751219552e-01
-9.334492014542732363e-01
-1.384531620356004744e+00
-9.388014291656826549e-01
-5.953287798792916696e-01
4.102469796883190245e-02
-2.118261059113502043e-03
8.279013415909235452e-01
-3.836737814440259742e-01
6.848502055251912690e-01
5.734246769708907232e-01
1.779448572537525974e+00
4.401787828244394518e-01
5.311955952047651142e-01
6.983304057062602599e-01
-7.966061142621527758e-02
6.419495416256384424e-01
3.909469119989401609e-01
6.629821455305781042e-01
5.390025405732536967e-01
1.063418653172244488e+00
3.498786855287193687e-01
-6.565763805158795208e-01
-1.036992587966651058e+00
-5.245536570225390882e-01
-1.564943655976341885e+00
-6.655786780151207171e-02
-4.083066680676280535e-01
-1.185644342347506264e+00
-1.700895190047455374e+00
-7.610918845985414904e-03
-5.390235967280292417e-01
3.702182688218760287e-01
-7.972138293971849921e-01
-5.099762431203444524e-02
4.843755239608030783e-01
7.080374028110555384e-01
6.192951897623932833e-01
1.262481482468902350e+00
4.642165137369741457e-01
9.110975082180428064e-01
9.649748683219684375e-01
1.027732659805163928e+00
9.435926913369192537e-01
-1.941964932342538641e-01
-6.417238518035095485e-01
5.135051773849490520e-01
-2.019675466948819831e-01
-9.620285205707486131e-01
5.062744985469658232e-03
-8.469897353195913192e-01
-3.926386586967757220e-01
-9.642674877232171315e-01
7.931744614583946529e-02
3.334249571958924907e-02
-8.090291801682234496e-01
4.031801375463439641e-03
7.399808762771870052e-02
6.843157787661797720e-01
-2.337718431252004958e-01
8.247794041009308685e-01
1.213759349353478179e+00
-3.504181770954228892e-02
3.594272599622654329e-01
-2.158936045177894947e-02
8.475838335064106444e-01
1.263598180364003287e+00
1.521691768823803415e+00
6.248326425023621455e-01
1.182432325470326839e+00
-5.647174955431367716e-01
-9.770244532418825845e-01
-3.958984021329869929e-01
-3.957525278228179455e-01
-7.868606168228337028e-01
-1.938548102485958768e+00
-1.026847270485083063e+00
-1.650261478680698168e+00
-6.162202418801350223e-01
-6.610288024535927454e-01
-1.154486999092364519e+00
-7.386871327700612611e-01
-7.782966481093310795e-01
-3.133954863658789530e-02
7.262610474154774787e-01
-1.110934906605459682e-02
9.365703636876114846e-01
5.791991163157943490e-01
5.546201001639831096e-01
9.445115484509928327e-01
4.646660895190012353e-01
6.280023997924282231e-01
1.715742964813699034e-01
1.570147818750669444e+00
3.857563286705454897e-01
-2.245295204319836813e-01
-1.834327819718695185e-02
-4.242885775300921924e-01
-6.982700520590828797e-01
-4.634298927540744240e-01
-5.260731974423649149e-01
-1.247537824533952566e+00
-1.285935848750611621e+00
-1.088582364870976260e+00
-1.995288507869809269e+00
-1.442142637027963303e+00
2.016834596205476227e-01
5.737939695857863232e-01
-1.245180197781913661e-01
5.369683686927344546e-01
6.373787513734850974e-01
2.223987510156308023e+00
1.404115381219303016e+00
8.870977205547696531e-01
5.202565081280589032e-01
1.790640905999020260e-01
1.006558870399630878e+00
3.923378701336381336e-01
-1.233416025063678312e-01
4.483811056341152623e-02
-4.154407682428951643e-01
7.182375839719776778e-01
7.269532579004817086e-02
-5.917715729507799782e-01
-3.054117333077388530e-02
-8.661428986422081699e-01
-1.412929351392819166e+00
-2.364646897934430392e-01
-6.816014944528250297e-01
-1.362951002665245381e+00
-7.797164449704966360e-01
-9.195628007940934712e-01
-9.400897526470237686e-01
