1.913011207080306079e-03
2.954304978188364572e-01
5.629407469848380918e-01
7.810808475874758683e-01
9.341417337331566761e-01
1.015881766092861627e+00
1.029418934337185787e+00
9.856792496148595317e-01
9.011423790683025237e-01
7.955024178153311532e-01
6.894932865281714340e-01
6.027743648014309841e-01
5.516617166921023996e-01
5.466931144796369768e-01
5.904024582452576109e-01
6.759973757844726094e-01
7.876479380219604254e-01
9.027248963633330847e-01
9.957015150128395442e-01
1.042831420841741741e+00
1.026420019002435069e+00
9.376613631852573905e-01
7.775417998064172442e-01
5.559642805590945258e-01
2.897247988482717918e-01
8.439805905924085624e-05
-2.895625942945443398e-01
-5.558247491740176960e-01
-7.774482243764181399e-01
-9.376444190477197793e-01
-1.026512307879823505e+00
-1.043056434029837387e+00
-9.960590599075372920e-01
-9.031769110975282899e-01
-7.881099752053862817e-01
-6.763413296649837259e-01
-5.904748719742826113e-01
-5.463503830650568993e-01
-5.508188319541027500e-01
-6.014581955008398984e-01
-6.878859922445320629e-01
-7.939571764516442087e-01
-9.001540613108520716e-01
-9.857985868595597889e-01
-1.031110760131626058e+00
-1.019345178732085744e+00
-9.391296626258776037e-01
-7.867736312345032790e-01
-5.679366235644442984e-01
-2.979088615483979074e-01
9.136149152102861215e-07
2.979104789962826461e-01
5.679376317082871495e-01
7.867736965235766489e-01
9.391285775071672726e-01
1.019342934608510109e+00
1.031107619301366629e+00
9.857951272596638947e-01
9.001511608278364163e-01
7.939559060125533918e-01
6.878874017821107190e-01
6.014630044480580029e-01
5.508270727154104263e-01
5.463610843165851438e-01
5.904858973765445551e-01
6.763494934340614773e-01
7.881115269586256300e-01
9.031684117105007736e-01
9.960385606491140020e-01
1.043024738871792145e+00
1.026473973561069730e+00
9.376080704898328566e-01
7.774257796058287040e-01
5.558292952314983770e-01
2.896049480678826726e-01
4.275964270161747294e-09
-2.896049416385180209e-01
-5.558292946523069045e-01
-7.774257871096217354e-01
-9.376080860219513369e-01
-1.026473994324295758e+00
-1.043024759381347755e+00
-9.960385734545322833e-01
-9.031684088637139673e-01
-7.881115021549670585e-01
-6.763494445344556683e-01
-5.904858287734522371e-01
-5.463610084004034695e-01
-5.508270096183641718e-01
-6.014629793757381160e-01
-6.878874396484002673e-01
-7.939560237739109461e-01
-9.001513587859477639e-01
-9.857953814887966404e-01
-1.031107877994137390e+00
-1.019343121213185155e+00
-9.391286027733388719e-01
-7.867734798317242984e-01
-5.679371294147866900e-01
-2.979097143727773567e-01
-2.619642350265571906e-11
2.979097143116445356e-01
5.679371293323400849e-01
7.867734797288400417e-01
9.391286026692410305e-01
1.019343121144823172e+00
1.031107878009056789e+00
9.857953816318092422e-01
9.001513590815422017e-01
7.939560242080960784e-01
6.878874401551750006e-01
6.014629798341003530e-01
5.508270098651497637e-01
5.463610082618537422e-01
5.904858281141214249e-01
6.763494433162988706e-01
7.881115004932424117e-01
9.031684070613457127e-01
9.960385719948671168e-01
1.043024758862804324e+00
1.026473995330559941e+00
9.376080889380200567e-01
7.774257919150472373e-01
5.558293007440493483e-01
2.896049477505018288e-01
1.149418407675462106e-11
-2.896049477303929698e-01
-5.558293007322373525e-01
-7.774257919158690244e-01
-9.376080889538698226e-01
-1.026473995360948077e+00
-1.043024758903534854e+00
-9.960385720376709884e-01
-9.031684070943724052e-01
-7.881115005027503617e-01
-6.763494432896671738e-01
-5.904858280439361229e-01
-5.463610081503487148e-01
-5.508270097278239463e-01
-6.014629797010251355e-01
-6.878874400685249801e-01
-7.939560242149142910e-01
-9.001513592217568194e-01
-9.857953819229702264e-01
-1.031107878430934655e+00
-1.019343121628477178e+00
-9.391286030958991837e-01
-7.867734799433754311e-01
-5.679371291738609662e-01
-2.979097136596656759e-01
1.196959451259943519e-09
2.979097159417113394e-01
5.679371310860095168e-01
7.867734811445913357e-01
9.391286031676688850e-01
1.019343120154161841e+00
1.031107875145982122e+00
9.857953769065843641e-01
9.001513530755899106e-01
7.939560181573920294e-01
6.878874358716485782e-01
6.014629794159354059e-01
5.508270151888016164e-01
5.463610203115418784e-01
5.904858462789753792e-01
6.763494648538743714e-01
7.881115203973831917e-01
9.031684185572155243e-01
9.960385677944327831e-01
1.043024733143635974e+00
1.026473946164654816e+00
9.376080206373474946e-01
7.774257165447177043e-01
5.558292379678734241e-01
2.896049223019370178e-01
3.648361496157853656e-08
-2.896048324076125335e-01
-5.558291058911093430e-01
-7.774255407050939537e-01
-9.376078320839221769e-01
-1.026473808182991831e+00
-1.043024729694211450e+00
-9.960387810675581655e-01
-9.031688986623995774e-01
-7.881122532388293855e-01
-6.763503469499847487e-01
-5.904866767720443610e-01
-5.463615196915131422e-01
-5.508268765012669377e-01
-6.014619506413471095e-01
-6.878854223230220777e-01
-7.939531828276987779e-01
-9.001481836600608855e-01
-9.857926842786698396e-01
-1.031106692955899629e+00
-1.019344491472023773e+00
-9.391332679362196512e-01
-7.867815144535511562e-01
-5.679476197512338675e-01
-2.979205887649428730e-01
-8.133808585246947442e-06
2.979080271007737979e-01
5.679453146945754316e-01
7.867935180273274431e-01
9.391597744651428714e-01
1.019381004938772817e+00
1.031144017750745379e+00
9.858180276169394851e-01
9.001475427531965279e-01
7.939149405705393514e-01
6.878047030179258448e-01
6.013448538215988570e-01
5.506933250951577818e-01
5.462452781304794058e-01
5.904312700713237883e-01
6.764002574071017460e-01
7.882999070752914061e-01
9.034994580094284355e-01
9.964763355782966237e-01
1.043484689332247584e+00
1.026826597314212552e+00
9.376978711834232927e-01
7.771066736702718636e-01
5.550131704399824395e-01
2.883145937730946518e-01
-1.587659704320459539e-03
-2.911428263502643943e-01
-5.568284355218926507e-01
-7.773394051149075112e-01
-9.359710924725660464e-01
-1.023080631790077577e+00
-1.038107652985101215e+00
-9.903954038230602386e-01
-8.981739565202131459e-01
-7.855594231002105410e-01
-6.780946593558051516e-01
-5.979058637929185460e-01
-5.597182024315130455e-01
-5.686813976733635645e-01
-6.203395749506982471e-01
-7.024194057618050602e-01
-7.976859073538605793e-01
-8.870634075770049698e-01
-9.524760119745919740e-01
-9.792136242306606064e-01
-9.578448878284141488e-01
-8.856660103489459868e-01
-7.674672795695621774e-01
-6.152271308559400520e-01
-4.464176664559728058e-01
