-0.625906336890653
-0.08618264883721628
0.4016153189183361
0.7949477825402815
1.065488473914111
1.2008089437697091
1.2029419919784514
1.085607322587788
0.8713804952817884
0.5890613857515733
0.27084355002764215
-0.051109826511954684
-0.34852856678345856
-0.6004691186459097
-0.7951640635556095
-0.9296341507445492
-1.0074033039392334
-1.0354073662163095
-1.0212124206606903
-0.9711207219411391
-0.8892122105121513
-0.7772193953250408
-0.6351905262830867
-0.46283018731639947
-0.2612189406202965
-0.034484442989514
0.20900290953767622
0.45621699545438704
0.6899947929931034
0.8905416950680135
1.0378864702071544
1.1150054939598215
1.110965460094271
1.0231978315039587
0.8581874510477943
0.6304233218966662
0.36009552336113454
0.07034720853371197
-0.21526816554486666
-0.4749273879744049
-0.6903669936613278
-0.8483756583886983
-0.9416682966679812
-0.9688541681554751
-0.9335066801343654
-0.8426803909301244
-0.7053347899939636
-0.5310195487235319
-0.32906388936981534
-0.10844764912370641
0.121666373622671
0.351145022382314
0.5685306789171868
0.7616246686337642
0.9189082003234142
1.0311694663633821
1.0926311484525928
1.1011706731610125
1.0576429382354946
0.9647226828898761
0.825949518862865
0.6455903722416233
0.42948536674388926
0.1864379597920901
-0.07068342439313116
-0.3249043237102219
-0.5564778830699308
-0.7453256129644902
-0.8739018433409786
-0.9297110967463429
-0.906926873136442
-0.8069282181636044
-0.6379045965283612
-0.41385929966814383
-0.15332298559707652
0.1221224236633216
0.3896814425998498
0.627715759329696
0.8183629428340314
0.9496008272198496
1.0159746985065434
1.0178199417858274
0.9595366801946861
0.8478031976430318
0.6903870677572203
0.4956619750289387
0.27251955970510605
0.030364117543326276
-0.22086159296323704
-0.4705227022443073
-0.7069972552950784
-0.9173729906043027
-1.0873912089476803
-1.2020144310095542
-1.2469858124005184
-1.2114383459060507
-1.0910808752349288
-0.8909835403423831
-0.6267402637577932
-0.3230414961220921
-0.009556632238871002
0.2848071115176162
0.5373641367739399
0.734925081106202
0.8738889203557122
0.957508372629137
0.9917629184976435
0.9815785153126301
0.9286923667902238
0.8316819282019378
0.6879551378387917
0.49695943055685776
0.2634928024900244
-8.989280479729939E-5
-0.27363392642667766
-0.5311155490440663
-0.7443471083659308
-0.8876664608405757
-0.9426400917982424
-0.9017841778741952
-0.7704088510913192
-0.5659827991461273
-0.3150007603245597
-0.048101587309352954
0.20526300798217487
0.4213176537532559
0.5848551014386637
0.690408251928202
0.7418359577383506
0.7503227836390116
0.7307910049307332
0.6972467689535288
0.6583260952119423
0.6146103256887644
0.5588334882235888
0.4790969169412873
0.3640703198188763
0.2083408828022997
0.01590757939875051
-0.1995345734821842
-0.4175481266232177
-0.6157649039523932
-0.774525095980602
-0.879792963050742
-0.9239805455143102
-0.9053537754212252
-0.8269602691903467
-0.6955547679008732
-0.5205272283987109
-0.3129017829644703
-0.08473841303352392
0.15089128541952795
0.37970846746144216
0.5864335932465212
0.755733058386792
0.8737564958371895
0.9298726761092814
0.9182726628927539
0.8392346859960936
0.6998200123633539
0.5136293693655577
0.2992967799064574
0.07785227754036184
-0.13031809252270485
-0.3080178965461716
-0.44281426427143633
-0.5276882318860731
-0.5609965598493354
-0.5459136663994298
-0.4894477430412855
-0.40111425914094323
-0.29142135426304694
-0.1704272971900898
-0.046592031150001566
0.07404948166381176
0.1884292647287979
0.29654367861087816
0.4007630502227703
0.504105922426261
0.6075806632824032
0.7072361973659196
0.7921693264799823
0.8449307583301644
0.8450364921113315
0.7747990726079927
0.6253618652197723
0.40054706182137595
0.11708423996194038
-0.19861642877094132
-0.5156354909104816
-0.803764742618727
-1.0375292321689065
-1.1987194161966832
-1.277592531841737
-1.272831439389238
-1.1903494882610228
-1.041364258071436
-0.8404615870827924
-0.6041923674395736
-0.35015137748796255
-0.09601975224837184
0.14183787431819112
0.3500641684621118
0.5196551648202681
0.6463390695142528
0.7297786935277901
0.7718782656630223
0.7748119106795643
0.7394988651446537
0.665117264783013
0.549869676105138
0.39266628433202955
0.1949883490869545
-0.037704690731712634
-0.2951654234268575
-0.5619562192384732
-0.817425557475985
-1.036456417984225
-1.1916150061615678
-1.2570628194368754
-1.2138362484528988
-1.0552131876022885
-0.7903747191890844
-0.4447973755406315
-0.056851589974155195
0.3285328221433114
0.6674244853139142
0.924050807568247
1.0764034426958564
1.1193143525894345
1.0641385451252268
0.9348602957726346
0.7616621033647054
0.5739197086795756
0.3945334856345589
0.23669516754169456
0.10335210122211466
-0.010862829219560256
-0.11584399491861956
-0.22146657329381117
-0.3337311067625481
-0.4528219178553927
-0.5734798393717174
-0.6871557400041023
-0.7848699263135783
-0.8597503133761111
-0.908698093151223
-0.9331003266992012
-0.9386755833355686
-0.9345398006289183
