1.000000000000000000e+00
9.996192614573397028e-01
9.981934862512266138e-01
9.952442802426403334e-01
9.902244921110768816e-01
9.825219453884206366e-01
9.714650640374075108e-01
9.563308787310822456e-01
9.363559260527051231e-01
9.107505579620097658e-01
8.787171574910248584e-01
8.394727012999656512e-01
7.922760123836896096e-01
7.364598986015589155e-01
6.714681669087642080e-01
5.968972324554219222e-01
5.125417015208928451e-01
4.184428963960845071e-01
3.149388124817729118e-01
2.027134631196567116e-01
8.284299416020830809e-02
-4.316463422563653063e-02
-1.733401577495761736e-01
-3.052379480603258366e-01
-4.359399586787185976e-01
-5.620833778521305835e-01
-6.799165204297006326e-01
-7.853869437342073656e-01
-8.742647659880126154e-01
-9.423026310886325474e-01
-9.854316546073247363e-01
-9.999899933432219168e-01
-9.829774458833311357e-01
-9.323258208935805147e-01
-8.471708879627073419e-01
-7.281078248137231590e-01
-5.774085570037797988e-01
-3.991766983268632552e-01
-1.994144541145711769e-01
1.402360991393319239e-02
2.316120760999062778e-01
4.424877903409080715e-01
6.349419615940249395e-01
7.970665021238030334e-01
9.175348942731766932e-01
9.864807893164143637e-01
9.964195751780769994e-01
9.431410034081302296e-01
8.264867923665812910e-01
6.509183849442918834e-01
4.257792915650722709e-01
1.651660365165416866e-01
-1.126566051860731499e-01
-3.863259249434864429e-01
-6.329204741013672031e-01
-8.298954530295513665e-01
-9.572807467381548863e-01
-9.999489614725728392e-01
-9.497118059390122768e-01
-8.069735061996854419e-01
-5.816687582568211834e-01
-2.932475081413446483e-01
3.045617198817087562e-02
3.555193908993436458e-01
6.452913045848209794e-01
8.645556064799460039e-01
9.840677679602558570e-01
9.849055495975636010e-01
8.619931883352417445e-01
6.261640946202629010e-01
3.042325792098974913e-01
-6.324200974377264250e-02
-4.265068588798707205e-01
-7.331186186637054236e-01
-9.356482017422956821e-01
-9.995065603657317110e-01
-9.096054176290471194e-01
-6.745539315186864782e-01
-3.273155326533834231e-01
7.828370765692556354e-02
4.751328464720808165e-01
7.936541402883940943e-01
9.742556098500217976e-01
9.792380976402187409e-01
8.017472723081912056e-01
4.695948409501374821e-01
4.251178281886457133e-02
-3.974246608428724792e-01
-7.610095658984732392e-01
-9.701753543501749899e-01
-9.756418645761663067e-01
-7.699041234090739927e-01
-3.920211524451885365e-01
7.788281154794016170e-02
5.342980587122183600e-01
8.695638883244523054e-01
9.997813847007237520e-01
8.871874222773473706e-01
5.528611193968727688e-01
7.537692810596036130e-02
-4.257792915650742693e-01
-8.192032963006221635e-01
-9.963340767440752588e-01
-9.028700113201503230e-01
-5.575434411762055786e-01
-5.149932805243766232e-02
4.735398144336999682e-01
8.639487309646269875e-01
9.996370782273104050e-01
8.328563298305767804e-01
4.075018303074836590e-01
-1.491819094254039357e-01
-6.624799075307143958e-01
-9.644711528861863448e-01
-9.502142378469348172e-01
-6.168710463232490726e-01
-7.061445093575807741e-02
5.041008054284525919e-01
9.053827316273043158e-01
9.855255401809527305e-01
7.079947992312520810e-01
1.671487063332390277e-01
-4.400971523095502103e-01
-8.839654755195918145e-01
-9.892184175730519557e-01
-7.071067811865480168e-01
-1.415730136719811350e-01
4.848780059355427552e-01
9.165727845246949279e-01
9.697105714424355538e-01
6.138995075325277551e-01
-6.986845215355539165e-03
-6.287081993167891181e-01
-9.773851972129080634e-01
-8.917128637809917935e-01
-4.017559919165648585e-01
2.755621932010623443e-01
8.286594854721132108e-01
9.941334586489873892e-01
6.853162055661597973e-01
4.271266212112878602e-02
-6.245166549530786204e-01
-9.848794366459131533e-01
-8.509680825634793333e-01
-2.819342371024346483e-01
4.359851958432927610e-01
9.294801218918533614e-01
9.326888891409532700e-01
4.350349842338296913e-01
-3.017895600703805470e-01
-8.763066800438552573e-01
-9.653947489378533753e-01
-5.102955772630403120e-01
2.385009144225778421e-01
8.532043346448558996e-01
9.719281590715458385e-01
5.159904343486689804e-01
-2.511720685782455886e-01
-8.698367987475409402e-01
-9.582491459364287367e-01
-4.528704697574771343e-01
3.389270887002681087e-01
9.193640036077210809e-01
9.125683002395604815e-01
3.136026889968794862e-01
-4.938204573750159532e-01
-9.772041392858645814e-01
-8.072109303292125393e-01
-8.905283960785452535e-02
6.932549263137625095e-01
9.984717850692076402e-01
6.055729194093439904e-01
-2.177017247475517558e-01
-8.886210749972933698e-01
-9.197590357904230629e-01
-2.789911060392204489e-01
5.703282672549491172e-01
9.975986008545829620e-01
6.747394465349013659e-01
-1.630835147424692100e-01
-8.787171574910199734e-01
-9.144495753286929762e-01
-2.327854754756676081e-01
6.359122873348315164e-01
9.988744307616096441e-01
5.558314194815815457e-01
-3.424714519507471855e-01
-9.617665517347204762e-01
-7.829852435100466135e-01
5.420986921814672371e-02
8.483439266257490896e-01
9.188689068050237552e-01
1.954723794546283644e-01
-7.008953217689738446e-01
-9.830880881296676366e-01
-3.925297549611541092e-01
5.520231423605739263e-01
9.999748842516815728e-01
5.359965463493068238e-01
-4.234583350670763080e-01
-9.921147013144769877e-01
-6.316353633602318496e-01
3.278854324340024218e-01
9.771721138125405437e-01
6.869617037938000603e-01
-2.717428006950761699e-01
-9.668604720454881951e-01
-7.079592999661228347e-01
2.577345379942190262e-01
9.669246067445435022e-01
6.972651956628250769e-01
-2.864161954033767055e-01
-9.773320189598961871e-01
-6.535093845129509305e-01
3.565997294881209645e-01
9.922714163170845980e-01
5.716487741743395690e-01
-4.645280108481242287e-01
-9.999608679843829950e-01
-4.443800286431470736e-01
6.019265278387205820e-01
9.826713357476567490e-01
2.649153004658451049e-01
-7.532934753321296473e-01
-9.177745873548867062e-01
-3.141075907813674351e-02
8.932546678144270835e-01
7.809487029030560690e-01
-2.470341905911984104e-01
-9.855084924862461682e-01
-5.526935686623236643e-01
5.438237584725021945e-01
9.856361074092726549e-01
2.286281728520624945e-01
-8.103150082575920621e-01
-8.503338561464192091e-01
1.677929289223190623e-01
9.775972928214681223e-01
5.545353963801726849e-01
-5.746556397035368358e-01
-9.698209714046885921e-01
-1.144045221436289367e-01
8.912574085424352921e-01
7.323660874772732754e-01
-3.920211524451756580e-01
-9.981048452912368862e-01
-2.713074070110302327e-01
8.218466497494945067e-01
8.031869451109027169e-01
-3.113585151120319416e-01
