1.0015282596704735
1.0011816329913892
0.9996232937953391
0.9963664678417573
0.9909352685787433
0.9828122599367027
0.971406612216964
0.9560433525829461
0.9359708384975309
0.910381886859188
0.8784437579847112
0.83933299964915
0.7922724989559491
0.7365695014547193
0.6716544860665313
0.5971214302016176
0.5127701067755782
0.41865068172361075
0.31511015392832403
0.20283925146871598
0.0829174131643155
-0.043147440014137735
-0.17338841767372684
-0.3053631051877875
-0.43615591709555873
-0.5624043763196578
-0.6803540494361385
-0.7859461995822443
-0.8749411109925265
-0.9430784378100145
-0.9862737954819045
-1.0008481370317475
-0.9837832760060696
-0.9329933299832142
-0.8475980313855666
-0.7281800327848817
-0.5770048502922874
-0.3981793479287321
-0.19772314316258183
0.01647246818096071
0.23482097408278604
0.44637012961069145
0.6392936539155982
0.8015425306813461
0.9216382548632899
0.9895726239367738
0.9977593164275965
0.9419632403312934
0.8221168078831049
0.642920784510054
0.41412437506381455
0.15038790261079663
-0.129345624057632
-0.40300522090664076
-0.6470545083756398
-0.8385782018048219
-0.9576369691866834
-0.9896662809491216
-0.9276398678014314
-0.773689377012008
-0.5398802196890037
-0.24789789528389375
0.07249768017930534
0.3862446301577076
0.6567944140964299
0.8505985425857147
0.9417285218962652
0.9159777376019054
0.7737656403050218
0.5312437823791487
0.2191979852303331
-0.12036066611852705
-0.4396552260976713
-0.6920086316329626
-0.8391417002983502
-0.8577241042594769
-0.7439793344054689
-0.5153453533611786
-0.2086103700389168
0.1254704258008163
0.4304079379876576
0.653775697337873
0.7568463186922132
0.7222034907035323
0.5576907394966553
0.29565059388470105
-0.012714296501159336
-0.30702015666322735
-0.52965661862007
-0.6376233174315683
-0.6117011635135831
-0.4608196921414489
-0.22041743432593122
0.055113304628490574
0.304428115252223
0.47307610658831883
0.5260006111160892
0.4556625216592268
0.2836776824204185
0.05537773510444317
-0.1715316684924858
-0.34147704752959074
-0.4150187789390055
-0.37868025711598813
-0.2479327394700508
-0.06244385250448865
0.12519213488372505
0.264167874962348
0.3194970352723374
0.2813573600316126
0.16703128780522847
0.014887509037062503
-0.12776392837026773
-0.2192191012041785
-0.2358306954862041
-0.17849463675920343
-0.07119541825626839
0.04779771459532514
0.13907585808436693
0.17512878601795176
0.1488859831593508
0.0749451881519685
-0.016751632368828463
-0.09235868162861754
-0.12643860764130932
-0.11064394901204176
-0.05567992402115281
0.013961381316810685
0.07023885896203819
0.09263632584168766
0.07569667675674287
0.030150964933916065
-0.022562445595784394
-0.059873273648903345
-0.06759156929417257
-0.04533595486268832
-0.0057193486391719575
0.03208781244433274
0.05133075130752884
0.045046749976269444
0.018558898505230074
-0.013850446985250476
-0.036275997749091335
-0.03888049858140997
-0.02222692764326771
0.003711880452985254
0.025143385894257242
0.031645843764447665
0.021243377512978136
8.521648789079567E-4
-0.017930934573864094
-0.025274013839677752
-0.018253345225386387
-0.001973549773009113
0.013770651594677044
0.02024667780792011
0.014620685355502677
0.0011759453008169515
-0.01162649450514763
-0.016353822337599515
-0.010914122080841422
5.494577126194519E-4
0.010569741660001379
0.013131560346684515
0.007289697436185063
-0.0025730771945454652
-0.009861727824715328
-0.010124538474290642
-0.003788189448272644
0.004437365304910006
0.0089450579387301
0.007030150884666097
5.275766878261694E-4
-0.00573118522937985
-0.007440008353211226
-0.0037835969548865103
0.0022118289314811274
0.0060760550504318795
0.005199549280202731
6.101824658759215E-4
-0.004011537832315758
-0.005228270205633967
-0.0024041234593212544
0.0019910418863949677
0.004463851512528092
0.0032570839867715065
-3.89866388822448E-4
-0.003403802291419276
-0.0034343972089989753
-6.951046886545545E-4
0.002369190104298799
0.003220478932485916
0.0013291480428339
-0.0015089154914319429
-0.0028272818532059634
-0.0016251640973024273
8.653230838287405E-4
0.0023833433167195707
0.0016775735049551366
-4.524880302268537E-4
-0.0019932040545310144
-0.001598775564300533
2.2961186770528708E-4
0.0017124477654279955
0.0015078283591994995
-6.935585022274844E-5
-0.001444674252578797
-0.001350007892990275
-1.2595714769052279E-5
0.0011598074557881049
0.0010251001556265396
-1.8208323353606113E-4
-0.0011580566551903277
-8.902320293959801E-4
3.3898646561770845E-4
0.0013025200456197046
0.0011153896695876963
9.524973965755444E-5
-6.708293232389968E-4
-5.335361661947546E-4
5.555398205821368E-5
1.1547665230641374E-4
-7.195105829743357E-4
-0.0017461020998775089
-0.0019055493033575985
-8.556515296430575E-4
7.636915467051869E-4
0.0020903996641064475
0.0028917989831165956
0.0035256419695227957
0.004114746597713217
0.003983090001198327
0.002104215403636664
-0.0018634481807762034
-0.00704886324037209
-0.011839111027411349
-0.014720989774161433
-0.014584941766729104
-0.010439554648434048
-0.0013700782910081436
0.012651663950771596
0.029586175342246866
0.04487353332500436
0.052210026679668925
0.044991902027546556
0.017605036604904905
-0.03355913783461516
-0.10893982898852819
-0.2045650213370274
-0.31172856832706913
