0.2618081347331417
0.5026385390872996
0.7305132139958598
0.9254921259757048
1.0714718175151672
1.1584303506261369
1.173773554482772
1.1045332604575764
0.9499412613526965
0.7218342491986424
0.43717442061515055
0.11621157944992984
-0.21623194194268944
-0.5292178182532024
-0.7912859814307552
-0.9844010838228427
-1.1083070390940357
-1.1708678909618
-1.1780127281054342
-1.1340336027412683
-1.0496322492184587
-0.9386560498101261
-0.8039637583700103
-0.6366827838657478
-0.4307379315069578
-0.19249699444442722
0.0629136368218022
0.3175985639787169
0.5528053908545242
0.7501083760344853
0.889175420741478
0.9470198616968114
0.9100646181861849
0.785193494353085
0.5923931661389373
0.3549692035581449
0.09982237542898509
-0.1441331537306911
-0.35649707078428605
-0.5369185609629289
-0.7003256252800019
-0.856171671984595
-0.9954624469434923
-1.0947943690377515
-1.128144598360518
-1.0807570641335347
-0.9587839623404275
-0.7844182543878712
-0.577436502515955
-0.34301421694111933
-0.08155664768101967
0.1970079375634038
0.4727010661290956
0.718141605558609
0.902688201995208
1.0061907705016535
1.0288988836715713
0.9823928820428366
0.8737945693178997
0.7059636322558402
0.49122055985696034
0.25662928099807625
0.03429655189011999
-0.15377935050978775
-0.306353288444851
-0.4367077329204539
-0.5529933024917609
-0.649441207883982
-0.7123386805442158
-0.7277908213553418
-0.6916925738260321
-0.6148976146387135
-0.5124489860893419
-0.38956719293860714
-0.2411175749956609
-0.06575824651588005
0.12369018942023145
0.30996119825534735
0.48420163136224936
0.6439730037955533
0.7808467595233995
0.8724535730008814
0.8941570341355486
0.8403840703173904
0.7277221822694899
0.5760587975286251
0.3937863258178642
0.18390183754074538
-0.04472226881586499
-0.2792602917163434
-0.5093917800638483
-0.7245814565856232
-0.9075503526470973
-1.0359118100254174
-1.0912330523421425
-1.0665706755998547
-0.970612983695183
-0.824439701605185
-0.6477031816992798
-0.44762926941406306
-0.2218487748280792
0.02983238048461517
0.29729667589158904
0.5615770991538714
0.7971043015202506
0.9715283754777829
1.0538613582760676
1.0316483220646044
0.9197352708881045
0.7520679865400343
0.5656769349279973
0.3828322356774154
0.2008488329495931
0.003938942390384077
-0.21136481140632338
-0.4251446799990649
-0.606109013277622
-0.7293437410867075
-0.7875514636641148
-0.7891845713237732
-0.7431512904609365
-0.6503139205032299
-0.5110830439854988
-0.3333108808084746
-0.1355269112689188
0.05560160460528683
0.22167473164190968
0.3619938118808019
0.4807680746550927
0.5787929878327304
0.6567509444305104
0.7124108349286211
0.736660607934554
0.7173081974975909
0.6441144302546944
0.5122332536841472
0.3275222916999865
0.10734307013708466
-0.12746895284331997
-0.35782528723452856
-0.5684546965515568
-0.7495256427624049
-0.8904046027622439
-0.9788777783567666
-1.0104941581358446
-0.9856332738857015
-0.8980292743625637
-0.7399060618311339
-0.5194160003875713
-0.2625556402617948
0.0028504550990520877
0.25861138401514205
0.4951509720236958
0.7042599894952635
0.8740681788023551
0.9900938811889237
1.0380338389810024
1.0121242387486573
0.9244296110295568
0.7968308008345633
0.6455260073073297
0.47655521634662923
0.2910739851042782
0.09396189274558864
-0.10651926753866192
-0.3065968300681138
-0.5065685378510544
-0.7017968073059085
-0.8722068290592959
-0.9818108365495761
-0.9956666101302726
-0.8983829482388231
-0.69910323127722
-0.4247855204647204
-0.10893502683327733
0.21678133426805274
0.5247802405267101
0.7902110332483854
0.9899778394074245
1.105228425726827
1.1314793235363694
1.0871689147979928
0.9999898917748707
0.8827423590286755
0.7296477033083111
0.5304963300785915
0.2840001848353253
0.005524721015732738
-0.274051095789031
-0.5216967982958954
-0.7195953879946225
-0.8693873243590049
-0.976847834955899
-1.0375761449707528
-1.0430318476487297
-0.9907735607200779
-0.8817353984602121
-0.7175259119315143
-0.5035596328356449
-0.25000205541437204
0.02521637808808641
0.2943515658872024
0.5301995397053074
0.7225669056148046
0.8841977591563872
1.0351050505891706
1.1776676423932708
1.290433592561845
1.3395411297668394
1.2917689659812592
1.1320243751478782
0.8743197183608935
0.5508695121517685
0.19800682000006953
-0.14824709671068942
-0.45613277572915595
-0.7011425841189087
-0.8674590975086783
-0.9523748286023367
-0.9687783987607471
-0.9361870596013656
-0.8633435772847212
-0.7443302376321619
-0.573270014598569
-0.3576925255428768
-0.12005718298259356
0.11546110499102478
0.33785999341261136
0.5436413713018482
0.7230066764097761
0.8611775530229784
0.945826629498105
0.9674741095933374
0.9172254954430996
0.7874650131550778
0.5828481671242524
0.33118084405013715
0.0692219817496362
-0.18013262748862174
-0.4084263541492671
-0.6095634860009008
-0.776168721176728
-0.903528949338262
-0.9864956756296765
-1.0108510123003414
-0.9577454689143188
-0.8188883164278731
-0.604822517656054
-0.3421254314452497
-0.060260514830594206
