-6.259063368906472302e-01
-8.618264883721049596e-02
4.016153189183407912e-01
7.949477825402845310e-01
1.065488473914112832e+00
1.200808943769710480e+00
1.202941991978452529e+00
1.085607322587788914e+00
8.713804952817890692e-01
5.890613857515741847e-01
2.708435500276435981e-01
-5.110982651195258158e-02
-3.485285667834560064e-01
-6.004691186459070185e-01
-7.951640635556070924e-01
-9.296341507445473606e-01
-1.007403303939231831e+00
-1.035407366216307912e+00
-1.021212420660688736e+00
-9.711207219411379654e-01
-8.892122105121511577e-01
-7.772193953250420284e-01
-6.351905262830893628e-01
-4.628301873164034630e-01
-2.612189406203010988e-01
-3.448444298951798548e-02
2.090029095376740587e-01
4.562169954543874861e-01
6.899947929931065094e-01
8.905416950680187238e-01
1.037886470207160849e+00
1.115005493959828398e+00
1.110965460094277768e+00
1.023197831503964927e+00
8.581874510477999207e-01
6.304233218966712737e-01
3.600955233611387585e-01
7.034720853371509430e-02
-2.152681655448648590e-01
-4.749273879744043692e-01
-6.903669936613280322e-01
-8.483756583886988833e-01
-9.416682966679822409e-01
-9.688541681554766472e-01
-9.335066801343674392e-01
-8.426803909301268103e-01
-7.053347899939661492e-01
-5.310195487235340739e-01
-3.290638893698167866e-01
-1.084476491237068158e-01
1.216663736226718945e-01
3.511450223823162631e-01
5.685306789171905573e-01
7.616246686337690974e-01
9.189082003234195772e-01
1.031169466363387022e+00
1.092631148452596790e+00
1.101170673161015579e+00
1.057642938235496821e+00
9.647226828898776141e-01
8.259495188628661611e-01
6.455903722416241886e-01
4.294853667438898182e-01
1.864379597920903520e-01
-7.068342439313135550e-02
-3.249043237102228199e-01
-5.564778830699326218e-01
-7.453256129644928452e-01
-8.739018433409818654e-01
-9.297110967463456666e-01
-9.069268731364436009e-01
-8.069282181636043827e-01
-6.379045965283590691e-01
-4.138592996681396130e-01
-1.533229855970703881e-01
1.221224236633293297e-01
3.896814425998586517e-01
6.277157593297051363e-01
8.183629428340397638e-01
9.496008272198561695e-01
1.015974698506547647e+00
1.017819941785829130e+00
9.595366801946854096e-01
8.478031976430290273e-01
6.903870677572161441e-01
4.956619750289342763e-01
2.725195597051021101e-01
3.036411754332343088e-02
-2.208615929632384012e-01
-4.705227022443070339e-01
-7.069972552950768430e-01
-9.173729906042999982e-01
-1.087391208947677157e+00
-1.202014431009551521e+00
-1.246985812400516203e+00
-1.211438345906048264e+00
-1.091080875234925252e+00
-8.909835403423782552e-01
-6.267402637577873525e-01
-3.230414961220857140e-01
-9.556632238864611051e-03
2.848071115176221135e-01
5.373641367739450114e-01
7.349250811062062461e-01
8.738889203557158591e-01
9.575083726291407915e-01
9.917629184976480827e-01
9.815785153126360685e-01
9.286923667902315938e-01
8.316819282019469739e-01
6.879551378388014671e-01
4.969594305568671433e-01
2.634928024900322630e-01
-8.989280479202257403e-05
-2.736339264266756111e-01
-5.311155490440673255e-01
-7.443471083659338738e-01
-8.876664608405800960e-01
-9.426400917982470373e-01
-9.017841778741992886e-01
-7.704088510913218446e-01
-5.659827991461280350e-01
-3.150007603245580379e-01
-4.810158730934865901e-02
2.052630079821814724e-01
4.213176537532642429e-01
5.848551014386730307e-01
6.904082519282117580e-01
7.418359577383595305e-01
7.503227836390186090e-01
7.307910049307377864e-01
6.972467689535309932e-01
6.583260952119427412e-01
6.146103256887638366e-01
5.588334882235882484e-01
4.790969169412873652e-01
3.640703198188772194e-01
2.083408828023014803e-01
1.590757939875276847e-02
-1.995345734821819261e-01
-4.175481266232159427e-01
-6.157649039523923618e-01
-7.745250959806025959e-01
-8.797929630507440590e-01
-9.239805455143136337e-01
-9.053537754212296340e-01
-8.269602691903515934e-01
-6.955547679008777795e-01
-5.205272283987146809e-01
-3.129017829644730742e-01
-8.473841303352568077e-02
1.508912854195272324e-01
3.797084674614422672e-01
5.864335932465218892e-01
7.557330583867928331e-01
8.737564958371903945e-01
9.298726761092825921e-01
9.182726628927552204e-01
8.392346859960949645e-01
6.998200123633547820e-01
5.136293693655580306e-01
2.992967799064570888e-01
7.785227754036064263e-02
-1.303180925227067077e-01
-3.080178965461738971e-01
-4.428142642714388288e-01
-5.276882318860758314e-01
-5.609965598493382721e-01
-5.459136663994326177e-01
-4.894477430412880192e-01
-4.011142591409454505e-01
-2.914213542630486597e-01
-1.704272971900909484e-01
-4.659203115000225270e-02
7.404948166381133956e-02
1.884292647287974798e-01
2.965436786108774925e-01
4.007630502227693126e-01
5.041059224262598448e-01
6.075806632824023445e-01
7.072361973659193612e-01
7.921693264799831713e-01
8.449307583301662872e-01
8.450364921113339145e-01
7.747990726079951873e-01
6.253618652197739936e-01
4.005470618213762268e-01
1.170842399619387297e-01
-1.986164287709452358e-01
-5.156354909104875484e-01
-8.037647426187343180e-01
-1.037529232168914461e+00
-1.198719416196691645e+00
-1.277592531841745149e+00
-1.272831439389245256e+00
-1.190349488261028599e+00
-1.041364258071440174e+00
-8.404615870827950586e-01
-6.041923674395746069e-01
-3.501513774879617680e-01
-9.601975224836953315e-02
1.418378743181944734e-01
3.500641684621156879e-01
5.196551648202719642e-01
6.463390695142562370e-01
7.297786935277925657e-01
7.718782656630236438e-01
7.748119106795647859e-01
7.394988651446531280e-01
6.651172647830118079e-01
5.498696761051364845e-01
3.926662843320276597e-01
1.949883490869524783e-01
-3.770469073171475033e-02
-2.951654234268596966e-01
-5.619562192384756072e-01
-8.174255574759874410e-01
-1.036456417984227274e+00
-1.191615006161569790e+00
-1.257062819436877144e+00
-1.213836248452900390e+00
-1.055213187602289659e+00
-7.903747191890844181e-01
-4.447973755406298135e-01
-5.685158997415164228e-02
3.285328221433164719e-01
6.674244853139199574e-01
9.240508075682527522e-01
1.076403442695861967e+00
1.119314352589439121e+00
1.064138545125229873e+00
9.348602957726364071e-01
7.616621033647064110e-01
5.739197086795762015e-01
3.945334856345589780e-01
2.366951675416941181e-01
1.033521012221136071e-01
-1.086282921956211074e-02
-1.158439949186224893e-01
-2.214665732938154163e-01
-3.337311067625535754e-01
-4.528219178553989366e-01
-5.734798393717236431e-01
-6.871557400041078401e-01
-7.848699263135827664e-01
-8.597503133761141836e-01
-9.086980931512246284e-01
-9.331003266992006218e-01
-9.386755833355657774e-01
-9.345398006289135084e-01
