2.618081347331414621e-01
5.026385390872992742e-01
7.305132139958595561e-01
9.254921259757047380e-01
1.071471817515167180e+00
1.158430350626137084e+00
1.173773554482772319e+00
1.104533260457576604e+00
9.499412613526966309e-01
7.218342491986423637e-01
4.371744206151505496e-01
1.162115794499298249e-01
-2.162319419426895484e-01
-5.292178182532025765e-01
-7.912859814307557915e-01
-9.844010838228435256e-01
-1.108307039094036606e+00
-1.170867890961800883e+00
-1.178012728105435114e+00
-1.134033602741268965e+00
-1.049632249218459101e+00
-9.386560498101265138e-01
-8.039637583700107726e-01
-6.366827838657481697e-01
-4.307379315069579384e-01
-1.924969944444270276e-01
6.291363682180256545e-02
3.175985639787173853e-01
5.528053908545247364e-01
7.501083760344857687e-01
8.891754207414785949e-01
9.470198616968119598e-01
9.100646181861853368e-01
7.851934943530853861e-01
5.923931661389375547e-01
3.549692035581449856e-01
9.982237542898510230e-02
-1.441331537306912436e-01
-3.564970707842862740e-01
-5.369185609629292255e-01
-7.003256252800023063e-01
-8.561716719845954282e-01
-9.954624469434925071e-01
-1.094794369037751514e+00
-1.128144598360518058e+00
-1.080757064133534673e+00
-9.587839623404275091e-01
-7.844182543878711611e-01
-5.774365025159550191e-01
-3.430142169411195541e-01
-8.155664768101994477e-02
1.970079375634034846e-01
4.727010661290952376e-01
7.181416055586086200e-01
9.026882019952079395e-01
1.006190770501653731e+00
1.028898883671571785e+00
9.823928820428369235e-01
8.737945693179000051e-01
7.059636322558405785e-01
4.912205598569605591e-01
2.566292809980764700e-01
3.429655189012026373e-02
-1.537793505097873881e-01
-3.063532884448505467e-01
-4.367077329204534508e-01
-5.529933024917605966e-01
-6.494412078839817415e-01
-7.123386805442155634e-01
-7.277908213553416772e-01
-6.916925738260321088e-01
-6.148976146387136188e-01
-5.124489860893420845e-01
-3.895671929386074206e-01
-2.411175749956612213e-01
-6.575824651588044190e-02
1.236901894202310503e-01
3.099611982553469591e-01
4.842016313622489743e-01
6.439730037955531117e-01
7.808467595233995473e-01
8.724535730008817769e-01
8.941570341355492557e-01
8.403840703173911519e-01
7.277221822694905917e-01
5.760587975286256546e-01
3.937863258178646020e-01
1.839018375407455719e-01
-4.472226881586495451e-02
-2.792602917163435894e-01
-5.093917800638486648e-01
-7.245814565856236733e-01
-9.075503526470979354e-01
-1.035911810025418101e+00
-1.091233052342143184e+00
-1.066570675599855411e+00
-9.706129836951836731e-01
-8.244397016051855376e-01
-6.477031816992800950e-01
-4.476292694140632245e-01
-2.218487748280792426e-01
2.983238048461525627e-02
2.972966758915892571e-01
5.615770991538716617e-01
7.971043015202508020e-01
9.715283754777831460e-01
1.053861358276067861e+00
1.031648322064604884e+00
9.197352708881052497e-01
7.520679865400351494e-01
5.656769349279981984e-01
3.828322356774160884e-01
2.008488329495936031e-01
3.938942390384399250e-03
-2.113648114063232664e-01
-4.251446799990650227e-01
-6.061090132776221218e-01
-7.293437410867075199e-01
-7.875514636641147703e-01
-7.891845713237732873e-01
-7.431512904609365311e-01
-6.503139205032298920e-01
-5.110830439854987528e-01
-3.333108808084747077e-01
-1.355269112689188593e-01
5.560160460528680570e-02
2.216747316419097336e-01
3.619938118808021521e-01
4.807680746550931916e-01
5.787929878327310318e-01
6.567509444305110744e-01
7.124108349286215613e-01
7.366606079345542346e-01
7.173081974975911157e-01
6.441144302546946143e-01
5.122332536841472939e-01
3.275222916999867007e-01
1.073430701370848839e-01
-1.274689528433198549e-01
-3.578252872345285551e-01
-5.684546965515568928e-01
-7.495256427624049644e-01
-8.904046027622440906e-01
-9.788777783567667035e-01
-1.010494158135844645e+00
-9.856332738857014331e-01
-8.980292743625637453e-01
-7.399060618311340543e-01
-5.194160003875714082e-01
-2.625556402617949536e-01
2.850455099051865671e-03
2.586113840151418874e-01
4.951509720236957901e-01
7.042599894952636941e-01
8.740681788023555443e-01
9.900938811889241631e-01
1.038033838981002877e+00
1.012124238748657534e+00
9.244296110295570079e-01
7.968308008345635907e-01
6.455260073073298965e-01
4.765552163466292845e-01
2.910739851042780657e-01
9.396189274558834625e-02
-1.065192675386623516e-01
-3.065968300681142789e-01
-5.065685378510548231e-01
-7.017968073059088763e-01
-8.722068290592962514e-01
-9.818108365495765710e-01
-9.956666101302729111e-01
-8.983829482388234755e-01
-6.991032312772202939e-01
-4.247855204647207339e-01
-1.089350268332775762e-01
2.167813342680526001e-01
5.247802405267099068e-01
7.902110332483850419e-01
9.899778394074238985e-01
1.105228425726826336e+00
1.131479323536368931e+00
1.087168914797992381e+00
9.999898917748704097e-01
8.827423590286753718e-01
7.296477033083109687e-01
5.304963300785913161e-01
2.840001848353249092e-01
5.524721015732245166e-03
-2.740510957890315291e-01
-5.216967982958961025e-01
-7.195953879946231924e-01
-8.693873243590056754e-01
-9.768478349558998852e-01
-1.037576144970753678e+00
-1.043031847648730581e+00
-9.907735607200787165e-01
-8.817353984602127603e-01
-7.175259119315147149e-01
-5.035596328356449769e-01
-2.500020554143718710e-01
2.521637808808682713e-02
2.943515658872029594e-01
5.301995397053080872e-01
7.225669056148052993e-01
8.841977591563877636e-01
1.035105050589171238e+00
1.177667642393271485e+00
1.290433592561845977e+00
1.339541129766840477e+00
1.291768965981260120e+00
1.132024375147878903e+00
8.743197183608941714e-01
5.508695121517690474e-01
1.980068200000699163e-01
-1.482470967106890858e-01
-4.561327757291557816e-01
-7.011425841189087294e-01
-8.674590975086784450e-01
-9.523748286023371312e-01
-9.687783987607475611e-01
-9.361870596013660561e-01
-8.633435772847216638e-01
-7.443302376321623282e-01
-5.732700145985694107e-01
-3.576925255428770045e-01
-1.200571829825936021e-01
1.154611049910249099e-01
3.378599934126115811e-01
5.436413713018484195e-01
7.230066764097762277e-01
8.611775530229782705e-01
9.458266294981049205e-01
9.674741095933371282e-01
9.172254954430993923e-01
7.874650131550778864e-01
5.828481671242526918e-01
3.311808440501374795e-01
6.922198174963653527e-02
-1.801326274886214385e-01
-4.084263541492669236e-01
-6.095634860009008227e-01
-7.761687211767281935e-01
-9.035289493382624437e-01
-9.864956756296769935e-01
-1.010851012300341800e+00
-9.577454689143189981e-01
-8.188883164278732973e-01
-6.048225176560541039e-01
-3.421254314452497058e-01
-6.026051483059405300e-02
