0.000000000000000000e+00
4.463049310923809521e-01
7.905687858148534586e-01
9.746407274728455805e-01
1.005833685028711955e+00
9.457564599815553308e-01
8.733462771708454531e-01
8.425244947262440220e-01
8.572565648511962788e-01
8.768328437039352163e-01
8.473751934079476467e-01
7.410886984708852099e-01
5.805080136008626823e-01
4.332581925269917145e-01
3.791578774844771571e-01
4.669525868898857235e-01
6.841313740632485318e-01
9.567325197171380191e-01
1.180255664927050141e+00
1.266261177462320919e+00
1.180870560898544586e+00
9.557003916029903623e-01
6.664354303625306120e-01
3.913580944435453013e-01
1.724860887209053728e-01
1.592040838891558849e-16
-1.724860887209053451e-01
-3.913580944435442466e-01
-6.664354303625291687e-01
-9.557003916029902513e-01
-1.180870560898544142e+00
-1.266261177462321363e+00
-1.180255664927050807e+00
-9.567325197171397955e-01
-6.841313740632495310e-01
-4.669525868898865006e-01
-3.791578774844771571e-01
-4.332581925269907708e-01
-5.805080136008621272e-01
-7.410886984708842107e-01
-8.473751934079476467e-01
-8.768328437039351053e-01
-8.572565648511959457e-01
-8.425244947262435780e-01
-8.733462771708448980e-01
-9.457564599815535544e-01
-1.005833685028710844e+00
-9.746407274728454695e-01
-7.905687858148531255e-01
-4.463049310923830060e-01
-9.062386313690412402e-16
4.463049310923813406e-01
7.905687858148529035e-01
9.746407274728451364e-01
1.005833685028712399e+00
9.457564599815553308e-01
8.733462771708465633e-01
8.425244947262441331e-01
8.572565648511963898e-01
8.768328437039356604e-01
8.473751934079489789e-01
7.410886984708863201e-01
5.805080136008635705e-01
4.332581925269927137e-01
3.791578774844770461e-01
4.669525868898858900e-01
6.841313740632462004e-01
9.567325197171365758e-01
1.180255664927049253e+00
1.266261177462320253e+00
1.180870560898545030e+00
9.557003916029894741e-01
6.664354303625290576e-01
3.913580944435468001e-01
1.724860887209079263e-01
8.328836195475176441e-16
-1.724860887209038740e-01
-3.913580944435429143e-01
-6.664354303625272813e-01
-9.557003916029894741e-01
-1.180870560898543919e+00
-1.266261177462322252e+00
-1.180255664927051029e+00
-9.567325197171391293e-01
-6.841313740632515294e-01
-4.669525868898886101e-01
-3.791578774844772681e-01
-4.332581925269910483e-01
-5.805080136008609060e-01
-7.410886984708825453e-01
-8.473751934079456483e-01
-8.768328437039352163e-01
-8.572565648511957237e-01
-8.425244947262425788e-01
-8.733462771708444539e-01
-9.457564599815533324e-01
-1.005833685028711511e+00
-9.746407274728456915e-01
-7.905687858148560121e-01
-4.463049310923802304e-01
-1.812477262738082480e-15
4.463049310923787871e-01
7.905687858148537916e-01
9.746407274728464687e-01
1.005833685028713065e+00
9.457564599815572182e-01
8.733462771708473404e-01
8.425244947262442441e-01
8.572565648511962788e-01
8.768328437039361045e-01
8.473751934079480908e-01
7.410886984708868752e-01
5.805080136008655689e-01
4.332581925269919920e-01
3.791578774844769351e-01
4.669525868898837251e-01
6.841313740632486429e-01
9.567325197171361317e-01
1.180255664927046588e+00
1.266261177462320919e+00
1.180870560898546584e+00
9.557003916029930268e-01
6.664354303625329434e-01
3.913580944435484654e-01
1.724860887209059834e-01
1.151291787325829266e-15
-1.724860887209029026e-01
-3.913580944435436360e-01
-6.664354303625283915e-01
-9.557003916029872537e-01
-1.180870560898543697e+00
-1.266261177462320919e+00
-1.180255664927054804e+00
-9.567325197171397955e-01
-6.841313740632519735e-01
-4.669525868898890542e-01
-3.791578774844776012e-01
-4.332581925269909928e-01
-5.805080136008604619e-01
-7.410886984708850989e-01
-8.473751934079473136e-01
-8.768328437039336620e-01
-8.572565648511955017e-01
-8.425244947262430228e-01
-8.733462771708468964e-01
-9.457564599815496686e-01
-1.005833685028710178e+00
-9.746407274728472458e-01
-7.905687858148608971e-01
-4.463049310923863922e-01
-9.113600515948025748e-15
4.463049310923708490e-01
7.905687858148487956e-01
9.746407274728432490e-01
1.005833685028715729e+00
9.457564599815574402e-01
8.733462771708476735e-01
8.425244947262431339e-01
8.572565648511971670e-01
8.768328437039361045e-01
8.473751934079480908e-01
7.410886984708867642e-01
5.805080136008661240e-01
4.332581925269921586e-01
3.791578774844768240e-01
4.669525868898833920e-01
6.841313740632474216e-01
9.567325197171346884e-01
1.180255664927046144e+00
1.266261177462320919e+00
1.180870560898546806e+00
9.557003916029904733e-01
6.664354303625283915e-01
3.913580944435472997e-01
1.724860887209063165e-01
-2.793556459456459281e-15
-1.724860887209024585e-01
-3.913580944435366415e-01
-6.664354303625210640e-01
-9.557003916029868096e-01
-1.180870560898541033e+00
-1.266261177462322696e+00
-1.180255664927052806e+00
-9.567325197171507867e-01
-6.841313740632584128e-01
-4.669525868898893872e-01
-3.791578774844783783e-01
-4.332581925269884948e-01
-5.805080136008602398e-01
-7.410886984708847658e-01
-8.473751934079452042e-01
-8.768328437039352163e-01
-8.572565648511956127e-01
-8.425244947262413575e-01
-8.733462771708440098e-01
-9.457564599815564410e-01
-1.005833685028710178e+00
-9.746407274728443593e-01
-7.905687858148523484e-01
-4.463049310923872248e-01
-3.624954525476164961e-15
4.463049310923843382e-01
7.905687858148517932e-01
9.746407274728461356e-01
1.005833685028710622e+00
9.457564599815603268e-01
8.733462771708473404e-01
8.425244947262439110e-01
8.572565648511970560e-01
8.768328437039355494e-01
8.473751934079503112e-01
7.410886984708870973e-01
5.805080136008694547e-01
4.332581925269944345e-01
3.791578774844768240e-01
4.669525868898791732e-01
6.841313740632424256e-01
9.567325197171360207e-01
1.180255664927041037e+00
1.266261177462319365e+00
1.180870560898545918e+00
9.557003916029971347e-01
6.664354303625323883e-01
3.913580944435453013e-01
1.724860887209079263e-01
1.788108122882453298e-15
-1.724860887209033744e-01
-3.913580944435419706e-01
-6.664354303625272813e-01
-9.557003916029893631e-01
-1.180870560898541921e+00
-1.266261177462323584e+00
-1.180255664927050807e+00
-9.567325197171470119e-01
-6.841313740632528617e-01
-4.669525868898868892e-01
-3.791578774844784894e-01
-4.332581925269905487e-01
-5.805080136008632374e-01
-7.410886984708814351e-01
-8.473751934079432058e-01
-8.768328437039342171e-01
-8.572565648511968339e-01
-8.425244947262421347e-01
-8.733462771708410122e-01
-9.457564599815527773e-01
-1.005833685028707514e+00
-9.746407274728474679e-01
-7.905687858148557901e-01
-4.463049310923933310e-01
