5.184339082045187721e-12
9.723643609175232367e-12
1.336577032164017501e-11
1.460047194982671475e-11
1.196495960965682324e-11
4.509025658955006154e-12
-7.685037812369755492e-12
-2.306064700826207481e-11
-3.839257581845208915e-11
-4.901085202760495056e-11
-4.956406436152903985e-11
-3.533441261321697958e-11
-3.955062450698117529e-12
4.280920893412874594e-11
9.772954097416605873e-11
1.478354361909753810e-10
1.757531938846556697e-10
1.629849021498162011e-10
9.501070687777559019e-11
-3.250894785560808856e-11
-2.078150159343716757e-10
-3.993388797805578374e-10
-5.563221117764893642e-10
-6.155367393598005469e-10
-5.148255259839933668e-10
-2.124385085779467870e-10
2.910787924208412345e-10
9.339307507427814423e-10
1.584125757562094960e-09
2.047776954971904724e-09
2.099928435189953304e-09
1.538740068238004074e-09
2.571560087337372142e-10
-1.681776754237178668e-09
-3.987134139016543772e-09
-6.125339199728462266e-09
-7.372304262590123998e-09
-6.946926967708768085e-09
-4.222227229745439792e-09
1.014815114888505019e-09
8.311516000904379543e-09
1.638584974266859520e-08
2.314037991443282046e-08
2.592980466575629448e-08
2.211561791647928731e-08
9.869449304734923954e-09
-1.090615522193669918e-08
-3.776569787930041081e-08
-6.531289096916471740e-08
-8.550343627473814217e-08
-8.888782937971503344e-08
-6.684218945730860949e-08
-1.455714270396151362e-08
6.577909363021701331e-08
1.624810765618643719e-07
2.536170595928642368e-07
3.090290257628459906e-07
2.957609518650793066e-07
1.867896165673904497e-07
-2.809718454463588113e-08
-3.316036605917688418e-07
-6.717366433414312556e-07
-9.618900081479502078e-07
-1.091465485427276981e-06
-9.485716112989085540e-07
-4.533761877565809320e-07
4.031876403585345027e-07
1.524681221871313518e-06
2.690715787722944433e-06
3.567764265022964154e-06
3.759175904401583601e-06
2.896946121660889484e-06
7.662832931073030180e-07
-2.559982852258667875e-06
-6.613468780920137940e-06
-1.049348563009183378e-05
-1.294479349713756127e-05
-1.257804185356697738e-05
-8.230538373366023670e-06
5.786394751381188865e-07
1.319457851774503043e-05
2.751170229201744275e-05
3.995661446805285060e-05
4.590838260194851747e-05
4.062653889280067715e-05
2.063485216599421552e-05
-1.465279342057027338e-05
-6.144809729372114671e-05
-1.107598094276378590e-04
-1.487687029056760160e-04
-1.588363724208231929e-04
-1.252771672287762640e-04
-3.854626579188517128e-05
9.908946362249782761e-05
2.688994965341477434e-04
4.339280025341426920e-04
5.419631580113599793e-04
5.344750149760602899e-04
3.615083523329492426e-04
7.040921946943959342e-07
-5.234557913352515940e-04
-1.125919165322161741e-03
-1.659512698052013902e-03
-1.931550864196892627e-03
-1.741784580875451382e-03
-9.398342400139601642e-04
5.064994728154565903e-04
2.447853595940590113e-03
4.516330838063624398e-03
6.138168285532229207e-03
6.614816531823830559e-03
5.279101327125379321e-03
1.713666231342707985e-03
-4.005322284770965885e-03
-1.109990656224796313e-02
-1.799383362044083140e-02
-2.240325428429627841e-02
-2.166543850734021712e-02
-1.330483240035973055e-02
4.238590735845287893e-03
3.087755529782740260e-02
6.437071211109912650e-02
1.002921479075589706e-01
1.326677429050811541e-01
1.552902681759861236e-01
1.634236266228209500e-01
1.552902681759859849e-01
1.326677429050809043e-01
1.002921479075587208e-01
6.437071211109891833e-02
3.087755529782724301e-02
4.238590735845148248e-03
-1.330483240035987454e-02
-2.166543850734036283e-02
-2.240325428429641719e-02
-1.799383362044095630e-02
-1.109990656224807415e-02
-4.005322284771062162e-03
1.713666231342629923e-03
5.279101327125322075e-03
6.614816531823794130e-03
6.138168285532214462e-03
4.516330838063627000e-03
2.447853595940606159e-03
5.064994728154817438e-04
-9.398342400139302402e-04
-1.741784580875420157e-03
-1.931550864196863353e-03
-1.659512698051989832e-03
-1.125919165322145695e-03
-5.234557913352440046e-04
7.040921946951633460e-07
3.615083523329455564e-04
5.344750149760545436e-04
5.419631580113542331e-04
4.339280025341383010e-04
2.688994965341455208e-04
9.908946362249786827e-05
-3.854626579188349077e-05
-1.252771672287738246e-04
-1.588363724208208348e-04
-1.487687029056743084e-04
-1.107598094276369781e-04
-6.144809729372099764e-05
-1.465279342057060372e-05
2.063485216599366664e-05
4.062653889280011472e-05
4.590838260194807702e-05
3.995661446805259988e-05
2.751170229201739192e-05
1.319457851774515749e-05
5.786394751383736316e-07
-8.230538373365711962e-06
-1.257804185356668091e-05
-1.294479349713733596e-05
-1.049348563009171689e-05
-6.613468780920142176e-06
-2.559982852258776718e-06
7.662832931071275763e-07
2.896946121660700596e-06
3.759175904401441723e-06
3.567764265022923920e-06
2.690715787723042689e-06
1.524681221871557675e-06
4.031876403588894625e-07
-4.533761877561952144e-07
-9.485716112986098690e-07
-1.091465485427202231e-06
-9.618900081482244347e-07
-6.717366433421268814e-07
-3.316036605928618320e-07
-2.809718454597058337e-08
1.867896165661127535e-07
2.957609518642737783e-07
3.090290257629708221e-07
2.536170595943015458e-07
1.624810765647704361e-07
6.577909363437327164e-08
-1.455714269925128251e-08
-6.684218945322287989e-08
-8.888782937777506329e-08
-8.550343627650171770e-08
-6.531289097577040972e-08
-3.776569789093286647e-08
-1.090615523733954830e-08
9.869449288529324171e-09
2.211561790402334026e-08
2.592980466252285208e-08
2.314037992557143275e-08
1.638584977129756104e-08
8.311516046246767894e-09
1.014815170746998695e-09
-4.222227175559181267e-09
-6.946926932385637164e-09
-7.372304265370977004e-09
-6.125339256995038823e-09
-3.987134258030374618e-09
-1.681776926814289782e-09
2.571558107228633842e-10
1.538739893353207116e-09
2.099928346928737629e-09
2.047777019263123622e-09
1.584126023868579631e-09
9.339312296154094043e-10
2.910794347077870828e-10
-2.124378238126425083e-10
-5.148249872310761633e-10
-6.155365760340046863e-10
-5.563225431346795559e-10
-3.993400438286780613e-10
-2.078168908394905212e-10
-3.251128631046594348e-11
9.500840457579453037e-11
1.629833506402977363e-10
1.757532031667688216e-10
1.478377090766482802e-10
9.773441150404201667e-11
4.281637441643205410e-11
-3.946737374982505920e-12
-3.532692787464423518e-11
-4.956006848926272917e-11
-4.901313173350326622e-11
-3.840327284147467456e-11
-2.308031649379231762e-11
-7.711762304139594239e-12
4.480172468885816649e-12
1.194177804693336048e-11
1.459256689027435621e-11
1.338244703651914403e-11
9.770936126556184166e-12
