-1.322158182703849494e-01
3.641213894435956777e-01
5.972175134774263539e-01
8.559270810544177266e-01
9.612352948516392770e-01
1.003672439594689214e+00
9.027734744735507189e-01
7.282809969959129770e-01
4.531453716189292602e-01
1.443530423992357981e-01
-1.930258890244148373e-01
-4.995113966382264126e-01
-7.579330963718317049e-01
-9.284809315991082723e-01
-9.989140949525256996e-01
-9.595301152512070164e-01
-8.121554800931231055e-01
-5.799559710586310590e-01
-2.770440806262904343e-01
4.709503709802861232e-02
3.779125565002459664e-01
6.523970023939658081e-01
8.730575215880742590e-01
9.757654520211895832e-01
9.976050631677072511e-01
8.770189518875177725e-01
7.007787661854969485e-01
3.940924143693051440e-01
1.186459540311795707e-01
-2.921091406885913955e-01
