1.000000000000000000e+00
9.991320700239181285e-01
9.861432315629250489e-01
9.305076219123142867e-01
7.858872607769480378e-01
5.047822144359468410e-01
7.073720166770290640e-02
-4.536620811819822574e-01
-8.893265682130413463e-01
-9.728839459794463851e-01
-5.190356253846216683e-01
3.233596045590954038e-01
9.601702866503659672e-01
7.258813985222706266e-01
-3.076145804956973984e-01
-9.987613331112640269e-01
-3.230093983753798970e-01
8.654722889658429397e-01
5.949206633098920172e-01
-7.861160442175820773e-01
