1.000000000000000222e+00
1.317270187240736412e+00
1.147402693090115777e+00
8.807884686358190551e-01
8.380650851063268236e-01
9.861432315629251599e-01
1.084024353302470489e+00
1.007479040111053603e+00
8.575836611716975977e-01
7.826332832608902113e-01
7.858872607769480378e-01
7.504869858477855038e-01
6.055231890902872394e-01
4.014372749560949916e-01
2.209239441845498031e-01
7.073720166770300355e-02
-1.051273307950112978e-01
-3.324056365353057485e-01
-5.691042555711969264e-01
-7.595588329438857089e-01
-8.893265682130412353e-01
-9.696874039314528071e-01
-9.924353963434987547e-01
-9.284788589828038008e-01
-7.650285266993792632e-01
-5.190356253846217793e-01
-2.123645398667268758e-01
1.397855221689132954e-01
5.015437299652830694e-01
7.992764241810477177e-01
9.601702866503659672e-01
9.644781398331642164e-01
8.358487015456080860e-01
5.827456089147416973e-01
1.894042573899112070e-01
-3.076145804956975094e-01
-7.623162459280370395e-01
-9.941630193564847673e-01
-9.363943168559786256e-01
-6.754977361260049440e-01
-3.230093983753798415e-01
1.057017962100352537e-01
6.177951865480536542e-01
1.058681495425512820e+00
1.111639215148312321e+00
5.949206633098920172e-01
-2.354941080830852407e-01
-7.805080181129091521e-01
-5.944805454533359512e-01
1.951147203281102249e-01
