0.000000000000000000e+00
9.983341664682815475e-02
1.986693307950612164e-01
2.955202066613396017e-01
3.894183423086505225e-01
4.794255386042030054e-01
5.646424733950354824e-01
6.442176872376911279e-01
7.173560908995227914e-01
7.833269096274834142e-01
8.414709848078965049e-01
8.912073600614354163e-01
9.320390859672263995e-01
9.635581854171929583e-01
9.854497299884602546e-01
9.974949866040544455e-01
9.995736030415051099e-01
9.916648104524685703e-01
9.738476308781951474e-01
9.463000876874144707e-01
9.092974268256817094e-01
8.632093666488737105e-01
8.084964038195900926e-01
7.457052121767200337e-01
6.754631805511506215e-01
5.984721441039564382e-01
5.155013718214641605e-01
4.273798802338297786e-01
3.349881501559046626e-01
2.392493292139819816e-01
1.411200080598672135e-01
4.158066243329049116e-02
-5.837414342758008579e-02
-1.577456941432486548e-01
-2.555411020268316680e-01
-3.507832276896198365e-01
-4.425204432948524613e-01
-5.298361409084934026e-01
-6.118578909427192514e-01
-6.877661591839741018e-01
-7.568024953079282025e-01
-8.182771110644108115e-01
-8.715757724135881901e-01
-9.161659367494549011e-01
-9.516020738895161202e-01
-9.775301176650970092e-01
-9.936910036334645202e-01
-9.999232575641008314e-01
-9.961646088358405704e-01
-9.824526126243324775e-01
-9.589242746631384540e-01
-9.258146823277321191e-01
-8.834546557201531369e-01
-8.322674422239008107e-01
-7.727644875559871451e-01
-7.055403255703919241e-01
-6.312666378723208460e-01
-5.506855425976375784e-01
-4.646021794137565886e-01
-3.738766648302360163e-01
-2.794154981989258602e-01
-1.821625042720950161e-01
-8.308940281749639667e-02
1.681390048435060097e-02
1.165492048504936373e-01
2.151199880878155168e-01
3.115413635133786885e-01
4.048499206165983022e-01
4.941133511386089361e-01
5.784397643882001061e-01
6.569865987187890610e-01
7.289690401258764885e-01
7.936678638491531101e-01
8.504366206285648433e-01
8.987080958116269169e-01
9.379999767747388972e-01
9.679196720314865443e-01
9.881682338770003682e-01
9.985433453746049848e-01
9.989413418397720124e-01
9.893582466233817874e-01
9.698898108450862976e-01
9.407305566797725671e-01
9.021718337562932843e-01
8.545989080882805400e-01
7.984871126234902583e-01
7.343970978741133360e-01
6.629692300821820039e-01
5.849171928917616947e-01
5.010208564578846335e-01
4.121184852417565936e-01
3.190983623493521271e-01
2.228899141002459172e-01
1.244544235070617066e-01
2.477542545335776475e-02
-7.515112046180930094e-02
-1.743267812229813973e-01
-2.717606264109441727e-01
-3.664791292519283816e-01
-4.575358937753213340e-01
