0.9999999999999997
1.3172701872407366
1.1474026930901158
0.8807884686358182
0.8380650851063272
0.9861432315629264
1.0840243533024712
1.007479040111055
0.8575836611716956
0.7826332832608868
0.7858872607769417
0.7504869858477816
0.6055231890902828
0.40143727495609133
0.2209239441845516
0.07073720166770563
-0.10512733079501264
-0.3324056365353113
-0.5691042555712001
-0.7595588329438906
-0.8893265682130448
-0.9696874039314601
-0.9924353963435063
-0.9284788589828087
-0.7650285266993837
-0.5190356253846182
-0.21236453986672543
0.13978552216892207
0.5015437299652795
0.7992764241810523
0.9601702866503575
0.9644781398331679
0.8358487015456062
0.5827456089147549
0.18940425738992223
-0.3076145804956919
-0.7623162459280385
-0.9941630193564797
-0.9363943168559817
-0.6754977361259975
-0.32300939837537784
0.10570179621004366
0.6177951865480679
1.0586814954255126
1.1116392151483125
0.5949206633099029
-0.23549410808309001
-0.780508018112911
-0.5944805454533224
0.19511472032811422
