-0.1322158182703904
0.36412138944359584
0.5972175134774202
0.8559270810543949
0.961235294851621
1.0036724395946788
0.902773474473543
0.7282809969959091
0.45314537161893054
0.14435304239924351
-0.19302588902440235
-0.4995113966382146
-0.7579330963718197
-0.9284809315990976
-0.9989140949525152
-0.9595301152512067
-0.8121554800931227
-0.57995597105863
-0.27704408062629526
0.047095037098019966
0.3779125565002302
0.6523970023939575
0.8730575215880746
0.9757654520211854
0.9976050631677126
0.8770189518875159
0.7007787661855174
0.39409241436931824
0.11864595403118307
-0.2921091406885903
