0.000000000000000000e+00
1.259941356008329183e-01
2.519882712016658366e-01
3.779824068024987826e-01
5.039765424033316732e-01
5.165039115372673795e-01
1.886309812705103672e-01
-1.392419489962464230e-01
-4.671148792630031021e-01
-7.949878095297597813e-01
-7.592480376696780775e-01
-3.598955636827565474e-01
3.945691030416564882e-02
4.388093842910870679e-01
8.381618582780084870e-01
7.039966471435640250e-01
3.919922076353307139e-01
7.998776812709684769e-02
-2.320166713811360193e-01
-5.440211108893698855e-01
