0.000000000000000000e+00
2.564102564102563875e-01
5.128205128205127750e-01
7.692307692307691624e-01
1.025641025641025550e+00
1.282051282051281937e+00
1.538461538461538325e+00
1.794871794871794712e+00
2.051282051282051100e+00
2.307692307692307487e+00
2.564102564102563875e+00
2.820512820512820262e+00
3.076923076923076650e+00
3.333333333333333037e+00
3.589743589743589425e+00
3.846153846153845812e+00
4.102564102564102200e+00
4.358974358974358587e+00
4.615384615384614975e+00
4.871794871794871362e+00
5.128205128205127750e+00
5.384615384615384137e+00
5.641025641025640525e+00
5.897435897435896912e+00
6.153846153846153300e+00
6.410256410256409687e+00
6.666666666666666075e+00
6.923076923076922462e+00
7.179487179487178850e+00
7.435897435897435237e+00
7.692307692307691624e+00
7.948717948717948012e+00
8.205128205128204399e+00
8.461538461538459899e+00
8.717948717948717174e+00
8.974358974358974450e+00
9.230769230769229949e+00
9.487179487179485449e+00
9.743589743589742724e+00
1.000000000000000000e+01
