0.000000000000000000e+00
2.068135848530668064e-01
4.136271697061336128e-01
6.204407545592004469e-01
8.272543394122672256e-01
8.806580250288936762e-01
8.573567610272997408e-01
8.340554970257056944e-01
8.107542330241117590e-01
7.193902093385466934e-01
4.919006662850388123e-01
2.644111232315308202e-01
3.692158017802293912e-02
-1.905679628754850530e-01
-3.691254599647064705e-01
-5.476829570539278880e-01
-7.262404541431493055e-01
-9.047979512323707230e-01
-9.182839473980158873e-01
-8.492341931018723145e-01
-7.801844388057286306e-01
-7.111346845095849467e-01
-5.851589960903579302e-01
-3.453314394249636377e-01
-1.055038827595693451e-01
1.343236739058248919e-01
3.741512305712191289e-01
5.179081521956782064e-01
6.616650738201370618e-01
8.054219954445958063e-01
9.491789170690545507e-01
9.222529351793229413e-01
8.099855015324939345e-01
6.977180678856653717e-01
5.854506342388361428e-01
4.294805408309252948e-01
1.861051279008523740e-01
-5.727028502922049125e-02
-3.006456979592951884e-01
-5.440211108893697745e-01
