0.0
0.25139076352286993
0.4877367292446813
0.6939930993643756
0.8551150760808942
0.9568845759279356
0.9946940695807465
0.9701363852252503
0.8849076903392151
0.7407958078931043
0.5450878904191021
0.3135950512700602
0.06286164774039305
-0.19056796287548505
-0.43073930165263496
-0.64405740314402
-0.8175171802720789
-0.93811354595925
-0.9937346365542432
-0.9826523107361733
-0.90983760288119
-0.7803732002937269
-0.599416732903345
-0.37662238814723487
-0.12861401759941427
0.12738498616508198
0.37415123057121913
0.5954504012098436
0.7790044963353273
0.9135245923679236
0.9877217657278858
0.9914210946990445
0.927397929229318
0.8067826332434556
0.640844820899152
0.4408223468546916
0.21604749580359545
-0.02710108100600206
-0.28249880832126895
-0.5440211108893698
