0.000000000000000000e+00
2.874741269827721379e-01
5.279845247601825386e-01
7.196892840962092475e-01
8.607464957548307538e-01
9.493142505000246034e-01
9.835506390957698963e-01
9.616137523060436232e-01
8.816616808948252171e-01
7.419718717052312673e-01
5.479831363287344104e-01
3.162344017167580956e-01
6.421944345383924502e-02
-1.905679628754849420e-01
-4.314254225122900466e-01
-6.448160640001030508e-01
-8.179943967080633982e-01
-9.382149300053111984e-01
-9.936081836530161748e-01
-9.824882982196997405e-01
-9.097394922141105456e-01
-7.803554854439997968e-01
-5.994060838054366958e-01
-3.765262584934933043e-01
-1.284269869166957956e-01
1.275720648098951082e-01
3.741512305712192399e-01
5.950453224520049211e-01
7.782070653361372603e-01
9.126436623072896603e-01
9.873623164491361903e-01
9.924158692631469547e-01
9.300127088576676249e-01
8.102035114745140820e-01
6.431696581577239780e-01
4.390925299513377400e-01
2.081535078993970722e-01
-3.946602695406012384e-02
-2.935846935649962797e-01
-5.440211108893697745e-01
