0.000000000000000000e+00
3.039596707655876640e-01
5.583984969635915618e-01
7.137956340264273170e-01
7.206302373865116628e-01
5.298409133001440452e-01
1.479598177135908743e-01
-3.105099498141367098e-01
-7.186601174791598101e-01
-9.495824134775991965e-01
-8.820130448020602199e-01
-5.245112307642610938e-01
-1.545920299503594775e-02
5.011163280782944263e-01
8.811886520284128999e-01
9.955435111042901797e-01
8.438898467744564424e-01
4.923183328715526885e-01
7.468252586603663090e-03
-5.440211108893702185e-01
