0.000000000000000000e+00
7.374539862619933217e-01
1.074202800692229731e+00
1.091620899449768256e+00
8.710827386936697003e-01
4.939627745829947569e-01
4.163546327680184289e-02
-4.045247390658472941e-01
-7.631433762858939041e-01
-9.528459922242767943e-01
-8.958864891538895758e-01
-5.979710132825455382e-01
-1.482579547529761510e-01
3.604659378601296482e-01
8.354139159820875848e-01
1.183799231038210387e+00
1.312835134453812724e+00
1.129734877654207548e+00
5.417117120647099160e-01
-5.440211108893697745e-01
