0.000000000000000000e+00
4.013003511328865347e-01
6.557707206486776963e-01
7.634111085473738179e-01
7.242215148289745663e-01
5.382019394934800527e-01
2.053523825408904990e-01
-2.743271560287943167e-01
-7.437946762962717173e-01
-9.530649539002022941e-01
-8.989330500667224166e-01
-5.813989647958328622e-01
-4.151640334379132734e-03
5.450714280635340359e-01
8.855120703023809936e-01
1.017170286382162336e+00
9.400460763028782862e-01
6.541394400645275109e-01
1.594503776671127859e-01
-5.440211108893697745e-01
