0.0
0.2945624020969478
0.5364755138475671
0.7257393352518579
0.8623538663098198
0.9463191070214532
0.9776350573867582
0.955847581093295
0.8782318602664286
0.7443337585937192
0.5541532760751668
0.3086579540934941
0.052354696253924644
-0.190567962875485
-0.42011002329473474
-0.6362714850038246
-0.8206654470541893
-0.9394600117004688
-0.9919197029047204
-0.9780445206669444
-0.9004099191526004
-0.7744686233544494
-0.6027960874379515
-0.3853923114031068
-0.1232457877164258
0.13817283016260443
0.37415123057121924
0.5846894135094185
0.7697873789772024
0.9138163456521043
0.9880193559007856
0.9917712584703471
0.9250720533607895
0.793663943451001
0.6320001460143088
0.4458228639296015
0.2351320971968814
-7.215418385325689E-5
-0.2597898902126041
-0.5440211108893698
