0.0
0.2874741269827722
0.5279845247601825
0.7196892840962092
0.8607464957548308
0.9493142505000248
0.9835506390957697
0.9616137523060441
0.8816616808948251
0.7419718717052312
0.5479831363287344
0.3162344017167581
0.06421944345383918
-0.19056796287548494
-0.43142542251229005
-0.6448160640001028
-0.8179943967080634
-0.9382149300053113
-0.993608183653016
-0.9824882982196997
-0.90973949221411
-0.7803554854439996
-0.5994060838054367
-0.3765262584934932
-0.12842698691669577
0.12757206480989514
0.37415123057121913
0.595045322452005
0.7782070653361371
0.9126436623072897
0.9873623164491365
0.9924158692631471
0.930012708857668
0.8102035114745139
0.6431696581577239
0.43909252995133785
0.2081535078993971
-0.039466026954060124
-0.2935846935649962
-0.5440211108893698
