0.000000000000000000e+00
2.945624020969477841e-01
5.364755138475670870e-01
7.257393352518578533e-01
8.623538663098198054e-01
9.463191070214531653e-01
9.776350573867580440e-01
9.558475810932950401e-01
8.782318602664286322e-01
7.443337585937191969e-01
5.541532760751667341e-01
3.086579540934941135e-01
5.235469625392458887e-02
-1.905679628754850530e-01
-4.201100232947347357e-01
-6.362714850038245773e-01
-8.206654470541894231e-01
-9.394600117004687778e-01
-9.919197029047206460e-01
-9.780445206669443614e-01
-9.004099191526002688e-01
-7.744686233544493259e-01
-6.027960874379515444e-01
-3.853923114031068131e-01
-1.232457877164258586e-01
1.381728301626043987e-01
3.741512305712191844e-01
5.846894135094184985e-01
7.697873789772022857e-01
9.138163456521043448e-01
9.880193559007856008e-01
9.917712584703473055e-01
9.250720533607899032e-01
7.936639434510009972e-01
6.320001460143087613e-01
4.458228639296015205e-01
2.351320971968813012e-01
-7.215418385325689243e-05
-2.597898902126041798e-01
-5.440211108893697745e-01
