0.000000000000000000e+00
2.513907635228699311e-01
4.877367292446813662e-01
6.939930993643755874e-01
8.551150760808940987e-01
9.568845759279355212e-01
9.946940695807464650e-01
9.701363852252503639e-01
8.849076903392152360e-01
7.407958078931042856e-01
5.450878904191022167e-01
3.135950512700603765e-01
6.286164774039310066e-02
-1.905679628754849975e-01
-4.307393016526350205e-01
-6.440574031440201574e-01
-8.175171802720788694e-01
-9.381135459592500059e-01
-9.937346365542433224e-01
-9.826523107361733178e-01
-9.098376028811899774e-01
-7.803732002937268097e-01
-5.994167329033449620e-01
-3.766223881472348656e-01
-1.286140175994142376e-01
1.273849861650820370e-01
3.741512305712191289e-01
5.954504012098436050e-01
7.790044963353273122e-01
9.135245923679236046e-01
9.877217657278860585e-01
9.914210946990446027e-01
9.273979292293180743e-01
8.067826332434556713e-01
6.408448208991520678e-01
4.408223468546916268e-01
2.160474958035953630e-01
-2.710108100600218395e-02
-2.824988083212691681e-01
-5.440211108893699965e-01
