1.398491374835504897e-01
1.764052345967664082e-01
2.965431292056351364e-01
5.196095265814854036e-01
5.196095265814854036e-01
5.761741413236473042e-01
6.290819664079213558e-01
6.596513151475944525e-01
7.070342057201669528e-01
8.243867598213205916e-01
8.558753419239842897e-01
1.008142858481925863e+00
1.008142858481925863e+00
1.008142858481925863e+00
1.029836053263002871e+00
1.030862419341481040e+00
1.030862419341481040e+00
1.005154401043285350e+00
9.711489840758884551e-01
8.608905137572420152e-01
8.608905137572420152e-01
8.949400237055407104e-01
8.949400237055407104e-01
8.949400237055407104e-01
6.714887101360758059e-01
5.200772235516087916e-01
4.530355766440799514e-01
4.882660715917503946e-01
4.086614952312463966e-01
3.861852062040104783e-01
1.566147506295588465e-01
7.939691439350785029e-02
-1.471527181905913639e-01
-2.903323169594469455e-01
-3.351483307792218480e-01
-3.194913752220803760e-01
-3.351483307792218480e-01
-4.095981560300522850e-01
-6.505905726835145009e-01
-7.179964342415076084e-01
-8.616577918146375303e-01
-9.602789047823083735e-01
-9.602789047823083735e-01
-1.002567292064681537e+00
-1.002567292064681537e+00
-1.021337547826215664e+00
-1.021337547826215664e+00
-1.118970539638457051e+00
-1.003726640645729251e+00
-1.048470930782505972e+00
-1.003726640645729251e+00
-9.345351694770404061e-01
-9.345351694770404061e-01
-9.345351694770404061e-01
-7.755827103898526032e-01
-6.627071385173501916e-01
-6.246149156340040642e-01
-5.280343887818529369e-01
-5.204383528236594669e-01
-4.101507814289498399e-01
-3.466615429765209644e-01
-2.181178204261491338e-01
-1.644040310219418155e-01
-1.558143597488170773e-01
1.342918190758689290e-01
1.485215288167742176e-01
1.749418944669893228e-01
4.033835147002847177e-01
4.511281461691757921e-01
5.836343039678141276e-01
7.298956549365427371e-01
7.418673312016175192e-01
7.418673312016175192e-01
9.076079323034831337e-01
8.695189676807075774e-01
8.808399571132983219e-01
8.808399571132983219e-01
9.302832674005587776e-01
9.673880921618677187e-01
9.673880921618677187e-01
1.004557876062746491e+00
9.872968006528185514e-01
9.872968006528185514e-01
9.872968006528185514e-01
9.880760302265485517e-01
9.880760302265485517e-01
8.522750549900784955e-01
6.449767465009469403e-01
6.064660291509983425e-01
4.778419307407074657e-01
4.413428693875948716e-01
3.718007905444385974e-01
2.437174119079319468e-01
2.221183271554329763e-01
6.041206517079795307e-02
-4.493803642614493943e-03
-9.317357702036058176e-02
-1.732767791508993405e-01
-3.537879199815663900e-01
-3.557060411837444369e-01
-3.557060411837444369e-01
