0.1398491374835505
0.1764052345967664
0.29654312920563514
0.5196095265814854
0.5196095265814854
0.5761741413236473
0.6290819664079214
0.6596513151475945
0.707034205720167
0.8243867598213206
0.8558753419239843
1.0081428584819259
1.0081428584819259
1.0081428584819259
1.0298360532630029
1.030862419341481
1.030862419341481
1.0051544010432854
0.9711489840758885
0.860890513757242
0.860890513757242
0.8949400237055407
0.8949400237055407
0.8949400237055407
0.6714887101360758
0.5200772235516088
0.45303557664407995
0.4882660715917504
0.4086614952312464
0.3861852062040105
0.15661475062955885
0.07939691439350785
-0.14715271819059136
-0.29033231695944695
-0.33514833077922185
-0.3194913752220804
-0.33514833077922185
-0.4095981560300523
-0.6505905726835145
-0.7179964342415076
-0.8616577918146375
-0.9602789047823084
-0.9602789047823084
-1.0025672920646815
-1.0025672920646815
-1.0213375478262157
-1.0213375478262157
-1.118970539638457
-1.0037266406457293
-1.048470930782506
-1.0037266406457293
-0.9345351694770404
-0.9345351694770404
-0.9345351694770404
-0.7755827103898526
-0.6627071385173502
-0.6246149156340041
-0.5280343887818529
-0.5204383528236595
-0.41015078142894984
-0.34666154297652096
-0.21811782042614913
-0.16440403102194182
-0.15581435974881708
0.13429181907586893
0.14852152881677422
0.17494189446698932
0.4033835147002847
0.4511281461691758
0.5836343039678141
0.7298956549365427
0.7418673312016175
0.7418673312016175
0.9076079323034831
0.8695189676807076
0.8808399571132983
0.8808399571132983
0.9302832674005588
0.9673880921618677
0.9673880921618677
1.0045578760627465
0.9872968006528186
0.9872968006528186
0.9872968006528186
0.9880760302265486
0.9880760302265486
0.8522750549900785
0.6449767465009469
0.6064660291509983
0.47784193074070747
0.44134286938759487
0.3718007905444386
0.24371741190793195
0.22211832715543298
0.06041206517079795
-0.004493803642614494
-0.09317357702036058
-0.17327677915089934
-0.3537879199815664
-0.35570604118374444
-0.35570604118374444
