4.290154792228259573e-03
2.756941608831494639e-01
5.233813001300807732e-01
7.228677478340144180e-01
8.539742072807077200e-01
9.029765613081217612e-01
8.641276430973855449e-01
7.403740537476140027e-01
5.431792584269331536e-01
2.914614432945499822e-01
9.750595564774658386e-03
-2.742467416063800734e-01
-5.324236291354907946e-01
-7.391029110100247879e-01
-8.736297740534645362e-01
-9.224609488632929954e-01
-8.805380387718059199e-01
-7.518069743184896403e-01
-5.488333384183199382e-01
-2.915551276230936573e-01
-5.301076216391101270e-03
2.817246036054724678e-01
5.412383303988600458e-01
7.476751515187577413e-01
8.807113168653010193e-01
9.272630956207515984e-01
8.827666479457532134e-01
7.516156166274847727e-01
5.467164820678576120e-01
2.882084231951339004e-01
1.476010633096436209e-03
-2.853483395688711788e-01
-5.441461591116401042e-01
-7.495680818541139434e-01
-8.815130341697369198e-01
-9.270898762757652234e-01
-8.818710371045344054e-01
-7.503171642031183364e-01
-5.453328505403031157e-01
-2.869982145716146738e-01
-6.012752766454132480e-04
2.858360847358769052e-01
5.442967940926900505e-01
7.495047361625059024e-01
8.813918009062071679e-01
9.270557897457589736e-01
8.820188981745117340e-01
7.506646823939796542e-01
5.458113519948726289e-01
2.874631501567502800e-01
8.613505005289484595e-04
-2.859756945736511291e-01
-5.449845152959432726e-01
-7.507951973947135649e-01
-8.832107503562343087e-01
-9.291861034597801439e-01
-8.841138410006639248e-01
-7.522905504889924044e-01
-5.465166014230166125e-01
-2.868657589334990821e-01
1.258691497721994845e-03
2.895953042344671102e-01
5.497855245024221293e-01
7.561573385447735163e-01
8.882604950769976693e-01
9.329042234575330994e-01
8.854943579798278952e-01
7.505327094049246694e-01
5.412214492334540550e-01
2.782018721594452515e-01
-1.245787610618322161e-02
-3.018357731752175921e-01
-5.610404303210643207e-01
-7.641221504216635374e-01
-8.907169113461089749e-01
-9.281500035247385316e-01
-8.727745138012863446e-01
-7.303928001306322360e-01
-5.157003172039587024e-01
-2.507921974090588924e-01
3.712613811315008949e-02
3.185930753194779474e-01
5.650096147484719999e-01
7.516843178122551983e-01
8.604636818159425715e-01
8.816442010564857767e-01
8.149367502682663966e-01
6.693593414807806896e-01
4.620599039860311397e-01
2.162020045027495951e-01
-4.183338222418866992e-02
-2.855848002898602189e-01
-4.915913984692867889e-01
-6.420272397281457932e-01
-7.265571525201728331e-01
-7.431907480965393997e-01
-6.980513174113675001e-01
-6.041201014421473392e-01
-4.791264867060613386e-01
-3.427881529660407600e-01
