-7.166920716319734666e-03
2.672758936739869084e-01
5.113576305441233094e-01
7.011537743018388946e-01
8.187719668706425757e-01
8.539625420145031676e-01
8.048438091834992925e-01
6.777533581506365312e-01
4.863255555622209014e-01
2.499539784979456780e-01
-8.173392645215818084e-03
-2.632727108436632157e-01
-4.912122756071843344e-01
-6.706420944944097018e-01
-7.848552627788102365e-01
-8.232499176827495768e-01
-7.822809780679667035e-01
-6.658168873180055902e-01
-4.848517447456111573e-01
-2.565693387679196524e-01
-2.811399708217792587e-03
2.519368821913088863e-01
4.828730139614952899e-01
6.672977897987368845e-01
7.868874442486674115e-01
8.295758585442262190e-01
7.908362888552920023e-01
6.742107433458569554e-01
4.910150616633640053e-01
2.592390143766152844e-01
1.751479248049623823e-03
-2.560009158978732713e-01
-4.885574057238034618e-01
-6.729979438575075523e-01
-7.912232308697172423e-01
-8.317286428350519900e-01
-7.906998750873827086e-01
-6.723332375552830698e-01
-4.883651786689563457e-01
-2.568744183688347893e-01
-4.880590374609514387e-04
2.558255622104047000e-01
4.871629503478447920e-01
6.710651982346862443e-01
7.896546925764745817e-01
8.313376420821361190e-01
7.919207602036515414e-01
6.750405172309456026e-01
4.918608472556694200e-01
2.600568523086064787e-01
2.164464741753161555e-03
-2.565647385646832590e-01
-4.906129899465462851e-01
-6.767212148188310739e-01
-7.962408259161887214e-01
-8.370675826870976888e-01
-7.949427367496755270e-01
-6.739633255780258514e-01
-4.862231792646684037e-01
-2.506014598229108770e-01
9.184686583444890556e-03
2.670558132822957176e-01
4.972980158639686010e-01
6.772319019445049992e-01
7.895175361860344854e-01
8.238375804668552904e-01
7.777835477867915959e-01
6.568756525951491287e-01
4.737583859206978554e-01
2.467136048090501355e-01
-2.295213194906050008e-03
-2.498001285249971670e-01
-4.729867301370352384e-01
-6.516339830471663541e-01
-7.697004225159972401e-01
-8.164896026932434436e-01
-7.873843611726200065e-01
-6.841721696176897849e-01
-5.149883671523196593e-01
-2.938856028580498214e-01
-4.000992160542360399e-02
2.236549546659766519e-01
4.720055335729405055e-01
6.799824892332453352e-01
8.250792258724944928e-01
8.899831430327852511e-01
8.650277434877104987e-01
7.500576409011162626e-01
5.552988843899836491e-01
3.009063640689643715e-01
1.503252498750491141e-02
-2.694919912800276540e-01
-5.194968963292966313e-01
-7.062093427791330535e-01
-8.096063107770585798e-01
-8.215775872791549750e-01
-7.472406629138778067e-01
-6.040526098358658391e-01
-4.187764575024084945e-01
-2.227990148253165270e-01
