-0.007166920716302996
0.2672758936740211
0.5113576305441722
0.7011537743018984
0.8187719668707077
0.8539625420145687
0.8048438091835602
0.6777533581506884
0.48632555556226
0.2499539784979692
-0.008173392645209606
-0.263272710843675
-0.4912122756072135
-0.6706420944944541
-0.7848552627788664
-0.823249917682813
-0.7822809780680318
-0.6658168873180664
-0.48485174474566217
-0.25656933876795635
-0.002811399708236885
0.2519368821913091
0.48287301396151466
0.6672977897987733
0.7868874442487167
0.8295758585442828
0.7908362888553493
0.6742107433459082
0.4910150616634033
0.2592390143766377
0.0017514792480518293
-0.2560009158978927
-0.4885574057238438
-0.672997943857566
-0.7912232308697885
-0.8317286428351289
-0.7906998750874572
-0.6723332375553471
-0.48836517866900314
-0.2568744183688596
-4.880590374617584E-4
0.2558255622104271
0.48716295034788726
0.6710651982347438
0.789654692576541
0.8313376420822046
0.7919207602037152
0.6750405172309982
0.49186084725570633
0.2600568523086247
0.002164464741751672
-0.2565647385647037
-0.4906129899465834
-0.6767212148188815
-0.7962408259162478
-0.8370675826871601
-0.7949427367497355
-0.6739633255780778
-0.4862231792647077
-0.25060145982293386
0.009184686583440543
0.26705581328231054
0.4972980158640013
0.6772319019445524
0.7895175361860921
0.8238375804669176
0.7777835477868532
0.656875652595205
0.4737583859207436
0.24671360480908197
-0.0022952131948909653
-0.2498001285250006
-0.4729867301370576
-0.6516339830472065
-0.769700422516052
-0.8164896026933076
-0.7873843611726872
-0.6841721696177523
-0.5149883671523694
-0.2938856028580793
-0.04000992160542742
0.22365495466600077
0.47200553357299113
0.6799824892333173
0.8250792258725796
0.889983143032874
0.8650277434877925
0.7500576409011827
0.5552988843900276
0.30090636406898186
0.01503252498749574
-0.2694919912800598
-0.5194968963293446
-0.7062093427791879
-0.8096063107771109
-0.8215775872791963
-0.7472406629139021
-0.6040526098358697
-0.41877645750239145
-0.22279901482528086
