0.004290154792222389
0.275694160883146
0.5233813001300804
0.7228677478340174
0.8539742072807138
0.9029765613081303
0.8641276430973955
0.7403740537476241
0.543179258426942
0.2914614432945565
0.009750595564777864
-0.2742467416063805
-0.5324236291354947
-0.7391029110100314
-0.8736297740534731
-0.9224609488633021
-0.880538038771814
-0.7518069743184959
-0.5488333384183237
-0.29155512762309466
-0.005301076216389394
0.2817246036054768
0.5412383303988669
0.7476751515187668
0.8807113168653116
0.9272630956207631
0.8827666479457645
0.7516156166274947
0.5467164820678652
0.2882084231951383
0.0014760106330971579
-0.28534833956887434
-0.5441461591116469
-0.7495680818541235
-0.8815130341697487
-0.9270898762757787
-0.8818710371045482
-0.750317164203131
-0.545332850540313
-0.28699821457162045
-6.012752766463569E-4
0.2858360847358808
0.5442967940926977
0.7495047361625158
0.8813918009062174
0.9270557897457684
0.882018898174519
0.7506646823939833
0.545811351994872
0.2874631501567453
8.613505005199973E-4
-0.28597569457366323
-0.5449845152959574
-0.7507951973947286
-0.8832107503562492
-0.929186103459794
-0.8841138410006759
-0.7522905504890016
-0.5465166014230227
-0.2868657589335017
0.0012586914977227859
0.2895953042344709
0.5497855245024282
0.7561573385447814
0.8882604950770067
0.9329042234575421
0.8854943579798356
0.75053270940493
0.5412214492334566
0.2782018721594446
-0.012457876106187149
-0.30183577317522453
-0.5610404303210736
-0.7641221504216743
-0.89071691134612
-0.9281500035247487
-0.8727745138012952
-0.730392800130639
-0.5157003172039631
-0.2507921974090608
0.037126138113150464
0.31859307531948
0.565009614748475
0.7516843178122585
0.8604636818159455
0.8816442010564872
0.814936750268266
0.6693593414807784
0.46205990398602725
0.21620200450274468
-0.04183338222419411
-0.28558480028986566
-0.4915913984692918
-0.6420272397281502
-0.7265571525201764
-0.7431907480965416
-0.6980513174113678
-0.6041201014421458
-0.4791264867060582
-0.3427881529660369
