-1.894182085982128E-15 0.0
2.028760995809552E-15 4.294447538818607E-15
3.516943437020333E-15 1.6962868782020388E-15
4.397111101795659E-15 3.1403827790399325E-15
6.834993131517162E-15 -1.1375200598887497E-15
-7.182471588415756E-16 -5.000416216228439E-16
2.8422188641447005E-15 3.2916316023419055E-15
9.036926180190016E-15 2.9504659409933817E-15
2.1137791062149495E-15 6.391952870200237E-15
1.5661147638196858E-14 9.973027029536604E-15
-3.552713678800501E-14 -31.999999999999982
-9.486204625922885E-15 -1.1414704612044626E-14
-8.881784197001252E-16 -9.769962616701378E-15
-2.529413140993671E-15 4.0552958901772825E-15
5.302009050393113E-15 -1.4038535381355013E-14
-1.4581892413927827E-15 7.570429234091703E-16
7.653735925794218E-15 3.552713678800503E-15
7.824600957843145E-15 -2.9331588835201793E-15
8.244171011602415E-16 4.8447865940095696E-15
1.7387381964622327E-14 9.441536864518955E-15
-4.1744385725905886E-14 -15.999999999999988
-8.031017693402622E-15 -1.1571528766682766E-14
2.6645352591003757E-15 -2.1316282072803006E-14
-5.864507039925982E-15 9.453252123564088E-17
4.3119085483722366E-15 -1.581250762230289E-14
7.601748230936859E-16 -8.553114970150864E-16
4.476745951686499E-15 1.2253566993002548E-15
5.24067145302351E-15 -5.351108745013223E-15
-4.970847920425576E-16 -1.6642589483241594E-15
3.913512133974265E-15 -5.638780996852072E-16
-5.916089444676097E-16 -2.4500067776048123E-15
1.0259892246458025E-15 2.2807039178671866E-15
6.543512901169062E-15 0.0
1.025989224645805E-15 -2.2807039178671815E-15
1.8307119849045484E-15 2.740908453101298E-15
3.9135121339742635E-15 5.638780996852074E-16
2.7043422608384003E-16 1.5816092697388123E-15
5.240671453023507E-15 5.351108745013224E-15
6.039565332856552E-15 -1.515274762941655E-15
7.601748230936875E-16 8.553114970150876E-16
4.311908548372234E-15 1.5812507622302888E-14
-5.864507039925976E-15 -9.453252123564009E-17
4.440892098500626E-16 1.7763568394002505E-14
-8.031017693402622E-15 1.157152876668276E-14
-4.1744385725905886E-14 15.999999999999986
1.7387381964622334E-14 -9.441536864518955E-15
-1.0632533269570592E-15 -6.871158527055697E-15
7.824600957843142E-15 2.933158883520178E-15
7.653735925794218E-15 -3.552713678800503E-15
-1.4581892413927894E-15 -7.570429234091689E-16
8.038782192116883E-15 1.7363370665690852E-14
-2.5294131409936678E-15 -4.055295890177288E-15
-3.448494320457347E-15 1.2434497875801753E-14
-9.48620462592289E-15 1.1414704612044629E-14
-4.3520742565306136E-14 31.999999999999993
1.5661147638196867E-14 -9.973027029536603E-15
2.1137791062149495E-15 -6.391952870200233E-15
9.03692618019002E-15 -2.9504659409933817E-15
3.5032539373759015E-15 -1.0107140896301507E-14
-7.182471588415801E-16 5.000416216228484E-16
8.699129286029992E-15 1.6642589483241594E-15
4.397111101795657E-15 -3.1403827790399344E-15
1.6547119627548656E-15 -1.5092950655879861E-15
2.0287609958095536E-15 -4.2944475388186104E-15
