-1.783159783519612194e-15 -0.000000000000000000e+00
1.638352537717045242e-15 4.073153270765498527e-15
1.510413218549062175e-15 2.477942361405827203e-15
4.450473814907696983e-15 3.397302674366616987e-15
7.542713623331702745e-15 4.440892098500626162e-16
-1.081027058178553571e-15 -5.983229147556441178e-16
1.852283940768527499e-15 4.662936703425657470e-15
9.309960716779706678e-15 3.170269169539754775e-15
1.753773671072332774e-15 6.299978983388516179e-15
1.497639241645120424e-14 1.034952345073449297e-14
-4.055823559991245077e-14 -3.199999999999998224e+01
-9.666047758759123141e-15 -1.135751882967028160e-14
-1.339070573669549578e-15 -5.329070518200751394e-15
-2.536515443342962642e-15 4.555890439673251329e-15
6.735447005843264667e-15 -1.558967509293312352e-14
-1.331585994651594789e-15 7.530871477718823870e-16
7.986802833181765361e-15 3.552713678800500929e-15
8.297343680542583436e-15 -2.678842961286928965e-15
9.928993319987701498e-16 6.278591000563854846e-15
1.725498584582276607e-14 9.346082888339970885e-15
-4.219527787987530711e-14 -1.599999999999998046e+01
-8.024116205920699884e-15 -1.136387366425361051e-14
1.630239335843497768e-15 -1.065814103640150279e-14
-6.159484860765291680e-15 2.377379574796597803e-16
4.893958588439883009e-15 -1.634857071896467646e-14
1.056588397499383081e-15 -6.988536703208640812e-16
7.181354458969278893e-15 2.886579864025407005e-15
5.606447414613075450e-15 -4.888635786501630323e-15
-4.508921539694243458e-16 -2.220446049250313081e-15
4.169593425112800158e-15 -4.927217984438909261e-16
1.061249521582399091e-15 -2.299144136100954561e-15
1.227336644887262265e-15 2.487626930786332523e-15
6.210445993781514897e-15 -0.000000000000000000e+00
1.227336644887262265e-15 -2.487626930786332523e-15
1.061249521582399091e-15 2.299144136100954561e-15
4.169593425112800158e-15 4.927217984438909261e-16
-4.508921539694243458e-16 2.220446049250313081e-15
5.606447414613075450e-15 4.888635786501630323e-15
7.181354458969278893e-15 -2.886579864025407005e-15
1.056588397499383081e-15 6.988536703208640812e-16
4.893958588439883009e-15 1.634857071896467646e-14
-6.159484860765291680e-15 -2.377379574796597803e-16
1.630239335843497768e-15 1.065814103640150279e-14
-8.024116205920699884e-15 1.136387366425361051e-14
-4.219527787987530711e-14 1.599999999999998046e+01
1.725498584582276607e-14 -9.346082888339970885e-15
9.928993319987701498e-16 -6.278591000563854846e-15
8.297343680542583436e-15 2.678842961286928965e-15
7.986802833181765361e-15 -3.552713678800500929e-15
-1.331585994651594789e-15 -7.530871477718823870e-16
6.735447005843264667e-15 1.558967509293312352e-14
-2.536515443342962642e-15 -4.555890439673251329e-15
-1.339070573669549578e-15 5.329070518200751394e-15
-9.666047758759123141e-15 1.135751882967028160e-14
-4.055823559991245077e-14 3.199999999999998224e+01
1.497639241645120424e-14 -1.034952345073449297e-14
1.753773671072332774e-15 -6.299978983388516179e-15
9.309960716779706678e-15 -3.170269169539754775e-15
1.852283940768527499e-15 -4.662936703425657470e-15
-1.081027058178553571e-15 5.983229147556441178e-16
7.542713623331702745e-15 -4.440892098500626162e-16
4.450473814907696983e-15 -3.397302674366616987e-15
1.510413218549062175e-15 -2.477942361405827203e-15
1.638352537717045242e-15 -4.073153270765498527e-15
