0.000000000000000000e+00
8.871315429772701489e-01
1.293409378558188383e+00
1.092729887680261136e+00
5.703261419180130076e-01
1.440006439620302725e-01
3.748605833583384950e-03
-1.249956074466124223e-02
-2.071067811865474617e-01
-6.791552192224077356e-01
-1.172126996585775238e+00
-1.263403093564352098e+00
-7.362368229583646784e-01
1.955623013376235897e-01
1.017509999275244992e+00
1.297656070499627612e+00
1.000000000000000222e+00
4.661864581970826538e-01
9.363046676395886392e-02
4.719793214964795869e-04
-2.913004177181605092e-02
-2.826178131611218891e-01
-7.894435642206858450e-01
-1.234725452242010135e+00
-1.207106781186548350e+00
-5.680697937642656958e-01
3.864320381986708908e-01
1.124785924365259593e+00
1.277432923104560913e+00
8.976395656641336096e-01
3.695298460469025881e-01
5.566193067472524625e-02
0.000000000000000000e+00
-5.566193067472430256e-02
-3.695298460469014779e-01
-8.976395656641305010e-01
-1.277432923104560469e+00
-1.124785924365262701e+00
-3.864320381986732222e-01
5.680697937642603668e-01
1.207106781186547462e+00
1.234725452242010801e+00
7.894435642206852899e-01
2.826178131611228328e-01
2.913004177181588439e-02
-4.719793214964518313e-04
-9.363046676395908596e-02
-4.661864581970813215e-01
-9.999999999999973355e-01
-1.297656070499627612e+00
-1.017509999275248544e+00
-1.955623013376260322e-01
7.362368229583597934e-01
1.263403093564352098e+00
1.172126996585776793e+00
6.791552192224080686e-01
2.071067811865489050e-01
1.249956074466124223e-02
-3.748605833583301683e-03
-1.440006439620303835e-01
-5.703261419180112313e-01
-1.092729887680261136e+00
-1.293409378558188827e+00
-8.871315429772695937e-01
-2.449293598294706513e-15
8.871315429772661521e-01
1.293409378558187939e+00
1.092729887680263356e+00
5.703261419180138958e-01
1.440006439620296619e-01
3.748605833583634750e-03
-1.249956074466096467e-02
-2.071067811865472397e-01
-6.791552192224092899e-01
-1.172126996585772574e+00
-1.263403093564352986e+00
-7.362368229583636792e-01
1.955623013376281971e-01
1.017509999275241217e+00
1.297656070499627834e+00
9.999999999999997780e-01
4.661864581970875387e-01
9.363046676396025170e-02
4.719793214964795869e-04
-2.913004177181616194e-02
-2.826178131611178923e-01
-7.894435642206824033e-01
-1.234725452242009469e+00
-1.207106781186546796e+00
-5.680697937642711359e-01
3.864320381986685593e-01
1.124785924365260259e+00
1.277432923104560025e+00
8.976395656641369403e-01
3.695298460469037538e-01
5.566193067472507972e-02
0.000000000000000000e+00
-5.566193067472385847e-02
-3.695298460469003121e-01
-8.976395656641329435e-01
-1.277432923104558915e+00
-1.124785924365263812e+00
-3.864320381986756647e-01
5.680697937642644746e-01
1.207106781186544353e+00
1.234725452242011468e+00
7.894435642206866222e-01
2.826178131611208899e-01
2.913004177181693910e-02
-4.719793214964240757e-04
-9.363046676395858636e-02
-4.661864581970837085e-01
-9.999999999999961142e-01
-1.297656070499627390e+00
-1.017509999275245880e+00
-1.955623013376354691e-01
7.362368229583576840e-01
1.263403093564351432e+00
1.172126996585775238e+00
6.791552192224135087e-01
2.071067811865497932e-01
1.249956074466140876e-02
-3.748605833583412705e-03
-1.440006439620276080e-01
-5.703261419180098990e-01
-1.092729887680260248e+00
-1.293409378558188383e+00
-8.871315429772764771e-01
