0.000000000000000000e+00
1.293409378558188605e+00
5.703261419180130076e-01
3.748605833583412705e-03
-2.071067811865474617e-01
-1.172126996585775238e+00
-7.362368229583646784e-01
1.017509999275244992e+00
1.000000000000000222e+00
9.363046676395886392e-02
-2.913004177181605092e-02
-7.894435642206858450e-01
-1.207106781186548350e+00
3.864320381986709463e-01
1.277432923104560913e+00
3.695298460469025881e-01
0.000000000000000000e+00
-3.695298460469014779e-01
-1.277432923104560469e+00
-3.864320381986732778e-01
1.207106781186547462e+00
7.894435642206852899e-01
2.913004177181593990e-02
-9.363046676395908596e-02
-9.999999999999973355e-01
-1.017509999275248544e+00
7.362368229583597934e-01
1.172126996585776793e+00
2.071067811865489050e-01
-3.748605833583273927e-03
-5.703261419180112313e-01
-1.293409378558188827e+00
-2.449293598294706513e-15
1.293409378558187939e+00
5.703261419180138958e-01
3.748605833583606994e-03
-2.071067811865471286e-01
-1.172126996585772574e+00
-7.362368229583637902e-01
1.017509999275241217e+00
9.999999999999997780e-01
9.363046676396025170e-02
-2.913004177181616194e-02
-7.894435642206824033e-01
-1.207106781186546796e+00
3.864320381986685593e-01
1.277432923104560025e+00
3.695298460469037538e-01
0.000000000000000000e+00
-3.695298460469003121e-01
-1.277432923104558693e+00
-3.864320381986756092e-01
1.207106781186544353e+00
7.894435642206866222e-01
2.913004177181693910e-02
-9.363046676395858636e-02
-9.999999999999961142e-01
-1.017509999275245880e+00
7.362368229583577950e-01
1.172126996585775238e+00
2.071067811865497932e-01
-3.748605833583412705e-03
-5.703261419180098990e-01
-1.293409378558188383e+00
