-9.443698653433192E-15 0.0
-9.572803653487288E-15 7.281062059136681E-15
-1.031986058321558E-16 -9.990872218128593E-15
1.635223894085207E-14 3.997577894250131E-15
3.1403250323109783E-15 -1.0465619329550783E-15
1.175371274044341E-14 -1.3702478210609328E-16
-2.396978429367683E-15 2.201638818232294E-14
-8.641504345680279E-15 9.622413026275152E-15
5.474992520118847E-15 1.5451952981915296E-14
-8.404839488904669E-15 1.5446439122413605E-14
-7.638334409421077E-14 -64.00000000000001
-7.218201616800193E-15 -2.2787595862571422E-14
-2.005130260231113E-15 -1.783631485492379E-14
-1.2745891194263668E-14 -6.608092755062736E-15
1.8791850804395933E-15 -2.929517494068716E-14
2.5663165929697504E-14 -6.067420711011317E-15
4.513551008426669E-15 1.532840711892882E-14
2.5783336390872745E-15 -3.326635809138208E-15
4.904136568119204E-15 1.9036210937786596E-14
5.319335984096857E-16 1.0102932599011475E-14
-8.260059303211165E-14 -32.00000000000001
-9.806475938582638E-15 -2.884988456875818E-14
-7.258461470283314E-15 -2.536136568440786E-14
-2.0806366561373788E-14 -1.7269380244370494E-14
2.579757200099431E-15 -4.38395567409509E-14
2.7420545923090307E-14 -1.3849373047812605E-14
2.475781169055984E-15 6.153098474229155E-15
2.078383147526135E-14 -1.7789253851850658E-14
6.686664606516856E-16 1.7649665987212103E-14
-5.181203887073433E-15 -1.2441308904415756E-14
-3.5636804773384064E-15 9.837806096122282E-16
-9.856492665068E-15 -7.501143055099257E-15
6.543512901169062E-15 -7.327471962526036E-15
1.1908471114359604E-14 -1.2062550890833616E-14
4.7115876717202786E-15 4.580173822635576E-15
1.3008228155021958E-14 -1.1313552705045348E-14
5.023398725727218E-16 2.2273348891237512E-14
-1.0302488569214325E-14 -7.087036361824214E-15
8.954326401960852E-15 3.3878438178883073E-15
-2.590019627690292E-14 -1.2138750053782429E-14
6.044059896645044E-15 -1.2214541496345121E-14
9.077352481521848E-15 -1.7458445286841767E-14
2.321249723027766E-15 1.3738920454332286E-14
-6.2555594482226E-15 -5.706827035392653E-15
2.6645352591003757E-15 -3.730349362740526E-14
3.4242830330834976E-14 -8.780141130026422E-15
-4.795884207179906E-15 1.2017060912826375E-14
1.3070868276599003E-14 2.539681957902153E-15
1.0793920843161765E-14 8.222979761327819E-15
-2.85795444124831E-14 -7.581506557829676E-15
1.1453290759222281E-14 -3.7133493934409E-15
7.687064912276348E-15 -1.4718684535417308E-14
2.540217376211314E-16 5.294612087654014E-15
-1.1754207635045567E-14 4.181336151782436E-17
7.105427357601002E-15 -5.5067062021407764E-14
3.972713476529842E-14 -4.4996149366595934E-15
-1.2474343076889423E-15 2.6680472415148347E-15
2.671535670606034E-14 3.721481144288419E-15
6.655231349533115E-15 1.633088201125686E-14
-1.3190207058126576E-14 8.630584611396024E-16
1.046043780345094E-14 1.588661598398977E-15
-7.558016737260764E-15 -2.283187663829744E-15
5.62166297865192E-15 -1.4875329415168638E-14
1.363032564510641E-14 -1.307833018500542E-15
5.655334481468937E-15 0.0
1.363032564510639E-14 1.3078330185005336E-15
7.137085479872822E-15 1.338344597453267E-14
-7.558016737260755E-15 2.2831876638297335E-15
1.0529661230723346E-14 -1.228478186822421E-15
-1.3190207058126562E-14 -8.630584611395943E-16
8.081416157657084E-15 -1.543312497763913E-14
2.6715356706060312E-14 -3.721481144288388E-15
-1.2474343076889482E-15 -2.6680472415148237E-15
3.9727134765298384E-14 4.499614936659604E-15
5.329070518200751E-15 4.618527782440651E-14
-1.1754207635045578E-14 -4.1813361517829094E-17
2.2877342083086237E-16 -1.7036103784789642E-15
7.687064912276326E-15 1.4718684535417298E-14
8.724833020346632E-15 1.2181041779771325E-15
-2.8579544412483064E-14 7.581506557829657E-15
1.0793920843161769E-14 -8.222979761327812E-15
1.3070868276599017E-14 -2.5396819579021506E-15
-3.255302365798721E-15 -9.346637749767457E-15
3.424283033083497E-14 8.780141130026434E-15
-8.881784197001252E-16 3.375077994860476E-14
-6.255559448222606E-15 5.706827035392644E-15
1.2587531988484064E-14 -1.7271198461198154E-14
9.077352481521824E-15 1.7458445286841776E-14
6.0440598966450415E-15 1.2214541496345118E-14
-2.5900196276902933E-14 1.2138750053782432E-14
6.4777107343170144E-15 -3.7023850756286455E-15
-1.0302488569214329E-14 7.0870363618242116E-15
-1.662836044736801E-15 -2.0978183883860425E-14
1.3008228155021963E-14 1.131355270504534E-14
2.3804625884031873E-15 -5.883794164821853E-15
1.1908471114359604E-14 1.2062550890833631E-14
6.543512901169062E-15 7.327471962526036E-15
-9.856492665067995E-15 7.501143055099251E-15
-1.0501637019111818E-15 9.0164308356702E-16
-5.181203887073431E-15 1.2441308904415762E-14
3.8528579594957905E-17 -1.9110130351759886E-14
2.078383147526134E-14 1.7789253851850664E-14
3.1248042637522503E-15 -6.418393343771617E-15
2.7420545923090294E-14 1.3849373047812604E-14
2.5797572000994245E-15 4.383955674095089E-14
-2.0806366561373798E-14 1.7269380244370488E-14
-1.433071303327641E-15 2.1788216333672724E-14
-9.806475938582644E-15 2.8849884568758174E-14
-8.615330671091215E-14 32.000000000000014
5.31933598409692E-16 -1.0102932599011488E-14
2.6693775532657876E-15 -2.5759377966937767E-14
2.5783336390872836E-15 3.3266358091382033E-15
4.5135510084266705E-15 -1.5328407118928827E-14
2.5663165929697526E-14 6.067420711011339E-15
4.624273625011484E-15 3.8440090724822604E-14
-1.2745891194263683E-14 6.608092755062734E-15
-7.151010378535825E-15 1.9574383663949494E-14
-7.218201616800215E-15 2.278759586257143E-14
-9.325873406851315E-14 64.00000000000004
-8.40483948890469E-15 -1.5446439122413615E-14
5.474992520118842E-15 -1.54519529819153E-14
-8.641504345680299E-15 -9.622413026275182E-15
3.512765252186887E-16 -3.6545163803859877E-14
1.1753712740443415E-14 1.3702478210609447E-16
6.937820768609043E-15 1.7398562982493418E-15
1.635223894085208E-14 -3.997577894250125E-15
-2.3122390531421877E-15 1.1856739283992664E-14
-9.572803653487304E-15 -7.28106205913668E-15
