1.9721522630525295E-31 -1.232595164407831E-32
1.2934093785581886 -8.326672684688669E-17
0.5703261419180132 -5.551115123125785E-17
0.0037486058335835445 5.5511151231257815E-17
-0.2071067811865474 5.551115123125763E-17
-1.1721269965857752 5.551115123125783E-17
-0.7362368229583648 -2.465190328815662E-32
1.0175099992752445 6.938893903907228E-17
0.9999999999999999 -5.5511151231257605E-17
0.09363046676395889 -2.7755575615628766E-17
-0.029130041771815884 2.7755575615628904E-17
-0.7894435642206853 1.1102230246251595E-16
-1.2071067811865481 1.4791141972893971E-31
0.3864320381986707 -1.3877787807814605E-17
1.2774329231045605 -5.551115123125768E-17
0.36952984604690226 -1.1102230246251556E-16
1.4791141972893967E-31 8.628166150854823E-32
-0.3695298460469013 8.326672684688693E-17
-1.2774329231045607 5.551115123125797E-17
-0.3864320381986734 -2.775557561562911E-17
1.2071067811865475 5.551115123125802E-17
0.7894435642206854 -8.326672684688674E-17
0.029130041771816162 -5.551115123125773E-17
-0.09363046676395884 4.163336342344364E-17
-0.999999999999997 5.551115123125768E-17
-1.0175099992752485 2.7755575615628914E-17
0.7362368229583597 -2.775557561562896E-17
1.1721269965857766 -1.249000902703306E-16
0.20710678118654857 -1.1102230246251595E-16
-0.0037486058335830658 6.938893903907246E-17
-0.5703261419180109 8.326672684688679E-17
-1.2934093785581884 -2.064596900383117E-31
-2.449293598294706E-15 -1.232595164407831E-32
1.293409378558188 -8.326672684688678E-17
0.5703261419180141 -5.55111512312578E-17
0.003748605833583739 5.551115123125785E-17
-0.20710678118654707 5.551115123125801E-17
-1.1721269965857726 5.551115123125783E-17
-0.7362368229583639 2.465190328815662E-32
1.0175099992752408 6.938893903907228E-17
0.9999999999999994 -5.5511151231257765E-17
0.09363046676396028 -2.775557561562906E-17
-0.029130041771815995 2.7755575615628926E-17
-0.7894435642206818 1.1102230246251536E-16
-1.2071067811865466 -1.4791141972893971E-31
0.38643203819866834 -1.3877787807814309E-17
1.2774329231045596 -5.551115123125797E-17
0.36952984604690337 -1.1102230246251575E-16
2.465190328815662E-31 -1.1093356479670485E-31
-0.36952984604690015 8.326672684688656E-17
-1.277432923104559 5.551115123125768E-17
-0.3864320381986757 -2.7755575615628716E-17
1.2071067811865444 5.551115123125785E-17
0.7894435642206867 -8.326672684688674E-17
0.02913004177181716 -5.551115123125793E-17
-0.09363046676395834 4.16333634234431E-17
-0.9999999999999957 5.5511151231257667E-17
-1.0175099992752459 2.775557561562889E-17
0.7362368229583577 -2.7755575615628562E-17
1.1721269965857748 -1.2490009027032972E-16
0.20710678118654946 -1.1102230246251558E-16
-0.0037486058335832045 6.938893903907216E-17
-0.5703261419180096 8.32667268468864E-17
-1.293409378558188 3.0506730319093816E-31
