7.888609052210118054e-31 0.000000000000000000e+00
8.871315429772701489e-01 2.465190328815661892e-32
1.293409378558188827e+00 -1.110223024625157033e-16
1.092729887680261136e+00 -6.938893903907224680e-17
5.703261419180130076e-01 2.775557561562891351e-17
1.440006439620304668e-01 5.551115123125790098e-17
3.748605833583398828e-03 1.110223024625158513e-16
-1.249956074466118672e-02 1.110223024625156787e-16
-2.071067811865474062e-01 -5.551115123125782702e-17
-6.791552192224076245e-01 -8.326672684688671588e-17
-1.172126996585775238e+00 -4.163336342344346887e-17
-1.263403093564351876e+00 -5.551115123125781470e-17
-7.362368229583644563e-01 -2.775557561562891351e-17
1.955623013376235064e-01 -9.714451465470117264e-17
1.017509999275244770e+00 5.551115123125765446e-17
1.297656070499627612e+00 2.465190328815661892e-32
1.000000000000000222e+00 0.000000000000000000e+00
4.661864581970828203e-01 8.326672684688676518e-17
9.363046676395889167e-02 1.394522238736839596e-31
4.719793214963685646e-04 1.942890293094026164e-16
-2.913004177181605092e-02 2.775557561562891351e-17
-2.826178131611218891e-01 -2.542525444592113003e-31
-7.894435642206858450e-01 4.163336342344322852e-17
-1.234725452242009913e+00 1.641041271618405785e-31
-1.207106781186548128e+00 -5.551115123125790098e-17
-5.680697937642658069e-01 -1.665334536937732838e-16
3.864320381986708908e-01 4.163336342344330247e-17
1.124785924365259593e+00 7.993726461710635625e-32
1.277432923104560913e+00 2.775557561562891351e-17
8.976395656641337206e-01 4.163336342344339492e-17
3.695298460469026991e-01 6.972611193684197980e-32
5.566193067472535727e-02 2.775557561562879950e-17
2.465190328815661892e-32 0.000000000000000000e+00
-5.566193067472446909e-02 2.465190328815661892e-32
-3.695298460469012558e-01 1.110223024625156294e-16
-8.976395656641305010e-01 1.387778780781469095e-17
-1.277432923104560247e+00 -8.326672684688674053e-17
-1.124785924365262701e+00 -1.665334536937731606e-16
-3.864320381986732778e-01 -1.110223024625155554e-16
5.680697937642604778e-01 -1.110223024625154815e-16
1.207106781186547462e+00 5.551115123125787632e-17
1.234725452242010579e+00 8.326672684688696240e-17
7.894435642206852899e-01 -4.163336342344327166e-17
2.826178131611231104e-01 5.551115123125813517e-17
2.913004177181577337e-02 -2.775557561562891351e-17
-4.719793214965212202e-04 1.249000902703301354e-16
-9.363046676395916923e-02 5.551115123125782702e-17
-4.661864581970815991e-01 5.551115123125765446e-17
-9.999999999999973355e-01 0.000000000000000000e+00
-1.297656070499627612e+00 -8.326672684688671588e-17
-1.017509999275248544e+00 0.000000000000000000e+00
-1.955623013376258379e-01 -1.387778780781448880e-16
7.362368229583597934e-01 2.775557561562891351e-17
1.263403093564351654e+00 1.110223024625153952e-16
1.172126996585776793e+00 -4.163336342344343806e-17
6.791552192224079576e-01 3.035563510355245381e-31
2.071067811865487940e-01 5.551115123125775923e-17
1.249956074466126998e-02 1.665334536937735550e-16
-3.748605833583232294e-03 4.163336342344330247e-17
-1.440006439620306888e-01 -2.686932950671035318e-31
-5.703261419180112313e-01 2.775557561562891351e-17
-1.092729887680261136e+00 -6.938893903907225912e-17
-1.293409378558188605e+00 -1.110223024625155801e-16
-8.871315429772693717e-01 -8.326672684688671588e-17
-2.449293598294706119e-15 0.000000000000000000e+00
8.871315429772659300e-01 2.465190328815661892e-32
1.293409378558187939e+00 -1.110223024625156047e-16
1.092729887680263356e+00 -6.938893903907244401e-17
5.703261419180138958e-01 2.775557561562891351e-17
1.440006439620298562e-01 5.551115123125780237e-17
3.748605833583593117e-03 1.110223024625154568e-16
-1.249956074466096467e-02 1.110223024625156787e-16
-2.071067811865470731e-01 -5.551115123125782702e-17
-6.791552192224091788e-01 -8.326672684688691310e-17
-1.172126996585772574e+00 -4.163336342344327166e-17
-1.263403093564352764e+00 -5.551115123125781470e-17
-7.362368229583635681e-01 -2.775557561562891351e-17
1.955623013376281139e-01 -9.714451465470117264e-17
1.017509999275240773e+00 5.551115123125799958e-17
1.297656070499627612e+00 2.465190328815661892e-32
9.999999999999997780e-01 0.000000000000000000e+00
4.661864581970877053e-01 8.326672684688676518e-17
9.363046676396027945e-02 -1.394522238736839596e-31
4.719793214963963202e-04 1.942890293094020741e-16
-2.913004177181616194e-02 2.775557561562891351e-17
-2.826178131611178923e-01 3.035563510355245381e-31
-7.894435642206822923e-01 4.163336342344351201e-17
-1.234725452242009469e+00 -1.148003205855273407e-31
-1.207106781186546796e+00 -5.551115123125775923e-17
-5.680697937642711359e-01 -1.665334536937738262e-16
3.864320381986684483e-01 4.163336342344343806e-17
1.124785924365260037e+00 -5.951495925657760334e-32
1.277432923104560025e+00 2.775557561562891351e-17
8.976395656641370513e-01 4.163336342344339492e-17
3.695298460469039203e-01 -6.972611193684197980e-32
5.566193067472524625e-02 2.775557561562907991e-17
1.725633230170963324e-31 0.000000000000000000e+00
-5.566193067472402500e-02 2.465190328815661892e-32
-3.695298460469000346e-01 1.110223024625156787e-16
-8.976395656641329435e-01 1.387778780781409930e-17
-1.277432923104558471e+00 -8.326672684688674053e-17
-1.124785924365263590e+00 -1.665334536937737522e-16
-3.864320381986756092e-01 -1.110223024625157526e-16
5.680697937642646966e-01 -1.110223024625157773e-16
1.207106781186544353e+00 5.551115123125777772e-17
1.234725452242011468e+00 8.326672684688637075e-17
7.894435642206866222e-01 -4.163336342344346887e-17
2.826178131611210009e-01 5.551115123125754352e-17
2.913004177181677257e-02 -2.775557561562891351e-17
-4.719793214964934647e-04 1.249000902703301354e-16
-9.363046676395866963e-02 5.551115123125782702e-17
-4.661864581970839305e-01 5.551115123125804889e-17
-9.999999999999960032e-01 0.000000000000000000e+00
-1.297656070499627168e+00 -8.326672684688671588e-17
-1.017509999275245880e+00 0.000000000000000000e+00
-1.955623013376353303e-01 -1.387778780781443457e-16
7.362368229583577950e-01 2.775557561562891351e-17
1.263403093564351209e+00 1.110223024625159499e-16
1.172126996585775460e+00 -4.163336342344330247e-17
6.791552192224135087e-01 -2.542525444592113003e-31
2.071067811865496822e-01 5.551115123125790098e-17
1.249956074466143652e-02 1.665334536937732592e-16
-3.748605833583371072e-03 4.163336342344343806e-17
-1.440006439620279688e-01 2.891156004276323066e-31
-5.703261419180098990e-01 2.775557561562891351e-17
-1.092729887680260248e+00 -6.938893903907225912e-17
-1.293409378558188161e+00 -1.110223024625157280e-16
-8.871315429772762551e-01 -8.326672684688671588e-17
