5.916456789157588541e-31 0.000000000000000000e+00
1.293409378558188827e+00 -5.551115123125787632e-17
5.703261419180131186e-01 2.775557561562891351e-17
3.748605833583398828e-03 1.110223024625157526e-16
-2.071067811865474062e-01 -5.551115123125782702e-17
-1.172126996585775460e+00 -5.551115123125797493e-17
-7.362368229583645673e-01 -2.775557561562891351e-17
1.017509999275244770e+00 5.551115123125762981e-17
1.000000000000000000e+00 0.000000000000000000e+00
9.363046676395900270e-02 1.394522238736839596e-31
-2.913004177181616194e-02 2.775557561562891351e-17
-7.894435642206858450e-01 4.163336342344309293e-17
-1.207106781186548128e+00 -5.551115123125790098e-17
3.864320381986708353e-01 -1.387778780781445676e-17
1.277432923104561135e+00 2.775557561562891351e-17
3.695298460469026991e-01 1.045891679052629752e-31
9.860761315262647568e-32 0.000000000000000000e+00
-3.695298460469014779e-01 5.551115123125775307e-17
-1.277432923104560469e+00 -8.326672684688674053e-17
-3.864320381986732778e-01 -1.110223024625155554e-16
1.207106781186547462e+00 5.551115123125790098e-17
7.894435642206856230e-01 -2.775557561562881490e-17
2.913004177181593990e-02 -2.775557561562891351e-17
-9.363046676395916923e-02 5.551115123125782702e-17
-9.999999999999971134e-01 0.000000000000000000e+00
-1.017509999275248767e+00 0.000000000000000000e+00
7.362368229583597934e-01 2.775557561562891351e-17
1.172126996585777015e+00 -4.163336342344337027e-17
2.071067811865487940e-01 5.551115123125779004e-17
-3.748605833583287805e-03 9.714451465470106170e-17
-5.703261419180114533e-01 2.775557561562891351e-17
-1.293409378558188605e+00 -1.110223024625155554e-16
-2.449293598294706119e-15 0.000000000000000000e+00
1.293409378558187939e+00 -5.551115123125777772e-17
5.703261419180140068e-01 2.775557561562891351e-17
3.748605833583593117e-03 1.110223024625155554e-16
-2.071067811865470731e-01 -5.551115123125782702e-17
-1.172126996585772796e+00 -5.551115123125767911e-17
-7.362368229583636792e-01 -2.775557561562891351e-17
1.017509999275240773e+00 5.551115123125802424e-17
9.999999999999996669e-01 0.000000000000000000e+00
9.363046676396039047e-02 -1.394522238736839596e-31
-2.913004177181627297e-02 2.775557561562891351e-17
-7.894435642206822923e-01 4.163336342344364760e-17
-1.207106781186546796e+00 -5.551115123125775923e-17
3.864320381986685038e-01 -1.387778780781445676e-17
1.277432923104560247e+00 2.775557561562891351e-17
3.695298460469039203e-01 -1.045891679052629752e-31
9.860761315262647568e-32 0.000000000000000000e+00
-3.695298460469002566e-01 5.551115123125790098e-17
-1.277432923104558693e+00 -8.326672684688674053e-17
-3.864320381986756092e-01 -1.110223024625157526e-16
1.207106781186544353e+00 5.551115123125775307e-17
7.894435642206869552e-01 -2.775557561562901212e-17
2.913004177181693910e-02 -2.775557561562891351e-17
-9.363046676395866963e-02 5.551115123125782702e-17
-9.999999999999960032e-01 0.000000000000000000e+00
-1.017509999275246102e+00 0.000000000000000000e+00
7.362368229583577950e-01 2.775557561562891351e-17
1.172126996585775238e+00 -4.163336342344337027e-17
2.071067811865496822e-01 5.551115123125786400e-17
-3.748605833583426583e-03 9.714451465470133287e-17
-5.703261419180101210e-01 2.775557561562891351e-17
-1.293409378558188161e+00 -1.110223024625157526e-16
