7.888609052210118E-31 5.551115123125786E-17
0.8871315429772704 8.326672684688662E-17
1.293409378558189 -2.220446049250314E-16
1.0927298876802611 -1.6653345369377296E-16
0.5703261419180131 5.5511151231257667E-17
0.14400064396203052 1.110223024625157E-16
0.0037486058335830796 2.0816681711721702E-16
-0.012499560744661714 1.3877787807814422E-16
-0.20710678118654774 3.2047474274603605E-31
-0.6791552192224083 -1.1102230246251605E-16
-1.1721269965857757 1.1102230246251575E-16
-1.2634030935643517 2.2204460492503155E-16
-0.7362368229583647 -1.942890293094024E-16
0.1955623013376236 -1.214306433183761E-16
1.0175099992752448 -3.0531133177191844E-16
1.2976560704996278 -3.6082248300317617E-16
1.000000000000001 -9.714451465470128E-17
0.4661864581970834 -1.5265566588595843E-16
0.09363046676395922 -2.775557561562931E-17
4.719793214961743E-4 -8.673617379883833E-17
-0.029130041771816495 1.1102230246251605E-16
-0.2826178131611229 1.1102230246251615E-16
-0.7894435642206864 5.551115123125842E-17
-1.2347254522420104 1.1102230246251462E-16
-1.2071067811865488 -2.9582283945787943E-31
-0.5680697937642658 -9.860761315262648E-32
0.3864320381986711 -2.4980018054066037E-16
1.1247859243652603 -2.775557561562903E-16
1.2774329231045618 -1.1102230246251615E-16
0.8976395656641353 -4.437342591868191E-31
0.36952984604690364 5.551115123125823E-17
0.05566193067472567 1.5959455978986827E-16
6.162975822039153E-32 -5.551115123125783E-17
-0.05566193067472458 -8.326672684688636E-17
-0.36952984604690153 1.110223024625158E-16
-0.8976395656641306 7.632783294297949E-17
-1.2774329231045605 -1.3877787807814462E-16
-1.1247859243652627 4.930380657631324E-32
-0.38643203819867317 -1.2490009027033006E-16
0.5680697937642605 -1.457167719820517E-16
1.2071067811865477 -2.7755575615628914E-17
1.2347254522420112 2.0816681711721784E-17
0.789443564220686 -8.326672684688615E-17
0.2826178131611232 -8.326672684688704E-17
0.029130041771816106 1.3877787807814481E-16
-4.719793214967155E-4 2.1857515797307806E-16
-0.09363046676395972 3.0531133177191746E-16
-0.4661864581970821 2.2204460492503052E-16
-0.9999999999999981 9.714451465470105E-17
-1.297656070499628 1.526556658859599E-16
-1.0175099992752488 1.3877787807814516E-16
-0.19556230133762578 1.5612511283791146E-16
0.7362368229583601 -5.551115123125802E-17
1.2634030935643525 -2.2204460492503035E-16
1.172126996585778 -1.5265566588595846E-16
0.679155219222409 -1.0408340855860783E-16
0.20710678118654957 2.7755575615629407E-17
0.012499560744661492 6.245004513516361E-17
-0.0037486058335837597 1.9428902930940166E-16
-0.14400064396203158 1.3877787807814533E-16
-0.5703261419180125 1.9428902930940212E-16
-1.0927298876802625 -1.0408340855860767E-16
-1.293409378558189 -5.55111512312573E-17
-0.8871315429772694 -2.0816681711721858E-17
-2.449293598294706E-15 5.551115123125779E-17
0.8871315429772664 8.326672684688686E-17
1.2934093785581884 -2.2204460492503123E-16
1.0927298876802634 -1.66533453693774E-16
0.570326141918014 5.551115123125799E-17
0.1440006439620299 1.110223024625156E-16
0.003748605833583274 2.0816681711721668E-16
-0.012499560744661492 1.3877787807814491E-16
-0.2071067811865474 -3.2047474274603605E-31
-0.6791552192224098 -1.1102230246251526E-16
-1.172126996585773 1.1102230246251556E-16
-1.2634030935643525 2.2204460492503106E-16
-0.7362368229583638 -1.942890293094024E-16
0.1955623013376282 -1.214306433183769E-16
1.017509999275241 -3.0531133177191765E-16
1.2976560704996278 -3.608224830031756E-16
1.0000000000000004 -9.714451465470082E-17
0.46618645819708826 -1.5265566588595962E-16
0.09363046676396061 -2.775557561562852E-17
4.7197932149620203E-4 -8.673617379884238E-17
-0.029130041771816606 1.1102230246251526E-16
-0.2826178131611189 1.1102230246251516E-16
-0.789443564220683 5.5511151231257235E-17
-1.23472545224201 1.110223024625167E-16
-1.207106781186547 2.9582283945787943E-31
-0.5680697937642714 9.860761315262648E-32
0.38643203819866867 -2.4980018054066E-16
1.1247859243652607 -2.7755575615628795E-16
1.277432923104561 -1.1102230246251514E-16
0.8976395656641386 4.437342591868191E-31
0.3695298460469048 5.551115123125741E-17
0.05566193067472556 1.5959455978986423E-16
1.3558546808486143E-31 -5.551115123125783E-17
-0.055661930674724136 -8.326672684688712E-17
-0.3695298460469004 1.110223024625155E-16
-0.897639565664133 7.632783294297954E-17
-1.2774329231045587 -1.3877787807814452E-16
-1.1247859243652636 -4.930380657631324E-32
-0.3864320381986755 -1.2490009027033016E-16
0.5680697937642646 -1.457167719820519E-16
1.2071067811865446 -2.775557561562887E-17
1.234725452242012 2.0816681711721587E-17
0.7894435642206873 -8.326672684688733E-17
0.2826178131611211 -8.326672684688644E-17
0.029130041771817106 1.3877787807814432E-16
-4.7197932149668775E-4 2.1857515797307735E-16
-0.09363046676395922 3.0531133177191864E-16
-0.4661864581970844 2.220446049250321E-16
-0.9999999999999968 9.714451465470105E-17
-1.2976560704996278 1.5265566588595824E-16
-1.017509999275246 1.3877787807814403E-16
-0.19556230133763527 1.561251128379139E-16
0.7362368229583581 -5.55111512312578E-17
1.263403093564352 -2.220446049250324E-16
1.1721269965857761 -1.5265566588595964E-16
0.6791552192224144 -1.0408340855860902E-16
0.20710678118655046 2.7755575615628328E-17
0.012499560744661659 6.24500451351666E-17
-0.0037486058335838984 1.9428902930940313E-16
-0.14400064396202886 1.3877787807814385E-16
-0.5703261419180111 1.9428902930940281E-16
-1.0927298876802616 -1.0408340855860928E-16
-1.2934093785581886 -5.551115123125841E-17
-0.8871315429772763 -2.081668171172171E-17
