3.944304526105059027e-31
8.871315429772701489e-01
1.293409378558188161e+00
1.092729887680261136e+00
5.703261419180127856e-01
1.440006439620302447e-01
3.748605833583343316e-03
-1.249956074466138101e-02
-2.071067811865474617e-01
-6.791552192224080686e-01
-1.172126996585775460e+00
-1.263403093564352098e+00
-7.362368229583646784e-01
1.955623013376233399e-01
1.017509999275244770e+00
1.297656070499627834e+00
1.000000000000000000e+00
4.661864581970827093e-01
9.363046676395889167e-02
4.719793214963408090e-04
-2.913004177181588439e-02
-2.826178131611217781e-01
-7.894435642206856230e-01
-1.234725452242010135e+00
-1.207106781186548128e+00
-5.680697937642659179e-01
3.864320381986708908e-01
1.124785924365260037e+00
1.277432923104560913e+00
8.976395656641339427e-01
3.695298460469026991e-01
5.566193067472505196e-02
2.465190328815661892e-32
-5.566193067472441358e-02
-3.695298460469012558e-01
-8.976395656641303900e-01
-1.277432923104560025e+00
-1.124785924365262479e+00
-3.864320381986731112e-01
5.680697937642604778e-01
1.207106781186547684e+00
1.234725452242010801e+00
7.894435642206854009e-01
2.826178131611228883e-01
2.913004177181607868e-02
-4.719793214962714201e-04
-9.363046676395933576e-02
-4.661864581970814325e-01
-9.999999999999971134e-01
-1.297656070499627612e+00
-1.017509999275248544e+00
-1.955623013376259212e-01
7.362368229583596824e-01
1.263403093564352098e+00
1.172126996585776793e+00
6.791552192224079576e-01
2.071067811865489050e-01
1.249956074466132550e-02
-3.748605833583218416e-03
-1.440006439620305501e-01
-5.703261419180113423e-01
-1.092729887680261358e+00
-1.293409378558188827e+00
-8.871315429772695937e-01
-2.449293598294705724e-15
8.871315429772661521e-01
1.293409378558187717e+00
1.092729887680263356e+00
5.703261419180136738e-01
1.440006439620296341e-01
3.748605833583593117e-03
-1.249956074466110345e-02
-2.071067811865472397e-01
-6.791552192224096229e-01
-1.172126996585772796e+00
-1.263403093564352986e+00
-7.362368229583637902e-01
1.955623013376279473e-01
1.017509999275241217e+00
1.297656070499627834e+00
9.999999999999996669e-01
4.661864581970875943e-01
9.363046676396027945e-02
4.719793214963408090e-04
-2.913004177181599541e-02
-2.826178131611177813e-01
-7.894435642206822923e-01
-1.234725452242009247e+00
-1.207106781186546796e+00
-5.680697937642712469e-01
3.864320381986685593e-01
1.124785924365260481e+00
1.277432923104560025e+00
8.976395656641372733e-01
3.695298460469038093e-01
5.566193067472488543e-02
1.725633230170963324e-31
-5.566193067472396949e-02
-3.695298460469000346e-01
-8.976395656641328324e-01
-1.277432923104558693e+00
-1.124785924365263812e+00
-3.864320381986755537e-01
5.680697937642644746e-01
1.207106781186544575e+00
1.234725452242011690e+00
7.894435642206867332e-01
2.826178131611208899e-01
2.913004177181713339e-02
-4.719793214962436645e-04
-9.363046676395883616e-02
-4.661864581970837640e-01
-9.999999999999960032e-01
-1.297656070499627168e+00
-1.017509999275245880e+00
-1.955623013376353581e-01
7.362368229583576840e-01
1.263403093564351209e+00
1.172126996585775016e+00
6.791552192224135087e-01
2.071067811865497932e-01
1.249956074466149203e-02
-3.748605833583329439e-03
-1.440006439620277745e-01
-5.703261419180100100e-01
-1.092729887680260470e+00
-1.293409378558188383e+00
-8.871315429772764771e-01
