1.9721522630525295E-31
1.2934093785581882
0.5703261419180132
0.0037486058335835792
-0.2071067811865474
-1.1721269965857752
-0.7362368229583648
1.0175099992752445
0.9999999999999999
0.09363046676395889
-0.02913004177181594
-0.7894435642206856
-1.2071067811865481
0.3864320381986707
1.2774329231045605
0.3695298460469025
2.5884498452564454E-31
-0.3695298460469013
-1.2774329231045605
-0.38643203819867333
1.2071067811865475
0.7894435642206852
0.029130041771816134
-0.09363046676395895
-0.999999999999997
-1.0175099992752483
0.7362368229583597
1.1721269965857768
0.20710678118654863
-0.0037486058335830796
-0.5703261419180109
-1.2934093785581886
-2.449293598294706E-15
1.2934093785581877
0.5703261419180141
0.003748605833583829
-0.20710678118654718
-1.1721269965857726
-0.7362368229583638
1.0175099992752408
0.9999999999999994
0.09363046676396028
-0.02913004177181605
-0.7894435642206822
-1.2071067811865464
0.3864320381986684
1.2774329231045596
0.3695298460469036
1.3558546808486136E-31
-0.36952984604690015
-1.277432923104559
-0.3864320381986758
1.2071067811865444
0.7894435642206865
0.02913004177181719
-0.09363046676395845
-0.9999999999999957
-1.0175099992752457
0.7362368229583575
1.172126996585775
0.20710678118654952
-0.0037486058335831907
-0.5703261419180096
-1.2934093785581882
