5.916456789157588541e-31
1.293409378558188827e+00
5.703261419180130076e-01
3.748605833583371072e-03
-2.071067811865475172e-01
-1.172126996585775460e+00
-7.362368229583647894e-01
1.017509999275244770e+00
1.000000000000000000e+00
9.363046676395889167e-02
-2.913004177181599541e-02
-7.894435642206856230e-01
-1.207106781186548128e+00
3.864320381986708353e-01
1.277432923104561135e+00
3.695298460469026991e-01
9.860761315262647568e-32
-3.695298460469013113e-01
-1.277432923104560469e+00
-3.864320381986731667e-01
1.207106781186547684e+00
7.894435642206855119e-01
2.913004177181616194e-02
-9.363046676395933576e-02
-9.999999999999971134e-01
-1.017509999275248544e+00
7.362368229583599044e-01
1.172126996585776793e+00
2.071067811865489050e-01
-3.748605833583260050e-03
-5.703261419180114533e-01
-1.293409378558188827e+00
-2.449293598294706119e-15
1.293409378558187939e+00
5.703261419180138958e-01
3.748605833583565361e-03
-2.071067811865471842e-01
-1.172126996585772796e+00
-7.362368229583639012e-01
1.017509999275241217e+00
9.999999999999996669e-01
9.363046676396027945e-02
-2.913004177181610643e-02
-7.894435642206822923e-01
-1.207106781186546796e+00
3.864320381986685038e-01
1.277432923104560247e+00
3.695298460469038093e-01
9.860761315262647568e-32
-3.695298460469002011e-01
-1.277432923104558693e+00
-3.864320381986754982e-01
1.207106781186544575e+00
7.894435642206868442e-01
2.913004177181716114e-02
-9.363046676395883616e-02
-9.999999999999960032e-01
-1.017509999275245880e+00
7.362368229583579060e-01
1.172126996585775016e+00
2.071067811865497932e-01
-3.748605833583398828e-03
-5.703261419180101210e-01
-1.293409378558188383e+00
