7.888609052210118E-31
0.8871315429772704
1.293409378558189
1.0927298876802611
0.5703261419180131
0.14400064396203052
0.0037486058335830796
-0.012499560744661714
-0.20710678118654774
-0.6791552192224083
-1.1721269965857757
-1.2634030935643517
-0.7362368229583647
0.1955623013376236
1.0175099992752448
1.2976560704996278
1.000000000000001
0.4661864581970834
0.09363046676395922
4.719793214961743E-4
-0.029130041771816495
-0.2826178131611229
-0.7894435642206864
-1.2347254522420104
-1.2071067811865488
-0.5680697937642658
0.3864320381986711
1.1247859243652603
1.2774329231045618
0.8976395656641353
0.36952984604690364
0.05566193067472567
6.162975822039153E-32
-0.05566193067472458
-0.36952984604690153
-0.8976395656641306
-1.2774329231045605
-1.1247859243652627
-0.38643203819867317
0.5680697937642605
1.2071067811865477
1.2347254522420112
0.789443564220686
0.2826178131611232
0.029130041771816106
-4.719793214967155E-4
-0.09363046676395972
-0.4661864581970821
-0.9999999999999981
-1.297656070499628
-1.0175099992752488
-0.19556230133762578
0.7362368229583601
1.2634030935643525
1.172126996585778
0.679155219222409
0.20710678118654957
0.012499560744661492
-0.0037486058335837597
-0.14400064396203158
-0.5703261419180125
-1.0927298876802625
-1.293409378558189
-0.8871315429772694
-2.449293598294706E-15
0.8871315429772664
1.2934093785581884
1.0927298876802634
0.570326141918014
0.1440006439620299
0.003748605833583274
-0.012499560744661492
-0.2071067811865474
-0.6791552192224098
-1.172126996585773
-1.2634030935643525
-0.7362368229583638
0.1955623013376282
1.017509999275241
1.2976560704996278
1.0000000000000004
0.46618645819708826
0.09363046676396061
4.7197932149620203E-4
-0.029130041771816606
-0.2826178131611189
-0.789443564220683
-1.23472545224201
-1.207106781186547
-0.5680697937642714
0.38643203819866867
1.1247859243652607
1.277432923104561
0.8976395656641386
0.3695298460469048
0.05566193067472556
1.3558546808486143E-31
-0.055661930674724136
-0.3695298460469004
-0.897639565664133
-1.2774329231045587
-1.1247859243652636
-0.3864320381986755
0.5680697937642646
1.2071067811865446
1.234725452242012
0.7894435642206873
0.2826178131611211
0.029130041771817106
-4.7197932149668775E-4
-0.09363046676395922
-0.4661864581970844
-0.9999999999999968
-1.2976560704996278
-1.017509999275246
-0.19556230133763527
0.7362368229583581
1.263403093564352
1.1721269965857761
0.6791552192224144
0.20710678118655046
0.012499560744661659
-0.0037486058335838984
-0.14400064396202886
-0.5703261419180111
-1.0927298876802616
-1.2934093785581886
-0.8871315429772763
