-1.387778780781445676e-17
4.461561072841839226e-01
8.133474951670927044e-01
1.046946308578061480e+00
1.132486754666601536e+00
1.097538752791920036e+00
9.992161644867715298e-01
9.020582725728442108e-01
8.544306702633985839e-01
8.720207347503140527e-01
9.343072046462457259e-01
9.950564747945748190e-01
1.002709733880092324e+00
9.228744818140873774e-01
7.543569697195030566e-01
5.325529528413227576e-01
3.186818626001446386e-01
1.785958744360960082e-01
1.587986222505595735e-01
2.684350353942211997e-01
4.739426437596260810e-01
7.085312136736947597e-01
8.933230177017786877e-01
9.627795107122389950e-01
8.854918378810695545e-01
6.730858182757725183e-01
3.742780390009577962e-01
5.645944883301479145e-02
-2.183645325786419678e-01
-4.144982194747441895e-01
-5.328186521438713630e-01
-6.068416801247563663e-01
-6.863164630131279864e-01
-8.146789063548196541e-01
-1.008958604688092731e+00
-1.249828533557021615e+00
-1.485743205933662603e+00
-1.649899001231361240e+00
-1.683978045976838533e+00
-1.560054201720918465e+00
-1.292598688936341889e+00
-9.360300428933022721e-01
-5.684386315762679498e-01
-2.670961823435770155e-01
-8.432458690275185242e-02
-3.216740487261857823e-02
-8.112959284610596344e-02
-1.731822184881309512e-01
-2.441124859672034464e-01
-2.469936524152638035e-01
-1.682506426419737022e-01
-3.060406293157300409e-02
1.179460714257275500e-01
2.247736891762898426e-01
2.550383831284117053e-01
2.073285286950171113e-01
1.165049662883411719e-01
4.244176339246517882e-02
4.858904680052176378e-02
1.780971772502496497e-01
4.362405816243919432e-01
7.856886173387056527e-01
1.156579153592359521e+00
1.468024334023304567e+00
1.653553390593273775e+00
1.681574788745612059e+00
1.563737030406680439e+00
1.348430289306159491e+00
1.102012774901254710e+00
8.847248119841822911e-01
7.300816384697699224e-01
6.351561368483896741e-01
5.650887594596600838e-01
4.698894345095223635e-01
3.070563849047669991e-01
6.139093396289274640e-02
-2.455794652199120298e-01
-5.603234875327520736e-01
-8.146945603268362923e-01
-9.497920107725036365e-01
-9.376324086282764592e-01
-7.926573228884374878e-01
-5.687083879327495817e-01
-3.423159214817453888e-01
-1.880787003968587279e-01
-1.547665119454983695e-01
-2.505154114791947606e-01
-4.422034611165904239e-01
-6.689861824430070047e-01
-8.648936449365989265e-01
-9.821890368732225651e-01
-1.007020155150357033e+00
-9.618116406673675733e-01
-8.937731278368528098e-01
-8.540306320067876378e-01
-8.753467677211541620e-01
-9.569145130862265480e-01
-1.062099330043925649e+00
-1.130220337241570228e+00
-1.098253839398396714e+00
-9.246195726796319070e-01
-6.063393227610660574e-01
-1.831670658980055766e-01
2.730530185377347818e-01
6.802295741198900458e-01
9.714567986496603913e-01
1.115129503472232386e+00
1.122752851085694781e+00
1.041896135969694992e+00
9.370803875104625202e-01
8.656924360948257124e-01
8.577228075733608348e-01
9.066196638098238392e-01
9.743953341955590153e-01
1.008841190568773527e+00
9.662347902807312261e-01
8.308968009765690388e-01
6.241155528321301604e-01
3.988796945070686162e-01
2.221090975377877363e-01
1.507288015002076764e-01
2.102834255844035494e-01
3.839717528516012335e-01
6.162811719684285761e-01
8.301596487712009642e-01
9.517833769757847451e-01
9.342358060339617243e-01
7.718061528016665340e-01
5.000000000000004441e-01
1.814998875525292710e-01
-1.166509928823772219e-01
-3.462723355714558138e-01
-4.932697953789794143e-01
-5.794739490270662818e-01
-6.506845103265000985e-01
-7.556084140064488475e-01
-9.237392548629452804e-01
-1.150615178011001438e+00
-1.396170151185759156e+00
-1.597055505037690226e+00
-1.688625410976839269e+00
-1.628650567870902899e+00
-1.414082504573765942e+00
-1.084617541489441006e+00
-7.115293417936985332e-01
-3.755390354942375608e-01
-1.414453531433599587e-01
-3.840592181650898107e-02
-5.271962600491744699e-02
-1.354514329278368179e-01
-2.219052022767184495e-01
-2.557259733658468481e-01
-2.088328372938931254e-01
-9.001313058259441391e-02
6.075639069878993603e-02
1.899097626634276281e-01
2.530606178326103017e-01
2.342809832768115441e-01
1.545182072030403808e-01
6.578671786114680120e-02
3.303498057493946954e-02
1.101795020986933993e-01
3.190330121196908730e-01
6.389074682323376830e-01
1.010879314994788780e+00
1.355438835399791708e+00
1.597420627453851605e+00
1.689482947721624218e+00
1.625926518175216495e+00
1.442128162955734760e+00
1.200043592072233878e+00
9.652237101980924994e-01
7.837780048892921680e-01
6.676262136440092032e-01
5.932496164556643192e-01
5.141376335033881473e-01
3.820621756086746146e-01
1.690547822004089540e-01
-1.182982385078999166e-01
-4.377946253673997146e-01
-7.244517879746309452e-01
-9.127461270681546113e-01
-9.602292278585419227e-01
-8.638814745705710729e-01
-6.631058997892195217e-01
-4.280447606561716412e-01
-2.371834462399823595e-01
-1.520705403117707244e-01
-1.980234817778119272e-01
-3.575276538783777047e-01
-5.784593880177414382e-01
-7.939351683427581241e-01
-9.464466094067252033e-01
-1.007485623065065061e+00
-9.856172648320598029e-01
-9.202693258458326531e-01
-8.637956750546751383e-01
-8.586981750457048923e-01
-9.186760379092320239e-01
-1.020759134112095845e+00
-1.111689692960540654e+00
-1.126442380385076270e+00
-1.012247229634898105e+00
-7.493633718547558775e-01
-3.609262513289925312e-01
9.192479923377615270e-02
5.281456791769622017e-01
8.718531405576480653e-01
1.075582098269746156e+00
1.133612737903696210e+00
1.080828411542311907e+00
9.777747302531337725e-01
8.875321183833952965e-01
8.528940398000147693e-01
8.821203719751591343e-01
9.483015811790236338e-01
1.002314011681879391e+00
9.943223909373050118e-01
8.956316183502337491e-01
7.125599893187913869e-01
4.869477497284877554e-01
2.828520625121687671e-01
1.641050394383849753e-01
1.708473634650261308e-01
3.036330306480447550e-01
5.210443677803190399e-01
7.519198923007412994e-01
9.180366032004612098e-01
9.593156579336028500e-01
8.527085342575082549e-01
6.182014955977548354e-01
3.100196691554464867e-01
-3.570573532709016285e-03
-2.644032613032682999e-01
-4.437116880471715930e-01
-5.496730703398322593e-01
-6.206731182149881620e-01
-7.070512739327482477e-01
-8.483391669876260144e-01
-1.054665968631502082e+00
-1.299467143003371961e+00
-1.526459922843681927e+00
-1.668566725423034303e+00
-1.672010876337546748e+00
-1.516812478073316761e+00
-1.226114583075252673e+00
-8.607426410465737199e-01
-5.007035407984751219e-01
-2.200373860997549835e-01
-6.383356701800833866e-02
-3.544009869133463858e-02
-9.821636820357404485e-02
-1.909426894835801469e-01
-2.511094039691770807e-01
-2.375393037492510850e-01
-1.441501579649556719e-01
-1.175537131054140521e-15
1.441501579649532017e-01
2.375393037492485038e-01
2.511094039691746382e-01
1.909426894835772603e-01
9.821636820357124154e-02
3.544009869133227242e-02
6.383356701800445288e-02
2.200373860997519859e-01
5.007035407984765651e-01
8.607426410465740529e-01
1.226114583075253117e+00
1.516812478073316761e+00
1.672010876337546748e+00
1.668566725423034081e+00
1.526459922843681705e+00
1.299467143003372183e+00
1.054665968631502748e+00
8.483391669876291230e-01
7.070512739327524665e-01
6.206731182149873849e-01
5.496730703398342577e-01
4.437116880471738134e-01
2.644032613032704093e-01
3.570573532714400432e-03
-3.100196691554484851e-01
-6.182014955977529480e-01
-8.527085342575063676e-01
-9.593156579336005185e-01
-9.180366032004551036e-01
-7.519198923007414104e-01
-5.210443677803188178e-01
-3.036330306480421459e-01
-1.708473634650240214e-01
-1.641050394383837818e-01
-2.828520625121678234e-01
-4.869477497284888101e-01
-7.125599893187909428e-01
-8.956316183502340822e-01
-9.943223909373056779e-01
-1.002314011681880723e+00
-9.483015811790227456e-01
-8.821203719751585792e-01
-8.528940398000161016e-01
-8.875321183833969618e-01
-9.777747302531384355e-01
-1.080828411542317014e+00
-1.133612737903696210e+00
-1.075582098269748155e+00
-8.718531405576532833e-01
-5.281456791769572057e-01
-9.192479923378103768e-02
3.609262513289945851e-01
7.493633718547575429e-01
1.012247229634894108e+00
1.126442380385072273e+00
1.111689692960534881e+00
1.020759134112090738e+00
9.186760379092360207e-01
8.586981750457008955e-01
8.637956750546739171e-01
9.202693258458309877e-01
9.856172648320578045e-01
1.007485623065064395e+00
9.464466094067247592e-01
7.939351683427575690e-01
5.784593880177413272e-01
3.575276538783838109e-01
1.980234817778135648e-01
1.520705403117704746e-01
2.371834462399848020e-01
4.280447606561670337e-01
6.631058997892306239e-01
8.638814745705769571e-01
9.602292278585411456e-01
9.127461270681570538e-01
7.244517879746301681e-01
4.377946253673970500e-01
1.182982385079052040e-01
-1.690547822004105083e-01
-3.820621756086743370e-01
-5.141376335033858158e-01
-5.932496164556622098e-01
-6.676262136440078709e-01
-7.837780048892867280e-01
-9.652237101980971623e-01
-1.200043592072233656e+00
-1.442128162955734760e+00
-1.625926518175213609e+00
-1.689482947721623551e+00
-1.597420627453846276e+00
-1.355438835399790376e+00
-1.010879314994788558e+00
-6.389074682323445664e-01
-3.190330121196887081e-01
-1.101795020986968826e-01
-3.303498057493882423e-02
-6.578671786114539954e-02
-1.545182072030479581e-01
-2.342809832768144029e-01
-2.530606178326164080e-01
-1.899097626634261293e-01
-6.075639069878809029e-02
9.001313058259272082e-02
2.088328372938905997e-01
2.557259733658406864e-01
2.219052022767167287e-01
1.354514329278324603e-01
5.271962600491459511e-02
3.840592181650709369e-02
1.414453531433565447e-01
3.755390354942406139e-01
7.115293417936997544e-01
1.084617541489442116e+00
1.414082504573760390e+00
1.628650567870906229e+00
1.688625410976839492e+00
1.597055505037690892e+00
1.396170151185758268e+00
1.150615178011006767e+00
9.237392548629430600e-01
7.556084140064502908e-01
6.506845103265042063e-01
5.794739490270648385e-01
4.932697953789813572e-01
3.462723355714578677e-01
1.166509928823810383e-01
-1.814998875525209443e-01
-4.999999999999907851e-01
-7.718061528016686434e-01
-9.342358060339608361e-01
-9.517833769757818585e-01
-8.301596487712029626e-01
-6.162811719684146983e-01
-3.839717528516010669e-01
-2.102834255844026612e-01
-1.507288015002075932e-01
-2.221090975377879584e-01
-3.988796945070677835e-01
-6.241155528321308266e-01
-8.308968009765655971e-01
-9.662347902807292277e-01
-1.008841190568774415e+00
-9.743953341955597924e-01
-9.066196638098260596e-01
-8.577228075733600576e-01
-8.656924360948290431e-01
-9.370803875104646297e-01
-1.041896135969699211e+00
-1.122752851085695447e+00
-1.115129503472232830e+00
-9.714567986496609464e-01
-6.802295741198914891e-01
-2.730530185377400554e-01
1.831670658979948629e-01
6.063393227610641700e-01
9.246195726796319070e-01
1.098253839398396048e+00
1.130220337241571116e+00
1.062099330043919210e+00
9.569145130862216631e-01
8.753467677211544951e-01
8.540306320067884149e-01
8.937731278368524768e-01
9.618116406673661301e-01
1.007020155150356366e+00
9.821890368732191234e-01
8.648936449366022572e-01
6.689861824430037851e-01
4.422034611165991391e-01
2.505154114791969810e-01
1.547665119455022831e-01
1.880787003968520943e-01
3.423159214817501073e-01
5.687083879327676783e-01
7.926573228884384870e-01
9.376324086282854520e-01
9.497920107725075223e-01
8.146945603268364033e-01
5.603234875327465225e-01
2.455794652199184414e-01
-6.139093396289110882e-02
-3.070563849047574512e-01
-4.698894345095230851e-01
-5.650887594596591956e-01
-6.351561368483881198e-01
-7.300816384697674799e-01
-8.847248119841860658e-01
-1.102012774901253378e+00
-1.348430289306163488e+00
-1.563737030406675110e+00
-1.681574788745611393e+00
-1.653553390593269778e+00
-1.468024334023310340e+00
-1.156579153592354858e+00
-7.856886173387204186e-01
-4.362405816243951073e-01
-1.780971772502482064e-01
-4.858904680052465036e-02
-4.244176339246625435e-02
-1.165049662883513304e-01
-2.073285286950170558e-01
-2.550383831284178671e-01
-2.247736891762923961e-01
-1.179460714257333648e-01
3.060406293157429472e-02
1.682506426419724532e-01
2.469936524152602231e-01
2.441124859672063885e-01
1.731822184881270099e-01
8.112959284610112010e-02
3.216740487262048642e-02
8.432458690275118629e-02
2.670961823435833993e-01
5.684386315762621766e-01
9.360300428933092665e-01
1.292598688936332341e+00
1.560054201720918909e+00
1.683978045976839866e+00
1.649899001231364126e+00
1.485743205933661715e+00
1.249828533557029164e+00
1.008958604688093619e+00
8.146789063548184329e-01
6.863164630131306509e-01
6.068416801247603631e-01
5.328186521438772472e-01
4.144982194747448556e-01
2.183645325786403024e-01
-5.645944883300613865e-02
-3.742780390009541880e-01
-6.730858182757725183e-01
-8.854918378810691104e-01
-9.627795107122366636e-01
-8.933230177017866813e-01
-7.085312136736942046e-01
-4.739426437596120922e-01
-2.684350353942284717e-01
-1.587986222505584910e-01
-1.785958744360963690e-01
-3.186818626001419186e-01
-5.325529528413265323e-01
-7.543569697194965062e-01
-9.228744818140878214e-01
-1.002709733880094323e+00
-9.950564747945755961e-01
-9.343072046462467251e-01
-8.720207347503159401e-01
-8.544306702633976958e-01
-9.020582725728497619e-01
-9.992161644867678660e-01
-1.097538752791924921e+00
-1.132486754666609530e+00
-1.046946308578067253e+00
-8.133474951670880415e-01
-4.461561072841945252e-01
-1.368880900244047241e-15
4.461561072841915832e-01
8.133474951670843778e-01
1.046946308578063034e+00
1.132486754666604645e+00
1.097538752791919370e+00
9.992161644867629811e-01
9.020582725728453211e-01
8.544306702633945871e-01
8.720207347503136086e-01
9.343072046462450597e-01
9.950564747945747079e-01
1.002709733880093657e+00
9.228744818140873774e-01
7.543569697194969503e-01
5.325529528413285307e-01
3.186818626001456378e-01
1.785958744360952866e-01
1.587986222505579914e-01
2.684350353942286938e-01
4.739426437596178654e-01
7.085312136736999777e-01
8.933230177017928986e-01
9.627795107122418816e-01
8.854918378810736623e-01
6.730858182757831765e-01
3.742780390009650682e-01
5.645944883301665801e-02
-2.183645325786430780e-01
-4.144982194747472981e-01
-5.328186521438731393e-01
-6.068416801247562553e-01
-6.863164630131270982e-01
-8.146789063548158794e-01
-1.008958604688092509e+00
-1.249828533557028498e+00
-1.485743205933659050e+00
-1.649899001231362572e+00
-1.683978045976839866e+00
-1.560054201720917355e+00
-1.292598688936330120e+00
-9.360300428933086003e-01
-5.684386315762627317e-01
-2.670961823435848981e-01
-8.432458690275394797e-02
-3.216740487262451098e-02
-8.112959284610612998e-02
-1.731822184881388060e-01
-2.441124859672183234e-01
-2.469936524152722690e-01
-1.682506426419703438e-01
-3.060406293157190774e-02
1.179460714257283965e-01
2.247736891762872058e-01
2.550383831284124825e-01
2.073285286950113382e-01
1.165049662883459597e-01
4.244176339246177876e-02
4.858904680051640002e-02
1.780971772502419892e-01
4.362405816243977719e-01
7.856886173387226391e-01
1.156579153592357745e+00
1.468024334023311450e+00
1.653553390593270445e+00
1.681574788745612281e+00
1.563737030406675332e+00
1.348430289306164376e+00
1.102012774901254932e+00
8.847248119841918390e-01
7.300816384697752515e-01
6.351561368483867875e-01
5.650887594596571972e-01
4.698894345095211977e-01
3.070563849047617810e-01
6.139093396289476562e-02
-2.455794652199149719e-01
-5.603234875327425257e-01
-8.146945603268320735e-01
-9.497920107724958649e-01
-9.376324086282730175e-01
-7.926573228884258304e-01
-5.687083879327675673e-01
-3.423159214817499407e-01
-1.880787003968523441e-01
-1.547665119454993132e-01
-2.505154114791956488e-01
-4.422034611165988061e-01
-6.689861824430038961e-01
-8.648936449366029233e-01
-9.821890368732201226e-01
-1.007020155150358365e+00
-9.618116406673690166e-01
-8.937731278368512555e-01
-8.540306320067874157e-01
-8.753467677211481668e-01
-9.569145130862263260e-01
-1.062099330043933199e+00
-1.130220337241570006e+00
-1.098253839398400489e+00
-9.246195726796293535e-01
-6.063393227610737179e-01
-1.831670658980045774e-01
2.730530185377151309e-01
6.802295741198954859e-01
9.714567986496680518e-01
1.115129503472234385e+00
1.122752851085689674e+00
1.041896135969702986e+00
9.370803875104599667e-01
8.656924360948199393e-01
8.577228075733586143e-01
9.066196638098213967e-01
9.743953341955582381e-01
1.008841190568772417e+00
9.662347902807291167e-01
8.308968009765718143e-01
6.241155528321290502e-01
3.988796945070604560e-01
2.221090975377897903e-01
1.507288015002104520e-01
2.102834255843975819e-01
3.839717528516066181e-01
6.162811719684425649e-01
8.301596487712020744e-01
9.517833769757941820e-01
9.342358060339600589e-01
7.718061528016659789e-01
4.999999999999944489e-01
1.814998875525338229e-01
-1.166509928823770970e-01
-3.462723355714572016e-01
-4.932697953789769718e-01
-5.794739490270605087e-01
-6.506845103264958796e-01
-7.556084140064427412e-01
-9.237392548629433930e-01
-1.150615178011000328e+00
-1.396170151185760266e+00
-1.597055505037696665e+00
-1.688625410976839047e+00
-1.628650567870899346e+00
-1.414082504573771937e+00
-1.084617541489441894e+00
-7.115293417936847664e-01
-3.755390354942451103e-01
-1.414453531433629840e-01
-3.840592181651360237e-02
-5.271962600491398448e-02
-1.354514329278412588e-01
-2.219052022767139531e-01
-2.557259733658461265e-01
-2.088328372938970945e-01
-9.001313058259738376e-02
6.075639069878467635e-02
1.899097626634222991e-01
2.530606178326040845e-01
2.342809832767945855e-01
1.545182072030482079e-01
6.578671786114630160e-02
3.303498057494322349e-02
1.101795020986943291e-01
3.190330121196970348e-01
6.389074682323303556e-01
1.010879314994788780e+00
1.355438835399804587e+00
1.597420627453847386e+00
1.689482947721625550e+00
1.625926518175220270e+00
1.442128162955732984e+00
1.200043592072222109e+00
9.652237101980948308e-01
7.837780048892891704e-01
6.676262136440112016e-01
5.932496164556662066e-01
5.141376335033908118e-01
3.820621756086808873e-01
1.690547822004143663e-01
-1.182982385079035803e-01
-4.377946253673864474e-01
-7.244517879746388278e-01
-9.127461270681587191e-01
-9.602292278585423668e-01
-8.638814745705591935e-01
-6.631058997892242957e-01
-4.280447606561615381e-01
-2.371834462399905474e-01
-1.520705403117668386e-01
-1.980234817778104561e-01
-3.575276538783726532e-01
-5.784593880177399949e-01
-7.939351683427677830e-01
-9.464466094067254254e-01
-1.007485623065065727e+00
-9.856172648320603580e-01
-9.202693258458334302e-01
-8.637956750546771367e-01
-8.586981750457046703e-01
-9.186760379092405726e-01
-1.020759134112091848e+00
-1.111689692960546427e+00
-1.126442380385086706e+00
-1.012247229634894996e+00
-7.493633718547541012e-01
-3.609262513289759333e-01
9.192479923377833151e-02
5.281456791769674197e-01
8.718531405576420701e-01
1.075582098269743936e+00
1.133612737903685996e+00
1.080828411542306577e+00
9.777747302531287765e-01
8.875321183833956296e-01
8.528940398000171008e-01
8.821203719751594674e-01
9.483015811790225236e-01
1.002314011681879835e+00
9.943223909373023472e-01
8.956316183502334161e-01
7.125599893187823941e-01
4.869477497284981360e-01
2.828520625121712651e-01
1.641050394383903321e-01
1.708473634650325701e-01
3.036330306480424790e-01
5.210443677803037188e-01
7.519198923007416324e-01
9.180366032004712018e-01
9.593156579336012957e-01
8.527085342575105864e-01
6.182014955977490622e-01
3.100196691554520378e-01
-3.570573532711798781e-03
-2.644032613032547552e-01
-4.437116880471630997e-01
-5.496730703398350348e-01
-6.206731182149886061e-01
-7.070512739327493579e-01
-8.483391669876222396e-01
-1.054665968631501194e+00
-1.299467143003380620e+00
-1.526459922843673489e+00
-1.668566725423033636e+00
-1.672010876337542751e+00
-1.516812478073316761e+00
-1.226114583075239128e+00
-8.607426410465865985e-01
-5.007035407984737896e-01
-2.200373860997467124e-01
-6.383356701800770028e-02
-3.544009869133680352e-02
-9.821636820356779984e-02
-1.909426894835861699e-01
-2.511094039691899593e-01
-2.375393037492543324e-01
-1.441501579649652476e-01
-1.205312422228362506e-14
1.441501579649578091e-01
2.375393037492464776e-01
2.511094039691816882e-01
1.909426894835776212e-01
9.821636820356004216e-02
3.544009869133012830e-02
6.383356701800275979e-02
2.200373860997440478e-01
5.007035407984733455e-01
8.607426410465874866e-01
1.226114583075240461e+00
1.516812478073318093e+00
1.672010876337543639e+00
1.668566725423034525e+00
1.526459922843674599e+00
1.299467143003381953e+00
1.054665968631503414e+00
8.483391669876257923e-01
7.070512739327542429e-01
6.206731182149948234e-01
5.496730703398414741e-01
4.437116880471695390e-01
2.644032613032608059e-01
3.570573532717316069e-03
-3.100196691554467088e-01
-6.182014955977431780e-01
-8.527085342575041471e-01
-9.593156579335938572e-01
-9.180366032004624310e-01
-7.519198923007319735e-01
-5.210443677802949480e-01
-3.036330306480344854e-01
-1.708473634650265194e-01
-1.641050394383865574e-01
-2.828520625121699328e-01
-4.869477497284977474e-01
-7.125599893187828382e-01
-8.956316183502345263e-01
-9.943223909373032354e-01
-1.002314011681880945e+00
-9.483015811790242999e-01
-8.821203719751624650e-01
-8.528940398000214307e-01
-8.875321183834010697e-01
-9.777747302531359930e-01
-1.080828411542314349e+00
-1.133612737903693546e+00
-1.075582098269750819e+00
-8.718531405576477322e-01
-5.281456791769720827e-01
-9.192479923378231443e-02
3.609262513289713814e-01
7.493633718547486611e-01
1.012247229634888779e+00
1.126442380385079156e+00
1.111689692960538212e+00
1.020759134112084521e+00
9.186760379092341333e-01
8.586981750456992302e-01
8.637956750546740281e-01
9.202693258458303216e-01
9.856172648320589147e-01
1.007485623065064839e+00
9.464466094067245372e-01
7.939351683427664508e-01
5.784593880177401060e-01
3.575276538783886959e-01
1.980234817778140366e-01
1.520705403117721122e-01
2.371834462399980414e-01
4.280447606561995078e-01
6.631058997892025353e-01
8.638814745705678533e-01
9.602292278585506935e-01
9.127461270681662686e-01
7.244517879746331657e-01
4.377946253674101507e-01
1.182982385079090343e-01
-1.690547822004087875e-01
-3.820621756086747811e-01
-5.141376335033829292e-01
-5.932496164556630980e-01
-6.676262136440059836e-01
-7.837780048892857288e-01
-9.652237101980924994e-01
-1.200043592072239429e+00
-1.442128162955749637e+00
-1.625926518175210056e+00
-1.689482947721624440e+00
-1.597420627453846498e+00
-1.355438835399777053e+00
-1.010879314994757028e+00
-6.389074682323584442e-01
-3.190330121196989777e-01
-1.101795020986980067e-01
-3.303498057494914236e-02
-6.578671786116888076e-02
-1.545182072030382436e-01
-2.342809832768029399e-01
-2.530606178326123556e-01
-1.899097626634295988e-01
-6.075639069878934623e-02
9.001313058258843258e-02
2.088328372938895727e-01
2.557259733658378553e-01
2.219052022767055710e-01
1.354514329278147522e-01
5.271962600492122869e-02
3.840592181651204112e-02
1.414453531433597644e-01
3.755390354942437781e-01
7.115293417937147424e-01
1.084617541489473203e+00
1.414082504573748844e+00
1.628650567870900456e+00
1.688625410976839936e+00
1.597055505037685341e+00
1.396170151185743169e+00
1.150615178011018980e+00
9.237392548629460576e-01
7.556084140064470711e-01
6.506845103265017638e-01
5.794739490270696125e-01
4.932697953789837997e-01
3.462723355714630857e-01
1.166509928823827452e-01
-1.814998875525284938e-01
-5.000000000000059952e-01
-7.718061528016499917e-01
-9.342358060339528425e-01
-9.517833769757856333e-01
-8.301596487711931927e-01
-6.162811719684018197e-01
-3.839717528516266576e-01
-2.102834255844096556e-01
-1.507288015002059833e-01
-2.221090975377869314e-01
-3.988796945070754996e-01
-6.241155528321482571e-01
-8.308968009765578255e-01
-9.662347902807298938e-01
-1.008841190568773971e+00
-9.743953341955573499e-01
-9.066196638098226179e-01
-8.577228075733592805e-01
-8.656924360948254904e-01
-9.370803875104669611e-01
-1.041896135969710979e+00
-1.122752851085711434e+00
-1.115129503472238159e+00
-9.714567986496743801e-01
-6.802295741199000378e-01
-2.730530185377192942e-01
1.831670658980310007e-01
6.063393227610454073e-01
9.246195726796236913e-01
1.098253839398393827e+00
1.130220337241562456e+00
1.062099330043907441e+00
9.569145130862364290e-01
8.753467677211541620e-01
8.540306320067829748e-01
8.937731278368485910e-01
9.618116406673705709e-01
1.007020155150356588e+00
9.821890368732263399e-01
8.648936449366021462e-01
6.689861824430037851e-01
4.422034611165820417e-01
2.505154114791887654e-01
1.547665119455006455e-01
1.880787003968588389e-01
3.423159214817575458e-01
5.687083879327768932e-01
7.926573228884634670e-01
9.376324086282633585e-01
9.497920107725031924e-01
8.146945603268384017e-01
5.603234875327482989e-01
2.455794652199017603e-01
-6.139093396287383791e-02
-3.070563849047556748e-01
-4.698894345095145919e-01
-5.650887594596508690e-01
-6.351561368483793490e-01
-7.300816384697674799e-01
-8.847248119841779612e-01
-1.102012774901253156e+00
-1.348430289306163488e+00
-1.563737030406688655e+00
-1.681574788745614946e+00
-1.653553390593279326e+00
-1.468024334023309896e+00
-1.156579153592356857e+00
-7.856886173386918859e-01
-4.362405816243754009e-01
-1.780971772502567552e-01
-4.858904680052167357e-02
-4.244176339246865520e-02
-1.165049662883538006e-01
-2.073285286950370399e-01
-2.550383831284087632e-01
-2.247736891762948663e-01
-1.179460714257357934e-01
3.060406293156502089e-02
1.682506426419623502e-01
2.469936524152719359e-01
2.441124859672099690e-01
1.731822184881304516e-01
8.112959284609859434e-02
3.216740487260948828e-02
8.432458690274609314e-02
2.670961823435656357e-01
5.684386315762622877e-01
9.360300428933092665e-01
1.292598688936358764e+00
1.560054201720936673e+00
1.683978045976836091e+00
1.649899001231362794e+00
1.485743205933659938e+00
1.249828533557011179e+00
1.008958604688079408e+00
8.146789063548273147e-01
6.863164630131324273e-01
6.068416801247622505e-01
5.328186521438793566e-01
4.144982194747497406e-01
2.183645325786602032e-01
-5.645944883301122486e-02
-3.742780390009596281e-01
-6.730858182757772923e-01
-8.854918378810695545e-01
-9.627795107122444351e-01
-8.933230177017839058e-01
-7.085312136736905408e-01
-4.739426437596089836e-01
-2.684350353941978296e-01
-1.587986222505634870e-01
-1.785958744360895412e-01
-3.186818626001442500e-01
-5.325529528413283087e-01
-7.543569697195150470e-01
-9.228744818140997008e-01
-1.002709733880090770e+00
-9.950564747945762623e-01
-9.343072046462473912e-01
-8.720207347503178275e-01
-8.544306702634112405e-01
-9.020582725728415463e-01
-9.992161644867756376e-01
-1.097538752791921368e+00
-1.132486754666605533e+00
-1.046946308578058815e+00
-8.133474951671070263e-01
-4.461561072841960796e-01
