-3.469446951953614E-17
0.44615610728418387
0.8133474951670928
1.046946308578062
1.1324867546666018
1.0975387527919205
0.9992161644867719
0.9020582725728441
0.8544306702633988
0.8720207347503143
0.9343072046462463
0.9950564747945752
1.0027097338800928
0.9228744818140878
0.7543569697195032
0.532552952841323
0.3186818626001448
0.17859587443609615
0.15879862225055957
0.2684350353942215
0.4739426437596266
0.7085312136736955
0.8933230177017795
0.9627795107122399
0.8854918378810703
0.6730858182757729
0.3742780390009582
0.05645944883301462
-0.21836453257864216
-0.41449821947474463
-0.532818652143872
-0.606841680124757
-0.6863164630131281
-0.8146789063548201
-1.0089586046880932
-1.2498285335570227
-1.4857432059336637
-1.6498990012313628
-1.6839780459768408
-1.5600542017209196
-1.292598688936343
-0.9360300428933029
-0.568438631576269
-0.2670961823435775
-0.08432458690275219
-0.032167404872618884
-0.08112959284610619
-0.17318221848813112
-0.24411248596720383
-0.2469936524152641
-0.168250642641974
-0.030604062931572848
0.11794607142572763
0.22477368917629
0.2550383831284121
0.20732852869501747
0.11650496628834134
0.04244176339246545
0.04858904680052166
0.17809717725024993
0.43624058162439266
0.7856886173387069
1.1565791535923617
1.4680243340233072
1.6535533905932756
1.6815747887456138
1.563737030406682
1.3484302893061606
1.1020127749012565
0.8847248119841833
0.730081638469771
0.6351561368483905
0.5650887594596615
0.4698894345095229
0.30705638490476794
0.06139093396289269
-0.2455794652199124
-0.560323487532753
-0.8146945603268373
-0.9497920107725051
-0.937632408628278
-0.7926573228884389
-0.5687083879327508
-0.34231592148174633
-0.18807870039685937
-0.15476651194549876
-0.25051541147919526
-0.4422034611165914
-0.6689861824430084
-0.8648936449366007
-0.9821890368732246
-1.0070201551503593
-0.96181164066737
-0.8937731278368549
-0.8540306320067894
-0.8753467677211558
-0.9569145130862281
-1.0620993300439272
-1.1302203372415724
-1.0982538393983987
-0.9246195726796339
-0.6063393227610675
-0.18316706589800597
0.2730530185377352
0.6802295741198909
0.9714567986496621
1.1151295034722348
1.122752851085697
1.041896135969697
0.9370803875104644
0.8656924360948273
0.8577228075733627
0.906619663809826
0.9743953341955613
1.008841190568776
0.9662347902807336
0.8308968009765711
0.6241155528321314
0.3988796945070695
0.22210909753778818
0.15072880150020831
0.21028342558440424
0.3839717528516021
0.6162811719684302
0.8301596487712034
0.9517833769757871
0.9342358060339637
0.7718061528016685
0.5000000000000004
0.18149988755252927
-0.11665099288237742
-0.3462723355714559
-0.4932697953789793
-0.5794739490270664
-0.6506845103265002
-0.7556084140064491
-0.9237392548629455
-1.150615178011002
-1.3961701511857596
-1.5970555050376907
-1.68862541097684
-1.6286505678709031
-1.4140825045737664
-1.084617541489441
-0.7115293417936989
-0.3755390354942378
-0.14144535314335996
-0.0384059218165089
-0.05271962600491764
-0.135451432927837
-0.22190520227671853
-0.255725973365847
-0.20883283729389326
-0.09001313058259451
0.06075639069879019
0.18990976266342804
0.2530606178326105
0.2342809832768118
0.15451820720304046
0.0657867178611467
0.033034980574939664
0.11017950209869362
0.3190330121196913
0.6389074682323381
1.01087931499479
1.3554388353997926
1.597420627453853
1.689482947721626
1.6259265181752176
1.442128162955736
1.2000435920722352
0.9652237101980933
0.7837780048892931
0.6676262136440108
0.593249616455665
0.514137633503389
0.382062175608675
0.16905478220040934
-0.11829823850790024
-0.4377946253674007
-0.7244517879746318
-0.9127461270681559
-0.9602292278585438
-0.863881474570573
-0.663105899789221
-0.4280447606561727
-0.23718344623998322
-0.15207054031177153
-0.1980234817778129
-0.3575276538783793
-0.5784593880177433
-0.7939351683427602
-0.946446609406727
-1.007485623065067
-0.9856172648320614
-0.9202693258458337
-0.8637956750546767
-0.8586981750457061
-0.9186760379092334
-1.0207591341120974
-1.1116896929605422
-1.1264423803850778
-1.0122472296348994
-0.7493633718547567
-0.36092625132899314
0.09192479923377637
0.5281456791769633
0.8718531405576495
1.0755820982697484
1.1336127379036987
1.0808284115423146
0.9777747302531359
0.8875321183833973
0.8528940398000169
0.8821203719751615
0.948301581179026
1.002314011681882
0.9943223909373073
0.8956316183502362
0.7125599893187933
0.4869477497284894
0.28285206251217043
0.1641050394383857
0.17084736346502646
0.30363303064804553
0.5210443677803203
0.7519198923007429
0.918036603200463
0.959315657933605
0.8527085342575099
0.6182014955977557
0.31001966915544704
-0.0035705735327091056
-0.2644032613032689
-0.4437116880471726
-0.5496730703398335
-0.6206731182149894
-0.7070512739327499
-0.8483391669876279
-1.0546659686315043
-1.2994671430033746
-1.526459922843685
-1.6685667254230385
-1.6720108763375507
-1.51681247807332
-1.2261145830752553
-0.8607426410465759
-0.5007035407984766
-0.22003738609975573
-0.06383356701800845
-0.03544009869133468
-0.09821636820357416
-0.1909426894835806
-0.2511094039691778
-0.2375393037492515
-0.1441501579649558
-1.175537131054141E-15
0.14415015796495328
0.2375393037492485
0.25110940396917475
0.1909426894835772
0.09821636820357137
0.03544009869133245
0.06383356701800454
0.22003738609975215
0.5007035407984769
0.8607426410465746
1.2261145830752536
1.5168124780733172
1.6720108763375479
1.6685667254230352
1.5264599228436821
1.2994671430033728
1.0546659686315036
0.84833916698763
0.7070512739327531
0.6206731182149879
0.549673070339835
0.4437116880471742
0.2644032613032706
0.0035705735327144113
-0.3100196691554488
-0.6182014955977536
-0.8527085342575074
-0.9593156579336015
-0.9180366032004562
-0.751919892300742
-0.5210443677803194
-0.3036330306480425
-0.17084736346502444
-0.16410503943838411
-0.28285206251216816
-0.4869477497284894
-0.712559989318792
-0.8956316183502352
-0.9943223909373069
-1.0023140116818816
-0.9483015811790237
-0.8821203719751594
-0.852894039800017
-0.8875321183833982
-0.9777747302531399
-1.0808284115423186
-1.1336127379036975
-1.07558209826975
-0.8718531405576545
-0.5281456791769579
-0.09192479923378082
0.36092625132899503
0.749363371854759
1.0122472296348966
1.1264423803850745
1.111689692960537
1.0207591341120927
0.9186760379092378
0.8586981750457023
0.8637956750546761
0.9202693258458334
0.9856172648320601
1.0074856230650668
0.9464466094067265
0.7939351683427593
0.5784593880177427
0.35752765387838475
0.19802348177781465
0.152070540311771
0.23718344623998558
0.4280447606561679
0.6631058997892316
0.8638814745705785
0.9602292278585428
0.912746127068158
0.7244517879746313
0.4377946253673978
0.11829823850790512
-0.16905478220041123
-0.38206217560867545
-0.5141376335033874
-0.5932496164556639
-0.6676262136440095
-0.7837780048892887
-0.9652237101980992
-1.2000435920722363
-1.442128162955738
-1.6259265181752178
-1.689482947721627
-1.5974206274538507
-1.355438835399794
-1.0108793149947917
-0.6389074682323463
-0.3190330121196895
-0.11017950209869716
-0.03303498057493925
-0.06578671786114554
-0.15451820720304843
-0.23428098327681515
-0.253060617832617
-0.1899097626634267
-0.060756390698788416
0.09001313058259285
0.20883283729389096
0.2557259733658412
0.2219052022767172
0.13545143292783293
0.05271962600491494
0.038405921816507246
0.14144535314335696
0.3755390354942415
0.7115293417937013
1.0846175414894446
1.4140825045737644
1.6286505678709104
1.6886254109768435
1.597055505037694
1.3961701511857614
1.1506151780110094
0.9237392548629452
0.7556084140064527
0.650684510326506
0.5794739490270663
0.49326979537898274
0.34627233557145876
0.11665099288238111
-0.18149988755252155
-0.4999999999999908
-0.7718061528016689
-0.9342358060339611
-0.9517833769757819
-0.8301596487712032
-0.6162811719684149
-0.38397175285160107
-0.21028342558440258
-0.15072880150020745
-0.22210909753778796
-0.3988796945070679
-0.624115552832131
-0.8308968009765659
-0.9662347902807298
-1.0088411905687746
-0.9743953341955601
-0.9066196638098267
-0.8577228075733605
-0.8656924360948297
-0.9370803875104656
-1.0418961359697003
-1.1227528510856966
-1.1151295034722337
-0.9714567986496618
-0.6802295741198925
-0.2730530185377403
0.183167065897995
0.6063393227610648
0.9246195726796327
1.0982538393983972
1.1302203372415724
1.06209933004392
0.9569145130862222
0.8753467677211554
0.8540306320067887
0.8937731278368529
0.9618116406673669
1.0070201551503575
0.9821890368732202
0.864893644936603
0.6689861824430042
0.4422034611165996
0.25051541147919754
0.15476651194550242
0.1880787003968524
0.34231592148175083
0.5687083879327687
0.7926573228884396
0.937632408628287
0.949792010772509
0.8146945603268375
0.5603234875327471
0.24557946521991875
-0.061390933962891164
-0.3070563849047581
-0.4698894345095242
-0.5650887594596601
-0.6351561368483897
-0.7300816384697691
-0.8847248119841875
-1.1020127749012563
-1.3484302893061666
-1.5637370304066782
-1.681574788745615
-1.653553390593272
-1.4680243340233132
-1.1565791535923566
-0.7856886173387213
-0.43624058162439644
-0.17809717725024893
-0.04858904680052487
-0.042441763392466816
-0.11650496628835187
-0.2073285286950176
-0.2550383831284184
-0.22477368917629287
-0.11794607142573364
0.030604062931574465
0.16825064264197295
0.24699365241526092
0.2441124859672069
0.17318221848812768
0.08112959284610155
0.032167404872620854
0.08432458690275153
0.2670961823435842
0.5684386315762636
0.9360300428933117
1.2925986889363357
1.560054201720922
1.6839780459768445
1.6498990012313677
1.4857432059336655
1.249828533557032
1.0089586046880958
0.81467890635482
0.6863164630131321
0.6068416801247615
0.5328186521438784
0.414498219474746
0.21836453257864125
-0.05645944883300596
-0.37427803900095497
-0.6730858182757736
-0.8854918378810707
-0.9627795107122382
-0.8933230177017886
-0.7085312136736951
-0.4739426437596131
-0.2684350353942291
-0.15879862225055882
-0.17859587443609684
-0.31868186260014275
-0.5325529528413276
-0.7543569697194983
-0.9228744818140902
-1.002709733880097
-0.9950564747945778
-0.9343072046462486
-0.8720207347503179
-0.8544306702633999
-0.9020582725728521
-0.9992161644867702
-1.0975387527919274
-1.1324867546666124
-1.0469463085780697
-0.8133474951670899
-0.44615610728419547
-1.3688809002440472E-15
0.44615610728419164
0.8133474951670846
1.046946308578063
1.1324867546666044
1.0975387527919194
0.9992161644867631
0.9020582725728455
0.8544306702633948
0.872020734750314
0.9343072046462453
0.9950564747945749
1.0027097338800939
0.9228744818140875
0.754356969719497
0.5325529528413283
0.31868186260014575
0.17859587443609531
0.15879862225055802
0.26843503539422886
0.4739426437596184
0.7085312136737008
0.8933230177017937
0.9627795107122427
0.8854918378810747
0.6730858182757841
0.37427803900096546
0.05645944883301672
-0.21836453257864316
-0.4144982194747475
-0.5328186521438733
-0.6068416801247566
-0.6863164630131278
-0.8146789063548159
-1.0089586046880927
-1.2498285335570292
-1.4857432059336606
-1.6498990012313637
-1.6839780459768412
-1.5600542017209182
-1.292598688936331
-0.9360300428933097
-0.568438631576263
-0.26709618234358506
-0.08432458690275414
-0.03216740487262493
-0.08112959284610646
-0.1731822184881391
-0.24411248596721874
-0.2469936524152729
-0.1682506426419704
-0.030604062931571824
0.11794607142572897
0.22477368917628773
0.2550383831284129
0.20732852869501192
0.11650496628834647
0.04244176339246227
0.04858904680051655
0.17809717725024277
0.4362405816243988
0.7856886173387247
1.1565791535923597
1.4680243340233146
1.6535533905932729
1.6815747887456147
1.5637370304066769
1.3484302893061662
1.1020127749012565
0.8847248119841932
0.7300816384697764
0.6351561368483876
0.5650887594596583
0.46988943450952214
0.30705638490476234
0.061390933962894856
-0.24557946521991536
-0.5603234875327435
-0.8146945603268332
-0.9497920107724974
-0.9376324086282749
-0.7926573228884275
-0.5687083879327689
-0.3423159214817508
-0.18807870039685312
-0.15476651194550023
-0.2505154114791964
-0.44220346111659997
-0.6689861824430059
-0.864893644936605
-0.9821890368732226
-1.0070201551503613
-0.9618116406673717
-0.8937731278368534
-0.8540306320067894
-0.87534676772115
-0.9569145130862279
-1.0620993300439352
-1.1302203372415718
-1.098253839398403
-0.9246195726796314
-0.6063393227610753
-0.18316706589800488
0.27305301853771563
0.6802295741198966
0.9714567986496702
1.1151295034722368
1.1227528510856928
1.0418961359697052
0.9370803875104619
0.8656924360948213
0.8577228075733605
0.9066196638098234
0.9743953341955603
1.0088411905687749
0.9662347902807313
0.830896800976574
0.6241155528321306
0.39887969450706107
0.22210909753779018
0.15072880150021103
0.21028342558439822
0.3839717528516074
0.6162811719684441
0.8301596487712043
0.9517833769757964
0.9342358060339623
0.7718061528016679
0.4999999999999945
0.18149988755253388
-0.11665099288237721
-0.3462723355714574
-0.493269795378977
-0.5794739490270606
-0.6506845103264961
-0.7556084140064429
-0.923739254862944
-1.1506151780110008
-1.3961701511857607
-1.5970555050376976
-1.6886254109768397
-1.6286505678709
-1.414082504573772
-1.0846175414894421
-0.7115293417936852
-0.3755390354942455
-0.14144535314336287
-0.03840592181651337
-0.052719626004914234
-0.13545143292784148
-0.22190520227671393
-0.2557259733658462
-0.20883283729389737
-0.09001313058259731
0.06075639069878477
0.18990976266342247
0.25306061783260414
0.23428098327679472
0.15451820720304835
0.06578671786114601
0.0330349805749433
0.1101795020986944
0.31903301211969715
0.6389074682323311
1.0108793149947901
1.355438835399806
1.597420627453849
1.689482947721627
1.6259265181752216
1.4421281629557343
1.200043592072223
0.9652237101980957
0.7837780048892905
0.6676262136440121
0.5932496164556669
0.5141376335033914
0.38206217560868166
0.1690547822004146
-0.1182982385079038
-0.43779462536738767
-0.7244517879746399
-0.9127461270681603
-0.9602292278585443
-0.8638814745705603
-0.6631058997892256
-0.42804476065616226
-0.23718344623999107
-0.15207054031176778
-0.19802348177781134
-0.3575276538783739
-0.5784593880177413
-0.7939351683427696
-0.9464466094067272
-1.0074856230650675
-0.9856172648320616
-0.9202693258458347
-0.8637956750546789
-0.8586981750457058
-0.9186760379092418
-1.0207591341120932
-1.111689692960548
-1.1264423803850883
-1.0122472296348966
-0.7493633718547551
-0.3609262513289765
0.09192479923377847
0.5281456791769683
0.8718531405576437
1.0755820982697464
1.133612737903688
1.0808284115423088
0.977774730253131
0.8875321183833976
0.8528940398000191
0.8821203719751618
0.9483015811790247
1.0023140116818823
0.9943223909373042
0.8956316183502359
0.7125599893187842
0.48694774972849975
0.28285206251217243
0.16410503943839086
0.17084736346503304
0.30363303064804315
0.521044367780305
0.7519198923007427
0.9180366032004729
0.9593156579336034
0.8527085342575123
0.6182014955977501
0.3100196691554526
-0.0035705735327118057
-0.26440326130325514
-0.4437116880471641
-0.5496730703398363
-0.6206731182149899
-0.7070512739327507
-0.8483391669876242
-1.0546659686315032
-1.2994671430033837
-1.5264599228436773
-1.6685667254230374
-1.6720108763375465
-1.5168124780733203
-1.226114583075242
-0.8607426410465886
-0.500703540798475
-0.22003738609974738
-0.06383356701800783
-0.03544009869133679
-0.09821636820356797
-0.19094268948358653
-0.25110940396919046
-0.2375393037492547
-0.14415015796496525
-1.2053124222283625E-14
0.1441501579649579
0.23753930374924656
0.25110940396918174
0.1909426894835776
0.09821636820355992
0.03544009869133006
0.06383356701800283
0.22003738609974416
0.5007035407984733
0.8607426410465879
1.226114583075241
1.516812478073319
1.6720108763375443
1.6685667254230352
1.5264599228436748
1.299467143003383
1.0546659686315043
0.8483391669876261
0.7070512739327551
0.6206731182149956
0.549673070339842
0.4437116880471699
0.26440326130326086
0.00357057353271736
-0.31001966915544715
-0.6182014955977442
-0.8527085342575051
-0.9593156579335946
-0.9180366032004634
-0.7519198923007328
-0.5210443677802953
-0.3036330306480348
-0.17084736346502694
-0.16410503943838664
-0.2828520625121704
-0.48694774972849825
-0.7125599893187836
-0.8956316183502352
-0.9943223909373039
-1.002314011681882
-0.9483015811790252
-0.8821203719751634
-0.8528940398000221
-0.8875321183834025
-0.9777747302531373
-1.0808284115423157
-1.1336127379036947
-1.0755820982697524
-0.8718531405576487
-0.5281456791769724
-0.0919247992337822
0.360926251328972
0.7493633718547501
1.0122472296348906
1.1264423803850812
1.1116896929605404
1.0207591341120863
0.9186760379092357
0.858698175045701
0.8637956750546757
0.9202693258458325
0.9856172648320609
1.007485623065067
0.946446609406726
0.7939351683427681
0.5784593880177411
0.3575276538783896
0.19802348177781467
0.15207054031177247
0.2371834462399985
0.4280447606562005
0.663105899789204
0.8638814745705692
0.9602292278585524
0.9127461270681672
0.7244517879746344
0.43779462536741043
0.11829823850790899
-0.16905478220040956
-0.3820621756086757
-0.5141376335033847
-0.5932496164556644
-0.6676262136440074
-0.7837780048892875
-0.9652237101980945
-1.2000435920722419
-1.442128162955753
-1.6259265181752138
-1.6894829477216278
-1.59742062745385
-1.3554388353997802
-1.0108793149947597
-0.6389074682323604
-0.3190330121197
-0.11017950209869873
-0.03303498057494964
-0.06578671786116949
-0.15451820720303863
-0.23428098327680372
-0.25306061783261313
-0.18990976266343002
-0.06075639069878949
0.09001313058258857
0.20883283729389
0.25572597336583835
0.22190520227670618
0.13545143292781503
0.05271962600492131
0.03840592181651231
0.14144535314336001
0.3755390354942444
0.7115293417937164
1.084617541489476
1.4140825045737522
1.6286505678709042
1.6886254109768435
1.5970555050376891
1.396170151185746
1.1506151780110216
0.9237392548629485
0.755608414006449
0.6506845103265031
0.5794739490270712
0.4932697953789851
0.34627233557146403
0.11665099288238297
-0.18149988755252913
-0.500000000000006
-0.7718061528016501
-0.9342358060339528
-0.9517833769757856
-0.8301596487711931
-0.6162811719684019
-0.38397175285162666
-0.21028342558440977
-0.15072880150020587
-0.22210909753778701
-0.39887969450707567
-0.6241155528321485
-0.830896800976558
-0.9662347902807301
-1.008841190568774
-0.9743953341955576
-0.906619663809823
-0.8577228075733601
-0.8656924360948265
-0.9370803875104678
-1.041896135969712
-1.122752851085713
-1.115129503472239
-0.9714567986496755
-0.6802295741199009
-0.2730530185377195
0.18316706589803142
0.6063393227610464
0.9246195726796246
1.0982538393983952
1.1302203372415638
1.0620993300439086
0.956914513086237
0.8753467677211546
0.8540306320067836
0.893773127836849
0.9618116406673709
1.0070201551503573
0.982189036873227
0.8648936449366025
0.6689861824430042
0.4422034611165826
0.25051541147918893
0.15476651194550087
0.18807870039685928
0.3423159214817586
0.5687083879327774
0.7926573228884642
0.9376324086282647
0.9497920107725049
0.8146945603268391
0.5603234875327489
0.245579465219902
-0.06139093396287403
-0.3070563849047562
-0.4698894345095157
-0.5650887594596521
-0.6351561368483803
-0.7300816384697689
-0.8847248119841797
-1.1020127749012556
-1.348430289306166
-1.5637370304066915
-1.6815747887456183
-1.6535533905932809
-1.4680243340233117
-1.1565791535923575
-0.7856886173386926
-0.4362405816243759
-0.17809717725025695
-0.04858904680052143
-0.04244176339246897
-0.1165049662883542
-0.20732852869503748
-0.2550383831284093
-0.2247736891762954
-0.1179460714257361
0.030604062931564712
0.1682506426419625
0.24699365241527232
0.2441124859672104
0.1731822184881308
0.08112959284609889
0.032167404872610085
0.08432458690274656
0.2670961823435668
0.5684386315762636
0.9360300428933117
1.2925986889363619
1.5600542017209398
1.68397804597684
1.6498990012313668
1.4857432059336635
1.2498285335570138
1.0089586046880816
0.814678906354829
0.6863164630131334
0.6068416801247635
0.5328186521438799
0.4144982194747504
0.21836453257866065
-0.05645944883301118
-0.3742780390009603
-0.6730858182757784
-0.8854918378810712
-0.9627795107122462
-0.8933230177017856
-0.708531213673692
-0.47394264375961
-0.2684350353941984
-0.1587986222505638
-0.17859587443608999
-0.31868186260014486
-0.5325529528413296
-0.7543569697195166
-0.9228744818141021
-1.0027097338800928
-0.9950564747945785
-0.9343072046462493
-0.8720207347503199
-0.8544306702634133
-0.9020582725728439
-0.9992161644867781
-1.0975387527919238
-1.1324867546666086
-1.0469463085780615
-0.813347495167109
-0.446156107284197
