8.326672684688674053e-17
5.599082155787400428e-01
9.625703849682212265e-01
1.128062300351154512e+00
1.087785252292472915e+00
9.569145130862265480e-01
8.625703849682211377e-01
8.702162060149485345e-01
9.510565162951537532e-01
1.008478658768557468e+00
9.464466094067259805e-01
7.378806086954584620e-01
4.510565162951538642e-01
2.169347235767602466e-01
1.554636037816739258e-01
3.036330306480386487e-01
5.877852522924730261e-01
8.574642502780560616e-01
9.625703849682214486e-01
8.305062656518389375e-01
4.999999999999998335e-01
9.337326685944827287e-02
-2.554636037816737093e-01
-4.747808179129657802e-01
-5.877852522924728040e-01
-6.863164630131282085e-01
-8.625703849682212487e-01
-1.140814256088047429e+00
-1.451056516295154308e+00
-1.661760141206745089e+00
-1.653553390593273109e+00
-1.391162091133645973e+00
-9.510565162951543083e-01
-4.875327736498589193e-01
-1.554636037816736482e-01
-3.303498057493934464e-02
-8.778525229247305384e-02
-2.041827678398677182e-01
-2.554636037816738758e-01
-1.772247832136504830e-01
-2.642148119018820420e-16
1.772247832136508994e-01
2.554636037816730432e-01
2.041827678398678292e-01
8.778525229247195749e-02
3.303498057493978179e-02
1.554636037816740368e-01
4.875327736498596964e-01
9.510565162951526430e-01
1.391162091133648415e+00
1.653553390593273997e+00
1.661760141206745311e+00
1.451056516295152976e+00
1.140814256088046763e+00
8.625703849682204716e-01
6.863164630131278754e-01
5.877852522924738032e-01
4.747808179129655026e-01
2.554636037816739313e-01
-9.337326685944630222e-02
-5.000000000000001110e-01
-8.305062656518369391e-01
-9.625703849682204494e-01
-8.574642502780558395e-01
-5.877852522924738032e-01
-3.036330306480377605e-01
-1.554636037816733152e-01
-2.169347235767608018e-01
-4.510565162951537532e-01
-7.378806086954605714e-01
-9.464466094067267576e-01
-1.008478658768557246e+00
-9.510565162951540863e-01
-8.702162060149493117e-01
-8.625703849682213598e-01
-9.569145130862266591e-01
-1.087785252292473581e+00
-1.128062300351153846e+00
-9.625703849682213376e-01
-5.599082155787395987e-01
2.012641028313157145e-15
5.599082155787413750e-01
9.625703849682233360e-01
1.128062300351154068e+00
1.087785252292472471e+00
9.569145130862261039e-01
8.625703849682212487e-01
8.702162060149477574e-01
9.510565162951536422e-01
1.008478658768557246e+00
9.464466094067263136e-01
7.378806086954595722e-01
4.510565162951510887e-01
2.169347235767596360e-01
1.554636037816731764e-01
3.036330306480380381e-01
5.877852522924718048e-01
8.574642502780547293e-01
9.625703849682230029e-01
8.305062656518394926e-01
5.000000000000002220e-01
9.337326685944871696e-02
-2.554636037816738203e-01
-4.747808179129649475e-01
-5.877852522924724710e-01
-6.863164630131284305e-01
-8.625703849682214708e-01
-1.140814256088050982e+00
-1.451056516295155863e+00
-1.661760141206745756e+00
-1.653553390593273553e+00
-1.391162091133641088e+00
-9.510565162951475360e-01
-4.875327736498551445e-01
-1.554636037816718996e-01
-3.303498057494040629e-02
-8.778525229247373385e-02
-2.041827678398698276e-01
-2.554636037816752081e-01
-1.772247832136517598e-01
-5.018718031743906592e-16
1.772247832136504553e-01
2.554636037816715444e-01
2.041827678398676627e-01
8.778525229247052808e-02
3.303498057493946261e-02
1.554636037816744532e-01
4.875327736498574205e-01
9.510565162951510887e-01
1.391162091133649970e+00
1.653553390593274663e+00
1.661760141206745534e+00
1.451056516295154086e+00
1.140814256088043210e+00
8.625703849682190283e-01
6.863164630131267652e-01
5.877852522924741363e-01
4.747808179129657247e-01
2.554636037816707117e-01
-9.337326685945296356e-02
-5.000000000000044409e-01
-8.305062656518339415e-01
-9.625703849682186730e-01
-8.574642502780552844e-01
-5.877852522924748024e-01
-3.036330306480418684e-01
-1.554636037816712058e-01
-2.169347235767594972e-01
-4.510565162951532536e-01
-7.378806086954574628e-01
-9.464466094067250923e-01
-1.008478658768557468e+00
-9.510565162951537532e-01
-8.702162060149486456e-01
-8.625703849682199165e-01
-9.569145130862304338e-01
-1.087785252292475580e+00
-1.128062300351154734e+00
-9.625703849682201163e-01
-5.599082155787331594e-01
3.969047313034934632e-15
5.599082155787431514e-01
9.625703849682225588e-01
1.128062300351154290e+00
1.087785252292471139e+00
9.569145130862235504e-01
8.625703849682204716e-01
8.702162060149478684e-01
9.510565162951533091e-01
1.008478658768557024e+00
9.464466094067264246e-01
7.378806086954605714e-01
4.510565162951564733e-01
2.169347235767617454e-01
1.554636037816777838e-01
3.036330306480450325e-01
5.877852522924786882e-01
8.574642502780589481e-01
9.625703849682213376e-01
8.305062656518402697e-01
5.000000000000015543e-01
9.337326685945000759e-02
-2.554636037816729321e-01
-4.747808179129680561e-01
-5.877852522924714718e-01
-6.863164630131283195e-01
-8.625703849682232471e-01
-1.140814256088049428e+00
-1.451056516295155641e+00
-1.661760141206745534e+00
-1.653553390593273775e+00
-1.391162091133635315e+00
-9.510565162951569729e-01
-4.875327736498641373e-01
-1.554636037816772287e-01
-3.303498057493961526e-02
-8.778525229247761963e-02
-2.041827678398707158e-01
-2.554636037816775396e-01
-1.772247832136523704e-01
-1.090169577315098892e-15
1.772247832136529810e-01
2.554636037816748195e-01
2.041827678398622781e-01
8.778525229247774453e-02
3.303498057493880341e-02
1.554636037816743421e-01
4.875327736498499820e-01
9.510565162951575280e-01
1.391162091133636869e+00
1.653553390593273997e+00
1.661760141206746422e+00
1.451056516295153642e+00
1.140814256088050316e+00
8.625703849682151425e-01
6.863164630131299848e-01
5.877852522924748024e-01
4.747808179129670569e-01
2.554636037816713223e-01
-9.337326685945164517e-02
-5.000000000000032196e-01
-8.305062656518347186e-01
-9.625703849682202273e-01
-8.574642502780559505e-01
-5.877852522924603695e-01
-3.036330306480423125e-01
-1.554636037816710115e-01
-2.169347235767624116e-01
-4.510565162951573059e-01
-7.378806086954604604e-01
-9.464466094067321977e-01
-1.008478658768557690e+00
-9.510565162951540863e-01
-8.702162060149486456e-01
-8.625703849682240243e-01
-9.569145130862320991e-01
-1.087785252292473803e+00
-1.128062300351153402e+00
-9.625703849682271107e-01
-5.599082155787381554e-01
2.382715369854876255e-15
5.599082155787413750e-01
9.625703849682217816e-01
1.128062300351152514e+00
1.087785252292469806e+00
9.569145130862218851e-01
8.625703849682206936e-01
8.702162060149504219e-01
9.510565162951538642e-01
1.008478658768556580e+00
9.464466094067246482e-01
7.378806086954566856e-01
4.510565162951521434e-01
2.169347235767556115e-01
1.554636037816751748e-01
3.036330306480454766e-01
5.877852522924701395e-01
8.574642502780518427e-01
9.625703849682237800e-01
8.305062656518464870e-01
4.999999999999951705e-01
9.337326685945909754e-02
-2.554636037816709893e-01
-4.747808179129638928e-01
-5.877852522924719159e-01
-6.863164630131276533e-01
-8.625703849682246904e-01
-1.140814256088041878e+00
-1.451056516295158749e+00
-1.661760141206743535e+00
-1.653553390593271777e+00
-1.391162091133643752e+00
-9.510565162951509777e-01
-4.875327736498576425e-01
-1.554636037816685690e-01
-3.303498057493883117e-02
-8.778525229247856332e-02
-2.041827678398693280e-01
-2.554636037816734317e-01
-1.772247832136529533e-01
5.903613691062283866e-15
1.772247832136492618e-01
2.554636037816702121e-01
2.041827678398668855e-01
8.778525229246808559e-02
3.303498057494173856e-02
1.554636037816706229e-01
4.875327736498674125e-01
9.510565162951480911e-01
1.391162091133653966e+00
1.653553390593271111e+00
1.661760141206743979e+00
1.451056516295152310e+00
1.140814256088043877e+00
8.625703849682229141e-01
6.863164630131245447e-01
5.877852522924746914e-01
4.747808179129662243e-01
2.554636037816750416e-01
-9.337326685945503135e-02
-4.999999999999908407e-01
-8.305062656518428232e-01
-9.625703849682158975e-01
-8.574642502780566167e-01
-5.877852522924689183e-01
-3.036330306480242713e-01
-1.554636037816733707e-01
-2.169347235767634663e-01
-4.510565162951520879e-01
-7.378806086954550203e-01
-9.464466094067288671e-01
-1.008478658768557024e+00
-9.510565162951535312e-01
-8.702162060149486456e-01
-8.625703849682222479e-01
-9.569145130862319881e-01
-1.087785252292471805e+00
-1.128062300351158065e+00
-9.625703849682135660e-01
-5.599082155787460380e-01
8.284059391838083840e-15
5.599082155787333814e-01
9.625703849682235580e-01
1.128062300351154290e+00
1.087785252292471361e+00
9.569145130862217741e-01
8.625703849682174740e-01
8.702162060149469802e-01
9.510565162951565288e-01
1.008478658768557024e+00
9.464466094067223167e-01
7.378806086954619037e-01
4.510565162951486462e-01
2.169347235767610516e-01
1.554636037816774508e-01
3.036330306480561347e-01
5.877852522924770229e-01
8.574642502780703834e-01
9.625703849682212265e-01
8.305062656518349407e-01
5.000000000000079936e-01
9.337326685944027926e-02
-2.554636037816677141e-01
-4.747808179129635042e-01
-5.877852522924722489e-01
-6.863164630131270982e-01
-8.625703849682169189e-01
-1.140814256088047651e+00
-1.451056516295160081e+00
-1.661760141206744867e+00
-1.653553390593269778e+00
-1.391162091133649970e+00
-9.510565162951443163e-01
-4.875327736498402675e-01
-1.554636037816717331e-01
-3.303498057494377860e-02
-8.778525229247423345e-02
-2.041827678398757395e-01
-2.554636037816777061e-01
-1.772247832136528700e-01
-2.594335984573563292e-15
1.772247832136496781e-01
2.554636037816747640e-01
2.041827678398565049e-01
8.778525229247860495e-02
3.303498057493524376e-02
1.554636037816817251e-01
4.875327736498600295e-01
9.510565162951700735e-01
1.391162091133647083e+00
1.653553390593278660e+00
1.661760141206745978e+00
1.451056516295146981e+00
1.140814256088052314e+00
8.625703849682168078e-01
6.863164630131308730e-01
5.877852522924695844e-01
4.747808179129677786e-01
2.554636037816733762e-01
-9.337326685945766813e-02
-5.000000000000007772e-01
-8.305062656518363839e-01
-9.625703849682152313e-01
-8.574642502780442932e-01
-5.877852522924778000e-01
-3.036330306480311547e-01
-1.554636037816722605e-01
-2.169347235767612736e-01
-4.510565162951449825e-01
-7.378806086954600163e-01
-9.464466094067214286e-01
-1.008478658768557690e+00
-9.510565162951534202e-01
-8.702162060149492007e-01
-8.625703849682246904e-01
-9.569145130862398707e-01
-1.087785252292481797e+00
-1.128062300351157177e+00
-9.625703849682240021e-01
-5.599082155787216131e-01
-1.275281921116347770e-15
5.599082155787187265e-01
9.625703849682367697e-01
1.128062300351152070e+00
1.087785252292476690e+00
9.569145130862353188e-01
8.625703849682154756e-01
8.702162060149496448e-01
9.510565162951539753e-01
1.008478658768556802e+00
9.464466094067308655e-01
7.378806086954582399e-01
4.510565162951475360e-01
2.169347235767596915e-01
1.554636037816696237e-01
3.036330306480566343e-01
5.877852522924835732e-01
8.574642502780569497e-01
9.625703849682135660e-01
8.305062656518269470e-01
4.999999999999974465e-01
9.337326685946154003e-02
-2.554636037816624405e-01
-4.747808179129761053e-01
-5.877852522924772449e-01
-6.863164630131274313e-01
-8.625703849682143654e-01
-1.140814256088050982e+00
-1.451056516295168075e+00
-1.661760141206746644e+00
-1.653553390593277328e+00
-1.391162091133619993e+00
-9.510565162951382101e-01
-4.875327736498571984e-01
-1.554636037816797267e-01
-3.303498057494036466e-02
-8.778525229247799433e-02
-2.041827678398684676e-01
-2.554636037816732652e-01
-1.772247832136533974e-01
4.822444187770640782e-15
1.772247832136478463e-01
2.554636037816654937e-01
2.041827678398636658e-01
8.778525229246347816e-02
3.303498057493841483e-02
1.554636037816695127e-01
4.875327736498363818e-01
9.510565162951765128e-01
1.391162091133652634e+00
1.653553390593270223e+00
1.661760141206745978e+00
1.451056516295143206e+00
1.140814256088048761e+00
8.625703849682148094e-01
6.863164630131307620e-01
5.877852522924706946e-01
4.747808179129670014e-01
2.554636037816783722e-01
-9.337326685944354054e-02
-5.000000000000279776e-01
-8.305062656518444886e-01
-9.625703849682157864e-01
-8.574642502780579489e-01
-5.877852522924708056e-01
-3.036330306480307106e-01
-1.554636037816736482e-01
-2.169347235767590809e-01
-4.510565162951462037e-01
-7.378806086954643462e-01
-9.464466094067330859e-01
-1.008478658768557690e+00
-9.510565162951574170e-01
-8.702162060149506440e-01
-8.625703849682229141e-01
-9.569145130862264370e-01
-1.087785252292468030e+00
-1.128062300351158953e+00
-9.625703849682222257e-01
-5.599082155787420412e-01
4.912736883966317691e-15
5.599082155787624693e-01
9.625703849682216706e-01
1.128062300351143632e+00
1.087785252292472693e+00
9.569145130862237725e-01
8.625703849682129221e-01
8.702162060149465361e-01
9.510565162951500895e-01
1.008478658768557468e+00
9.464466094067182089e-01
7.378806086954545762e-01
4.510565162951611917e-01
2.169347235767651871e-01
1.554636037816740091e-01
3.036330306480368169e-01
5.877852522924905676e-01
8.574642502780626119e-01
9.625703849682262225e-01
8.305062656518329423e-01
4.999999999999945044e-01
9.337326685945829263e-02
-2.554636037816775396e-01
-4.747808179129633377e-01
-5.877852522924760237e-01
-6.863164630131262101e-01
-8.625703849682349045e-01
-1.140814256088054979e+00
-1.451056516295149645e+00
-1.661760141206741315e+00
-1.653553390593265560e+00
-1.391162091133639089e+00
-9.510565162951629681e-01
-4.875327736498584752e-01
-1.554636037816780614e-01
-3.303498057493570866e-02
-8.778525229248186623e-02
-2.041827678398727974e-01
-2.554636037816794825e-01
-1.772247832136551182e-01
4.925554181360472450e-15
1.772247832136480683e-01
2.554636037816728766e-01
2.041827678398548118e-01
8.778525229246493533e-02
3.303498057494341777e-02
1.554636037816711225e-01
4.875327736498728526e-01
9.510565162951514218e-01
1.391162091133656187e+00
1.653553390593271999e+00
1.661760141206741981e+00
1.451056516295140097e+00
1.140814256088045431e+00
8.625703849682316848e-01
6.863164630131195487e-01
5.877852522924718048e-01
4.747808179129682227e-01
2.554636037816869210e-01
-9.337326685943274363e-02
-5.000000000000138778e-01
-8.305062656518383823e-01
-9.625703849682132329e-01
-8.574642502780518427e-01
-5.877852522924640333e-01
-3.036330306480251595e-01
-1.554636037816716221e-01
-2.169347235767535298e-01
-4.510565162951706286e-01
-7.378806086954660115e-01
-9.464466094067256474e-01
-1.008478658768557468e+00
-9.510565162951500895e-01
-8.702162060149499778e-01
-8.625703849682236912e-01
-9.569145130862302118e-01
-1.087785252292478022e+00
-1.128062300351154290e+00
-9.625703849682205604e-01
-5.599082155787511450e-01
2.478530847500465182e-14
5.599082155787673543e-01
9.625703849682234470e-01
1.128062300351148961e+00
1.087785252292474469e+00
9.569145130862199977e-01
8.625703849682206936e-01
8.702162060149468692e-01
9.510565162951505336e-01
1.008478658768556135e+00
9.464466094067265356e-01
7.378806086954509125e-01
4.510565162951575280e-01
2.169347235767576376e-01
1.554636037816846672e-01
3.036330306480422569e-01
5.877852522924662537e-01
8.574642502780808195e-01
9.625703849682288871e-01
8.305062656518462649e-01
5.000000000000084377e-01
9.337326685942370919e-02
-2.554636037816793714e-01
-4.747808179129619499e-01
-5.877852522924635892e-01
-6.863164630131370902e-01
-8.625703849682263558e-01
-1.140814256088058087e+00
-1.451056516295152976e+00
-1.661760141206740204e+00
-1.653553390593263561e+00
-1.391162091133634204e+00
-9.510565162951568619e-01
-4.875327736498787368e-01
-1.554636037816661265e-01
-3.303498057493738094e-02
-8.778525229246858519e-02
-2.041827678398767387e-01
-2.554636037816785388e-01
-1.772247832136545909e-01
-1.215692157544954190e-14
1.772247832136475132e-01
2.554636037816740979e-01
2.041827678398680512e-01
8.778525229246088302e-02
3.303498057493152451e-02
1.554636037816814476e-01
4.875327736498781817e-01
9.510565162951580831e-01
1.391162091133635759e+00
1.653553390593284655e+00
1.661760141206741093e+00
1.451056516295153642e+00
1.140814256088059642e+00
8.625703849682113677e-01
6.863164630131309840e-01
5.877852522924696954e-01
4.747808179129681672e-01
2.554636037816850336e-01
-9.337326685945002147e-02
-5.000000000000029976e-01
-8.305062656518397146e-01
-9.625703849682208935e-01
-8.574642502780343012e-01
-5.877852522924570389e-01
-3.036330306480347074e-01
-1.554636037816791438e-01
-2.169347235767679627e-01
-4.510565162951571949e-01
-7.378806086954516896e-01
-9.464466094067275348e-01
-1.008478658768556357e+00
-9.510565162951524210e-01
-8.702162060149504219e-01
-8.625703849682258006e-01
-9.569145130862340975e-01
-1.087785252292481797e+00
-1.128062300351155844e+00
-9.625703849682291091e-01
-5.599082155787075132e-01
1.656811878367617084e-14
5.599082155787467041e-01
9.625703849682147872e-01
1.128062300351147185e+00
1.087785252292464477e+00
9.569145130862231063e-01
8.625703849682182511e-01
8.702162060149464251e-01
9.510565162951553075e-01
1.008478658768555691e+00
9.464466094067242041e-01
7.378806086954652343e-01
4.510565162951327700e-01
2.169347235767564719e-01
1.554636037816770067e-01
3.036330306480330976e-01
5.877852522924930101e-01
8.574642502780613906e-01
9.625703849682214486e-01
8.305062656518521491e-01
4.999999999999882871e-01
9.337326685943803106e-02
-2.554636037816708227e-01
-4.747808179129602291e-01
-5.877852522924741363e-01
-6.863164630131255439e-01
-8.625703849682181401e-01
-1.140814256088061418e+00
-1.451056516295156307e+00
-1.661760141206743757e+00
-1.653553390593261563e+00
-1.391162091133629541e+00
-9.510565162951505336e-01
-4.875327736498167863e-01
-1.554636037816644611e-01
-3.303498057494926032e-02
-8.778525229247249873e-02
-2.041827678398856483e-01
-2.554636037816810368e-01
-1.772247832136557288e-01
-1.196324085529814185e-14
1.772247832136456258e-01
2.554636037816710448e-01
2.041827678398641099e-01
8.778525229247433059e-02
3.303498057493326617e-02
1.554636037816748972e-01
4.875327736498578646e-01
9.510565162951328810e-01
1.391162091133668621e+00
1.653553390593276662e+00
1.661760141206748864e+00
1.451056516295167409e+00
1.140814256088038547e+00
8.625703849682195834e-01
6.863164630131324273e-01
5.877852522924851275e-01
4.747808179129685557e-01
2.554636037816702121e-01
-9.337326685943535265e-02
-5.000000000000062172e-01
-8.305062656518263919e-01
-9.625703849682318847e-01
-8.574642502780280839e-01
-5.877852522924502665e-01
-3.036330306480291008e-01
-1.554636037816566341e-01
-2.169347235767692117e-01
-4.510565162951605811e-01
-7.378806086954555754e-01
-9.464466094067396362e-01
-1.008478658768558578e+00
-9.510565162951519769e-01
-8.702162060149500888e-01
-8.625703849682300195e-01
-9.569145130862385384e-01
-1.087785252292480465e+00
-1.128062300351151181e+00
-9.625703849682372137e-01
-5.599082155787279413e-01
-8.672411163361076617e-15
5.599082155787125092e-01
9.625703849682063495e-01
1.128062300351157621e+00
1.087785252292478244e+00
9.569145130862365400e-01
8.625703849682077040e-01
8.702162060149524203e-01
9.510565162951529761e-01
1.008478658768555691e+00
9.464466094067222057e-01
7.378806086954613486e-01
4.510565162951292173e-01
2.169347235767552229e-01
1.554636037816793936e-01
3.036330306480787833e-01
5.877852522925113288e-01
8.574642502780669417e-01
9.625703849682242241e-01
8.305062656518233943e-01
4.999999999999852340e-01
9.337326685944889737e-02
-2.554636037816725436e-01
-4.747808179129607842e-01
-5.877852522924730261e-01
-6.863164630131259880e-01
-8.625703849682114788e-01
-1.140814256088030332e+00
-1.451056516295164522e+00
-1.661760141206745089e+00
-1.653553390593279326e+00
-1.391162091133676837e+00
-9.510565162951397644e-01
-4.875327736498624720e-01
-1.554636037816825578e-01
-3.303498057495079382e-02
-8.778525229247670369e-02
-2.041827678398547008e-01
-2.554636037816836458e-01
-1.772247832136562562e-01
2.319096887596184158e-15
1.772247832136450707e-01
2.554636037816553351e-01
2.041827678398602797e-01
8.778525229244772687e-02
3.303498057493166329e-02
1.554636037816766181e-01
4.875327736498564768e-01
9.510565162951390983e-01
1.391162091133673506e+00
1.653553390593278882e+00
1.661760141206747976e+00
1.451056516295168297e+00
1.140814256088028555e+00
8.625703849682178070e-01
6.863164630131326494e-01
5.877852522924803536e-01
4.747808179129689998e-01
2.554636037816685468e-01
-9.337326685943864168e-02
-4.999999999999747424e-01
-8.305062656518411579e-01
-9.625703849682157864e-01
-8.574642502780729370e-01
-5.877852522924432721e-01
-3.036330306480337637e-01
-1.554636037816744532e-01
-2.169347235767637716e-01
-4.510565162951640783e-01
-7.378806086954612375e-01
-9.464466094067416346e-01
-1.008478658768559022e+00
-9.510565162951559737e-01
-8.702162060149457590e-01
-8.625703849682325730e-01
-9.569145130862426463e-01
-1.087785252292484239e+00
-1.128062300351165614e+00
-9.625703849682024638e-01
-5.599082155787235004e-01
-3.295974604355933479e-17
4.539867533569498197e-17
8.032098020262467987e-17
-1.363134142984577520e-17
-4.059916570632141397e-17
1.399212784368713139e-17
-8.340366555683248559e-17
1.304155525250442573e-16
-1.285310902478812050e-17
2.913555973869639055e-17
-7.831478213221846007e-18
-5.413426349913224862e-17
-6.244825516684728887e-17
-2.483610298585771768e-18
-7.001460470592104790e-17
2.797790187564616574e-17
6.890748897010960753e-18
-1.484708445310553910e-18
-4.070990981244923564e-17
1.514352120615998464e-17
-1.740163095296296693e-17
2.114269027812086801e-17
-2.477265073058969194e-17
8.798714590082105884e-18
-6.632240714911220977e-18
2.580132982481757324e-18
-1.083128828933201796e-17
3.095686189333304698e-17
-1.359153863625170969e-19
-2.684288827046480433e-17
1.342957969802593040e-19
6.926336450712558219e-18
