-8.049116928532384672e-17
4.561773064395198696e-01
8.278994681996373339e-01
1.057950004760697560e+00
1.133617507937034086e+00
1.087785252292473137e+00
9.837397883885232730e-01
8.897047850747169528e-01
8.529035967597055068e-01
8.829999739657512503e-01
9.510565162951536422e-01
1.004114329228956937e+00
9.894510571705809054e-01
8.788351861293435263e-01
6.830945682688539522e-01
4.510565162951536422e-01
2.529632186307007036e-01
1.545024734259952126e-01
1.913036617410069362e-01
3.537030330534729483e-01
5.877852522924730261e-01
8.125977469769314343e-01
9.473341337194606249e-01
9.385153392408746020e-01
7.771970673996223544e-01
4.999999999999997224e-01
1.738594488955295114e-01
-1.294983448659268177e-01
-3.595488814269873212e-01
-5.035807526019836500e-01
-5.877852522924730261e-01
-6.627200274284203996e-01
-7.790889140334796847e-01
-9.635194678009437741e-01
-1.204019734925855456e+00
-1.451056516295154530e+00
-1.634151084564007927e+00
-1.687852180504291200e+00
-1.577236309463054376e+00
-1.313131323603905054e+00
-9.510565162951539753e-01
-5.739829795908026888e-01
-2.651183444672316480e-01
-8.068779069976919627e-02
-3.268327209337013733e-02
-8.778525229247297057e-02
-1.825609916418800827e-01
-2.489330103857499144e-01
-2.401142159071641968e-01
-1.471603120645727514e-01
-1.286641428355084819e-16
1.471603120645724461e-01
2.401142159071637805e-01
2.489330103857491649e-01
1.825609916418804712e-01
8.778525229247223505e-02
3.268327209337007488e-02
8.068779069976968199e-02
2.651183444672322032e-01
5.739829795908053534e-01
9.510565162951527540e-01
1.313131323603905498e+00
1.577236309463053709e+00
1.687852180504291200e+00
1.634151084564007261e+00
1.451056516295152976e+00
1.204019734925852347e+00
9.635194678009423308e-01
7.790889140334785745e-01
6.627200274284201775e-01
5.877852522924735812e-01
5.035807526019828728e-01
3.595488814269869327e-01
1.294983448659290381e-01
-1.738594488955287065e-01
-5.000000000000001110e-01
-7.771970673996215773e-01
-9.385153392408746020e-01
-9.473341337194601808e-01
-8.125977469769303241e-01
-5.877852522924736922e-01
-3.537030330534727818e-01
-1.913036617410049933e-01
-1.545024734259958510e-01
-2.529632186307018693e-01
-4.510565162951538087e-01
-6.830945682688556175e-01
-8.788351861293457468e-01
-9.894510571705805724e-01
-1.004114329228957159e+00
-9.510565162951540863e-01
-8.829999739657515834e-01
-8.529035967597052847e-01
-8.897047850747176190e-01
-9.837397883885227179e-01
-1.087785252292473581e+00
-1.133617507937034086e+00
-1.057950004760697782e+00
-8.278994681996366678e-01
-4.561773064395189259e-01
2.006013991564615776e-15
4.561773064395208688e-01
8.278994681996386662e-01
1.057950004760698892e+00
1.133617507937032309e+00
1.087785252292472471e+00
9.837397883885210526e-01
8.897047850747181741e-01
8.529035967597053958e-01
8.829999739657513613e-01
9.510565162951536422e-01
1.004114329228956937e+00
9.894510571705813495e-01
8.788351861293438594e-01
6.830945682688523979e-01
4.510565162951513662e-01
2.529632186307012032e-01
1.545024734259954069e-01
1.913036617410072970e-01
3.537030330534766120e-01
5.877852522924719159e-01
8.125977469769322115e-01
9.473341337194621792e-01
9.385153392408751571e-01
7.771970673996233536e-01
5.000000000000006661e-01
1.738594488955307049e-01
-1.294983448659285385e-01
-3.595488814269878763e-01
-5.035807526019835390e-01
-5.877852522924722489e-01
-6.627200274284194004e-01
-7.790889140334817942e-01
-9.635194678009432190e-01
-1.204019734925855678e+00
-1.451056516295155641e+00
-1.634151084564009260e+00
-1.687852180504291200e+00
-1.577236309463052599e+00
-1.313131323603900613e+00
-9.510565162951477580e-01
-5.739829795907960275e-01
-2.651183444672305933e-01
-8.068779069976854401e-02
-3.268327209337159450e-02
-8.778525229247356731e-02
-1.825609916418782785e-01
-2.489330103857505250e-01
-2.401142159071666393e-01
-1.471603120645724461e-01
-5.766973896320336218e-16
1.471603120645709473e-01
2.401142159071625315e-01
2.489330103857475274e-01
1.825609916418792500e-01
8.778525229247040318e-02
3.268327209336945732e-02
8.068779069976796114e-02
2.651183444672337020e-01
5.739829795908070187e-01
9.510565162951510887e-01
1.313131323603903944e+00
1.577236309463055264e+00
1.687852180504291422e+00
1.634151084564005929e+00
1.451056516295154530e+00
1.204019734925852569e+00
9.635194678009405544e-01
7.790889140334780194e-01
6.627200274284206216e-01
5.877852522924738032e-01
5.035807526019817626e-01
3.595488814269849343e-01
1.294983448659233483e-01
-1.738594488955358397e-01
-5.000000000000045519e-01
-7.771970673996204670e-01
-9.385153392408723816e-01
-9.473341337194614020e-01
-8.125977469769345429e-01
-5.877852522924748024e-01
-3.537030330534722822e-01
-1.913036617410042717e-01
-1.545024734259939914e-01
-2.529632186306999819e-01
-4.510565162951530316e-01
-6.830945682688543963e-01
-8.788351861293453027e-01
-9.894510571705801283e-01
-1.004114329228956937e+00
-9.510565162951537532e-01
-8.829999739657522495e-01
-8.529035967597057288e-01
-8.897047850747163977e-01
-9.837397883885241612e-01
-1.087785252292475580e+00
-1.133617507937036972e+00
-1.057950004760695784e+00
-8.278994681996364458e-01
-4.561773064395173161e-01
4.134522015454803962e-15
4.561773064395277522e-01
8.278994681996389993e-01
1.057950004760698670e+00
1.133617507937032309e+00
1.087785252292471139e+00
9.837397883885193872e-01
8.897047850747127340e-01
8.529035967597031753e-01
8.829999739657495850e-01
9.510565162951533091e-01
1.004114329228956271e+00
9.894510571705797952e-01
8.788351861293479672e-01
6.830945682688578380e-01
4.510565162951564733e-01
2.529632186307024244e-01
1.545024734259965449e-01
1.913036617410069640e-01
3.537030330534758904e-01
5.877852522924790213e-01
8.125977469769378736e-01
9.473341337194643996e-01
9.385153392408734918e-01
7.771970673996242418e-01
5.000000000000016653e-01
1.738594488955318429e-01
-1.294983448659292880e-01
-3.595488814269887090e-01
-5.035807526019832059e-01
-5.877852522924714718e-01
-6.627200274284218429e-01
-7.790889140334796847e-01
-9.635194678009423308e-01
-1.204019734925854346e+00
-1.451056516295155419e+00
-1.634151084564009038e+00
-1.687852180504290978e+00
-1.577236309463049935e+00
-1.313131323603895062e+00
-9.510565162951571949e-01
-5.739829795908057974e-01
-2.651183444672335354e-01
-8.068779069977137508e-02
-3.268327209337155287e-02
-8.778525229247761963e-02
-1.825609916418778900e-01
-2.489330103857503584e-01
-2.401142159071634474e-01
-1.471603120645728902e-01
-1.238613813793459066e-15
1.471603120645706697e-01
2.401142159071607274e-01
2.489330103857478882e-01
1.825609916418751144e-01
8.778525229247796657e-02
3.268327209337216349e-02
8.068779069976991791e-02
2.651183444672328693e-01
5.739829795908055754e-01
9.510565162951575280e-01
1.313131323603909495e+00
1.577236309463058150e+00
1.687852180504292088e+00
1.634151084564002820e+00
1.451056516295153420e+00
1.204019734925853458e+00
9.635194678009412206e-01
7.790889140334787966e-01
6.627200274284208437e-01
5.877852522924749135e-01
5.035807526019852043e-01
3.595488814269811595e-01
1.294983448659173531e-01
-1.738594488955335637e-01
-5.000000000000034417e-01
-7.771970673996256851e-01
-9.385153392408748241e-01
-9.473341337194561840e-01
-8.125977469769215533e-01
-5.877852522924601475e-01
-3.537030330534645661e-01
-1.913036617410008855e-01
-1.545024734259956012e-01
-2.529632186307032571e-01
-4.510565162951574725e-01
-6.830945682688588372e-01
-8.788351861293478562e-01
-9.894510571705833479e-01
-1.004114329228956937e+00
-9.510565162951539753e-01
-8.829999739657522495e-01
-8.529035967597048407e-01
-8.897047850747149544e-01
-9.837397883885220518e-01
-1.087785252292473803e+00
-1.133617507937037638e+00
-1.057950004760703555e+00
-8.278994681996373339e-01
-4.561773064395189259e-01
2.294466319091152030e-15
4.561773064395089894e-01
8.278994681996305616e-01
1.057950004760693785e+00
1.133617507937031421e+00
1.087785252292470028e+00
9.837397883885197203e-01
8.897047850747163977e-01
8.529035967597048407e-01
8.829999739657513613e-01
9.510565162951536422e-01
1.004114329228956271e+00
9.894510571705817936e-01
8.788351861293453027e-01
6.830945682688547294e-01
4.510565162951522544e-01
2.529632186306993158e-01
1.545024734259956289e-01
1.913036617410106555e-01
3.537030330534818301e-01
5.877852522924699175e-01
8.125977469769307682e-01
9.473341337194630674e-01
9.385153392408781547e-01
7.771970673996192458e-01
4.999999999999950595e-01
1.738594488955250428e-01
-1.294983448659316749e-01
-3.595488814269895972e-01
-5.035807526019827618e-01
-5.877852522924716938e-01
-6.627200274284188453e-01
-7.790889140334831264e-01
-9.635194678009467717e-01
-1.204019734925859675e+00
-1.451056516295158749e+00
-1.634151084564011258e+00
-1.687852180504289867e+00
-1.577236309463045938e+00
-1.313131323603903056e+00
-9.510565162951509777e-01
-5.739829795907976928e-01
-2.651183444672264300e-01
-8.068779069976647622e-02
-3.268327209337137246e-02
-8.778525229247857720e-02
-1.825609916418881318e-01
-2.489330103857571863e-01
-2.401142159071681936e-01
-1.471603120645733342e-01
6.066094853865723569e-15
1.471603120645770257e-01
2.401142159071621707e-01
2.489330103857480270e-01
1.825609916418769740e-01
8.778525229246821049e-02
3.268327209336938100e-02
8.068779069976420026e-02
2.651183444672274292e-01
5.739829795907975818e-01
9.510565162951482021e-01
1.313131323603901279e+00
1.577236309463053265e+00
1.687852180504291422e+00
1.634151084564007483e+00
1.451056516295152754e+00
1.204019734925862339e+00
9.635194678009456615e-01
7.790889140334813501e-01
6.627200274284212878e-01
5.877852522924746914e-01
5.035807526019856484e-01
3.595488814269898747e-01
1.294983448659287328e-01
-1.738594488955297890e-01
-4.999999999999906186e-01
-7.771970673996223544e-01
-9.385153392408751571e-01
-9.473341337194605138e-01
-8.125977469769291028e-01
-5.877852522924688072e-01
-3.537030330534670641e-01
-1.913036617410008855e-01
-1.545024734259922428e-01
-2.529632186307049779e-01
-4.510565162951523654e-01
-6.830945682688531750e-01
-8.788351861293440814e-01
-9.894510571705815716e-01
-1.004114329228957159e+00
-9.510565162951533091e-01
-8.829999739657523605e-01
-8.529035967597095036e-01
-8.897047850747200615e-01
-9.837397883885300454e-01
-1.087785252292472249e+00
-1.133617507937034086e+00
-1.057950004760696894e+00
-8.278994681996345584e-01
-4.561773064395138189e-01
8.328721373358893141e-15
4.561773064395349131e-01
8.278994681996483251e-01
1.057950004760701779e+00
1.133617507937035196e+00
1.087785252292472027e+00
9.837397883885201644e-01
8.897047850747134001e-01
8.529035967597035084e-01
8.829999739657506952e-01
9.510565162951564178e-01
1.004114329228957603e+00
9.894510571705775748e-01
8.788351861293416389e-01
6.830945682688406295e-01
4.510565162951485352e-01
2.529632186306927655e-01
1.545024734259972110e-01
1.913036617410106277e-01
3.537030330534605138e-01
5.877852522924771339e-01
8.125977469769234407e-01
9.473341337194667311e-01
9.385153392408780437e-01
7.771970673996246859e-01
5.000000000000076605e-01
1.738594488955470807e-01
-1.294983448659271785e-01
-3.595488814269839906e-01
-5.035807526019820957e-01
-5.877852522924721379e-01
-6.627200274284185122e-01
-7.790889140334766871e-01
-9.635194678009457725e-01
-1.204019734925851237e+00
-1.451056516295160304e+00
-1.634151084564008150e+00
-1.687852180504292976e+00
-1.577236309463050823e+00
-1.313131323603911049e+00
-9.510565162951443163e-01
-5.739829795908087950e-01
-2.651183444672270406e-01
-8.068779069977206897e-02
-3.268327209337370393e-02
-8.778525229247398365e-02
-1.825609916418740319e-01
-2.489330103857536891e-01
-2.401142159071637805e-01
-1.471603120645739171e-01
-2.387331482787478083e-15
1.471603120645696705e-01
2.401142159071605053e-01
2.489330103857443355e-01
1.825609916418788614e-01
8.778525229247857720e-02
3.268327209336743117e-02
8.068779069976901586e-02
2.651183444672391976e-01
5.739829795908030219e-01
9.510565162951701845e-01
1.313131323603906608e+00
1.577236309463065034e+00
1.687852180504291644e+00
1.634151084564009260e+00
1.451056516295146759e+00
1.204019734925855234e+00
9.635194678009361136e-01
7.790889140334801288e-01
6.627200274284219539e-01
5.877852522924695844e-01
5.035807526019800973e-01
3.595488814269824918e-01
1.294983448659128566e-01
-1.738594488955401973e-01
-5.000000000000008882e-01
-7.771970673996286827e-01
-9.385153392408741579e-01
-9.473341337194485234e-01
-8.125977469769292139e-01
-5.877852522924775780e-01
-3.537030330534883249e-01
-1.913036617410055484e-01
-1.545024734259944355e-01
-2.529632186306990382e-01
-4.510565162951449825e-01
-6.830945682688552845e-01
-8.788351861293396405e-01
-9.894510571705829038e-01
-1.004114329228957159e+00
-9.510565162951530871e-01
-8.829999739657524715e-01
-8.529035967597047296e-01
-8.897047850747213937e-01
-9.837397883885211636e-01
-1.087785252292481797e+00
-1.133617507937031865e+00
-1.057950004760696450e+00
-8.278994681996398874e-01
-4.561773064395087673e-01
-1.400414344122881354e-15
4.561773064395057697e-01
8.278994681996363347e-01
1.057950004760692453e+00
1.133617507937026536e+00
1.087785252292476690e+00
9.837397883885166117e-01
8.897047850747169528e-01
8.529035967597017320e-01
8.829999739657509172e-01
9.510565162951537532e-01
1.004114329228956493e+00
9.894510571705824598e-01
8.788351861293395295e-01
6.830945682688551734e-01
4.510565162951474805e-01
2.529632186307003705e-01
1.545024734260011245e-01
1.913036617410097950e-01
3.537030330534886025e-01
5.877852522924837952e-01
8.125977469769228856e-01
9.473341337194710610e-01
9.385153392408723816e-01
7.771970673996235757e-01
4.999999999999975020e-01
1.738594488955114703e-01
-1.294983448659295933e-01
-3.595488814269977018e-01
-5.035807526019814295e-01
-5.877852522924770229e-01
-6.627200274284178461e-01
-7.790889140334819052e-01
-9.635194678009481040e-01
-1.204019734925857676e+00
-1.451056516295167853e+00
-1.634151084564010148e+00
-1.687852180504288979e+00
-1.577236309463047492e+00
-1.313131323603904166e+00
-9.510565162951380991e-01
-5.739829795908001353e-01
-2.651183444672238210e-01
-8.068779069976728113e-02
-3.268327209337080347e-02
-8.778525229247809147e-02
-1.825609916418901857e-01
-2.489330103857571030e-01
-2.401142159071586180e-01
-1.471603120645742779e-01
4.806192617226678657e-15
1.471603120645692542e-01
2.401142159071654458e-01
2.489330103857478049e-01
1.825609916418748646e-01
8.778525229246340877e-02
3.268327209336514133e-02
8.068779069977703722e-02
2.651183444672425837e-01
5.739829795908114596e-01
9.510565162951766238e-01
1.313131323603913714e+00
1.577236309463069253e+00
1.687852180504292532e+00
1.634151084563996603e+00
1.451056516295143650e+00
1.204019734925831031e+00
9.635194678009334490e-01
7.790889140334744667e-01
6.627200274284223980e-01
5.877852522924706946e-01
5.035807526019745461e-01
3.595488814269814370e-01
1.294983448659036418e-01
-1.738594488955435002e-01
-5.000000000000281997e-01
-7.771970673996300150e-01
-9.385153392408692730e-01
-9.473341337194612910e-01
-8.125977469769382067e-01
-5.877852522924708056e-01
-3.537030330534771672e-01
-1.913036617410185103e-01
-1.545024734259898558e-01
-2.529632186306913777e-01
-4.510565162951462592e-01
-6.830945682688409626e-01
-8.788351861293431933e-01
-9.894510571705782409e-01
-1.004114329228957159e+00
-9.510565162951575280e-01
-8.829999739657526936e-01
-8.529035967597102808e-01
-8.897047850747102915e-01
-9.837397883885300454e-01
-1.087785252292468252e+00
-1.133617507937033864e+00
-1.057950004760706442e+00
-8.278994681996368898e-01
-4.561773064395377997e-01
4.664681179135576953e-15
4.561773064395038269e-01
8.278994681996224569e-01
1.057950004760686236e+00
1.133617507937033642e+00
1.087785252292472693e+00
9.837397883885253824e-01
8.897047850747138442e-01
8.529035967597025092e-01
8.829999739657505842e-01
9.510565162951500895e-01
1.004114329228956048e+00
9.894510571705804614e-01
8.788351861293505207e-01
6.830945682688516207e-01
4.510565162951614138e-01
2.529632186306985941e-01
1.545024734259991261e-01
1.913036617410136531e-01
3.537030330534778333e-01
5.877852522924906786e-01
8.125977469769291028e-01
9.473341337194582934e-01
9.385153392408730477e-01
7.771970673996313472e-01
4.999999999999943934e-01
1.738594488955404471e-01
-1.294983448659320080e-01
-3.595488814269792166e-01
-5.035807526019813185e-01
-5.877852522924761347e-01
-6.627200274284177350e-01
-7.790889140334831264e-01
-9.635194678009370017e-01
-1.204019734925861229e+00
-1.451056516295150089e+00
-1.634151084564011924e+00
-1.687852180504290311e+00
-1.577236309463044384e+00
-1.313131323603899059e+00
-9.510565162951630791e-01
-5.739829795907946952e-01
-2.651183444672375322e-01
-8.068779069976704521e-02
-3.268327209337414108e-02
-8.778525229248204664e-02
-1.825609916418886869e-01
-2.489330103857602394e-01
-2.401142159071603943e-01
-1.471603120645748886e-01
4.905880501024048606e-15
1.471603120645686158e-01
2.401142159071636417e-01
2.489330103857448628e-01
1.825609916418704515e-01
8.778525229246501860e-02
3.268327209336292088e-02
8.068779069977426166e-02
2.651183444672455258e-01
5.739829795908167887e-01
9.510565162951517548e-01
1.313131323603919265e+00
1.577236309463055264e+00
1.687852180504292976e+00
1.634151084564003709e+00
1.451056516295140097e+00
1.204019734925845020e+00
9.635194678009310065e-01
7.790889140334735785e-01
6.627200274284221759e-01
5.877852522924716938e-01
5.035807526019868696e-01
3.595488814269808819e-01
1.294983448659148273e-01
-1.738594488955467199e-01
-5.000000000000140998e-01
-7.771970673996319023e-01
-9.385153392408787099e-01
-9.473341337194574052e-01
-8.125977469769173345e-01
-5.877852522924640333e-01
-3.537030330534543521e-01
-1.913036617410071027e-01
-1.545024734259935750e-01
-2.529632186307085306e-01
-4.510565162951710172e-01
-6.830945682688654985e-01
-8.788351861293594025e-01
-9.894510571705850133e-01
-1.004114329228957159e+00
-9.510565162951502005e-01
-8.829999739657466984e-01
-8.529035967597106138e-01
-8.897047850747186182e-01
-9.837397883885424799e-01
-1.087785252292478022e+00
-1.133617507937045632e+00
-1.057950004760689788e+00
-8.278994681996335592e-01
-4.561773064394913924e-01
2.477244496470405624e-14
4.561773064395504007e-01
8.278994681996558747e-01
1.057950004760702667e+00
1.133617507937031199e+00
1.087785252292474469e+00
9.837397883885211636e-01
8.897047850747243913e-01
8.529035967597009549e-01
8.829999739657500291e-01
9.510565162951502005e-01
1.004114329228956048e+00
9.894510571705854574e-01
8.788351861293475231e-01
6.830945682688687182e-01
4.510565162951578055e-01
2.529632186307063102e-01
1.545024734259999311e-01
1.913036617410004414e-01
3.537030330534836065e-01
5.877852522924661427e-01
8.125977469769473105e-01
9.473341337194618461e-01
9.385153392408848161e-01
7.771970673996301260e-01
5.000000000000085487e-01
1.738594488955371442e-01
-1.294983448659205449e-01
-3.595488814269800493e-01
-5.035807526019812075e-01
-5.877852522924637002e-01
-6.627200274284172909e-01
-7.790889140334685825e-01
-9.635194678009396663e-01
-1.204019734925846574e+00
-1.451056516295153420e+00
-1.634151084564003931e+00
-1.687852180504290089e+00
-1.577236309463057262e+00
-1.313131323603896172e+00
-9.510565162951570839e-01
-5.739829795908226728e-01
-2.651183444672340905e-01
-8.068779069976979301e-02
-3.268327209337631295e-02
-8.778525229246876560e-02
-1.825609916418929612e-01
-2.489330103857498033e-01
-2.401142159071760762e-01
-1.471603120645752771e-01
-1.208512917529857060e-14
1.471603120645681717e-01
2.401142159071682214e-01
2.489330103857415599e-01
1.825609916418846068e-01
8.778525229246114669e-02
3.268327209337008182e-02
8.068779069976549090e-02
2.651183444672320366e-01
5.739829795908223398e-01
9.510565162951577500e-01
1.313131323603897727e+00
1.577236309463058594e+00
1.687852180504290533e+00
1.634151084564004819e+00
1.451056516295154086e+00
1.204019734925847906e+00
9.635194678009425528e-01
7.790889140334725793e-01
6.627200274284227310e-01
5.877852522924695844e-01
5.035807526019874247e-01
3.595488814269861555e-01
1.294983448659261793e-01
-1.738594488955318706e-01
-5.000000000000029976e-01
-7.771970673996233536e-01
-9.385153392408774886e-01
-9.473341337194534084e-01
-8.125977469769384287e-01
-5.877852522924570389e-01
-3.537030330534755573e-01
-1.913036617409941964e-01
-1.545024734259954902e-01
-2.529632186307040898e-01
-4.510565162951572504e-01
-6.830945682688692733e-01
-8.788351861293485223e-01
-9.894510571705864566e-01
-1.004114329228957381e+00
-9.510565162951523099e-01
-8.829999739657532487e-01
-8.529035967597057288e-01
-8.897047850747306086e-01
-9.837397883885286021e-01
-1.087785252292482019e+00
-1.133617507937038527e+00
-1.057950004760689788e+00
-8.278994681996310057e-01
-4.561773064395135413e-01
1.659732138698755893e-14
4.561773064395283073e-01
8.278994681996588723e-01
1.057950004760699780e+00
1.133617507937032087e+00
1.087785252292465143e+00
9.837397883885089511e-01
8.897047850747077380e-01
8.529035967597069501e-01
8.829999739657501401e-01
9.510565162951553075e-01
1.004114329228958935e+00
9.894510571705783519e-01
8.788351861293300926e-01
6.830945682688444043e-01
4.510565162951329921e-01
2.529632186306953190e-01
1.545024734259931587e-01
1.913036617410046325e-01
3.537030330535066436e-01
5.877852522924932321e-01
8.125977469769414263e-01
9.473341337194525202e-01
9.385153392408782658e-01
7.771970673996049239e-01
4.999999999999884537e-01
1.738594488955197692e-01
-1.294983448659229319e-01
-3.595488814270003108e-01
-5.035807526019927538e-01
-5.877852522924741363e-01
-6.627200274284272830e-01
-7.790889140334908980e-01
-9.635194678009287861e-01
-1.204019734925825924e+00
-1.451056516295156973e+00
-1.634151084564003487e+00
-1.687852180504292532e+00
-1.577236309463070363e+00
-1.313131323603890843e+00
-9.510565162951504226e-01
-5.739829795908170107e-01
-2.651183444672478018e-01
-8.068779069978171403e-02
-3.268327209337855421e-02
-8.778525229247259587e-02
-1.825609916418788337e-01
-2.489330103857395615e-01
-2.401142159071778248e-01
-1.471603120645757490e-01
-1.198068127028187443e-14
1.471603120645673668e-01
2.401142159071588955e-01
2.489330103857382570e-01
1.825609916418803325e-01
8.778525229247415018e-02
3.268327209337706235e-02
8.068779069976581009e-02
2.651183444672353118e-01
5.739829795907943621e-01
9.510565162951327700e-01
1.313131323603873302e+00
1.577236309463062591e+00
1.687852180504291644e+00
1.634151084564012146e+00
1.451056516295167631e+00
1.204019734925844132e+00
9.635194678009394442e-01
7.790889140334870122e-01
6.627200274284228421e-01
5.877852522924851275e-01
5.035807526019882019e-01
3.595488814269853228e-01
1.294983448659374203e-01
-1.738594488955168549e-01
-5.000000000000059952e-01
-7.771970673996250190e-01
-9.385153392408658313e-01
-9.473341337194662870e-01
-8.125977469768924655e-01
-5.877852522924503775e-01
-3.537030330534696176e-01
-1.913036617410073803e-01
-1.545024734259978771e-01
-2.529632186307059771e-01
-4.510565162951606921e-01
-6.830945682688518428e-01
-8.788351861293374201e-01
-9.894510571705876778e-01
-1.004114329228957603e+00
-9.510565162951519769e-01
-8.829999739657538038e-01
-8.529035967597008439e-01
-8.897047850747337172e-01
-9.837397883885325989e-01
-1.087785252292480465e+00
-1.133617507937031865e+00
-1.057950004760689566e+00
-8.278994681996277860e-01
-4.561773064395083233e-01
-8.720180174676678651e-15
4.561773064395061028e-01
8.278994681996483251e-01
1.057950004760700002e+00
1.133617507937026314e+00
1.087785252292478022e+00
9.837397883885053984e-01
8.897047850747047404e-01
8.529035967597055068e-01
8.829999739657496960e-01
9.510565162951526430e-01
1.004114329228955826e+00
9.894510571705773527e-01
8.788351861293420830e-01
6.830945682688586151e-01
4.510565162951296059e-01
2.529632186306934871e-01
1.545024734259941301e-01
1.913036617410082130e-01
3.537030330534581268e-01
5.877852522925112178e-01
8.125977469769473105e-01
9.473341337194697287e-01
9.385153392408733808e-01
7.771970673996034806e-01
4.999999999999854006e-01
1.738594488955166883e-01
-1.294983448659251801e-01
-3.595488814269884870e-01
-5.035807526019798752e-01
-5.877852522924732481e-01
-6.627200274284166248e-01
-7.790889140334797958e-01
-9.635194678009663116e-01
-1.204019734925871665e+00
-1.451056516295164744e+00
-1.634151084564007483e+00
-1.687852180504286537e+00
-1.577236309463034170e+00
-1.313131323603882183e+00
-9.510565162951398754e-01
-5.739829795908056864e-01
-2.651183444672034484e-01
-8.068779069976610152e-02
-3.268327209337057448e-02
-8.778525229247657879e-02
-1.825609916419070333e-01
-2.489330103857701204e-01
-2.401142159071658622e-01
-1.471603120645621765e-01
2.332692874308977096e-15
1.471603120645815499e-01
2.401142159071583404e-01
2.489330103857483323e-01
1.825609916418762801e-01
8.778525229244782402e-02
3.268327209335588485e-02
8.068779069977527474e-02
2.651183444672460254e-01
5.739829795908059085e-01
9.510565162951390983e-01
1.313131323603878409e+00
1.577236309463032393e+00
1.687852180504293198e+00
1.634151084564010592e+00
1.451056516295168519e+00
1.204019734925877216e+00
9.635194678009372238e-01
7.790889140334856799e-01
6.627200274284232862e-01
5.877852522924803536e-01
5.035807526019884239e-01
3.595488814269977573e-01
1.294983448659352832e-01
-1.738594488955060580e-01
-4.999999999999747424e-01
-7.771970673996266843e-01
-9.385153392408642770e-01
-9.473341337194624012e-01
-8.125977469769409822e-01
-5.877852522924433831e-01
-3.537030330534531863e-01
-1.913036617410033557e-01
-1.545024734259968224e-01
-2.529632186306887132e-01
-4.510565162951639673e-01
-6.830945682688558396e-01
-8.788351861293404177e-01
-9.894510571705772417e-01
-1.004114329228957381e+00
-9.510565162951560847e-01
-8.829999739657536928e-01
-8.529035967597022871e-01
-8.897047850747096254e-01
-9.837397883885367067e-01
-1.087785252292484683e+00
-1.133617507937034086e+00
-1.057950004760708884e+00
-8.278994681996248994e-01
-4.561773064395172606e-01
-3.171110736258824430e-17
-3.972276164851656438e-17
-4.443234781893063187e-17
-4.419376953956825691e-17
-1.052387072283486284e-17
9.573937845187264046e-18
1.011732932908813218e-17
2.399232796141494577e-17
1.330344256649236664e-18
-4.477176927507786128e-17
1.331438664782410139e-17
6.546657985061775533e-17
5.379300193692039022e-18
6.676048053761901040e-17
-5.904433225148745681e-17
6.984013153124940378e-18
-1.525320345257055974e-17
7.208745416693286411e-17
-9.017687765690782743e-19
1.482962311766878300e-16
9.633078115646768299e-17
1.444050543175450088e-16
-1.638666425630999375e-17
1.901435911864512570e-18
