-1.110223024625156540e-16
8.133474951670930375e-01
1.132486754666601314e+00
9.992161644867714188e-01
8.544306702633988060e-01
9.343072046462461699e-01
1.002709733880092324e+00
7.543569697195030566e-01
3.186818626001445276e-01
1.587986222505595180e-01
4.739426437596261921e-01
8.933230177017786877e-01
8.854918378810697766e-01
3.742780390009578517e-01
-2.183645325786417735e-01
-5.328186521438710299e-01
-6.863164630131282085e-01
-1.008958604688092509e+00
-1.485743205933663047e+00
-1.683978045976838533e+00
-1.292598688936342111e+00
-5.684386315762682829e-01
-8.432458690275174140e-02
-8.112959284610586630e-02
-2.441124859672033909e-01
-1.682506426419738133e-01
1.179460714257274390e-01
2.550383831284111502e-01
1.165049662883409221e-01
4.858904680052150010e-02
4.362405816243920542e-01
1.156579153592359743e+00
1.653553390593273775e+00
1.563737030406680439e+00
1.102012774901255154e+00
7.300816384697699224e-01
5.650887594596604169e-01
3.070563849047670546e-01
-2.455794652199121131e-01
-8.146945603268360703e-01
-9.376324086282761261e-01
-5.687083879327492486e-01
-1.880787003968587556e-01
-2.505154114791943165e-01
-6.689861824430065607e-01
-9.821890368732217880e-01
-9.618116406673677954e-01
-8.540306320067878598e-01
-9.569145130862268811e-01
-1.130220337241570450e+00
-9.246195726796320180e-01
-1.831670658980055211e-01
6.802295741198902679e-01
1.115129503472232608e+00
1.041896135969695214e+00
8.656924360948254904e-01
9.066196638098237282e-01
1.008841190568773083e+00
8.308968009765691498e-01
3.988796945070687827e-01
1.507288015002076764e-01
3.839717528516011225e-01
8.301596487712010752e-01
9.342358060339616133e-01
5.000000000000004441e-01
-1.166509928823772635e-01
-4.932697953789794143e-01
-6.506845103264999874e-01
-9.237392548629451694e-01
-1.396170151185759156e+00
-1.688625410976838825e+00
-1.414082504573765720e+00
-7.115293417936980891e-01
-1.414453531433595701e-01
-5.271962600491728046e-02
-2.219052022767181720e-01
-2.088328372938929034e-01
6.075639069879009563e-02
2.530606178326099687e-01
1.545182072030402143e-01
3.303498057493944179e-02
3.190330121196908175e-01
1.010879314994789002e+00
1.597420627453850717e+00
1.625926518175216051e+00
1.200043592072234100e+00
7.837780048892923901e-01
5.932496164556640972e-01
3.820621756086742260e-01
-1.182982385079000692e-01
-7.244517879746309452e-01
-9.602292278585421448e-01
-6.631058997892196327e-01
-2.371834462399824428e-01
-1.980234817778123158e-01
-5.784593880177413272e-01
-9.464466094067249813e-01
-9.856172648320598029e-01
-8.637956750546753604e-01
-9.186760379092322459e-01
-1.111689692960540210e+00
-1.012247229634898105e+00
-3.609262513289923091e-01
5.281456791769624237e-01
1.075582098269745712e+00
1.080828411542312129e+00
8.875321183833950744e-01
8.821203719751591343e-01
1.002314011681879391e+00
8.956316183502337491e-01
4.869477497284878664e-01
1.641050394383848643e-01
3.036330306480448105e-01
7.519198923007412994e-01
9.593156579336028500e-01
6.182014955977547244e-01
-3.570573532709110393e-03
-4.437116880471714264e-01
-6.206731182149881620e-01
-8.483391669876260144e-01
-1.299467143003371739e+00
-1.668566725423034747e+00
-1.516812478073316317e+00
-8.607426410465740529e-01
-2.200373860997550668e-01
-3.544009869133460389e-02
-1.909426894835798971e-01
-2.375393037492508630e-01
-1.175537131054140718e-15
2.375393037492484760e-01
1.909426894835771493e-01
3.544009869133225160e-02
2.200373860997520969e-01
8.607426410465743860e-01
1.516812478073316539e+00
1.668566725423034081e+00
1.299467143003371516e+00
8.483391669876290120e-01
6.206731182149873849e-01
4.437116880471734248e-01
3.570573532714345355e-03
-6.182014955977526149e-01
-9.593156579336004075e-01
-7.519198923007412994e-01
-3.036330306480423125e-01
-1.641050394383838651e-01
-4.869477497284889767e-01
-8.956316183502341932e-01
-1.002314011681880501e+00
-8.821203719751589123e-01
-8.875321183833971839e-01
-1.080828411542317458e+00
-1.075582098269748155e+00
-5.281456791769574277e-01
3.609262513289943075e-01
1.012247229634894774e+00
1.111689692960535103e+00
9.186760379092363538e-01
8.637956750546743612e-01
9.856172648320579155e-01
9.464466094067246482e-01
5.784593880177414382e-01
1.980234817778138146e-01
2.371834462399848020e-01
6.631058997892301798e-01
9.602292278585413676e-01
7.244517879746299460e-01
1.182982385079053844e-01
-3.820621756086742260e-01
-5.932496164556619878e-01
-7.837780048892867280e-01
-1.200043592072233212e+00
-1.625926518175213165e+00
-1.597420627453846054e+00
-1.010879314994788558e+00
-3.190330121196884305e-01
-3.303498057493885892e-02
-1.545182072030477916e-01
-2.530606178326164080e-01
-6.075639069878809723e-02
2.088328372938906274e-01
2.219052022767162846e-01
5.271962600491462286e-02
1.414453531433562672e-01
7.115293417936995324e-01
1.414082504573760390e+00
1.688625410976839492e+00
1.396170151185758712e+00
9.237392548629431710e-01
6.506845103265044283e-01
4.932697953789813017e-01
1.166509928823809827e-01
-4.999999999999906741e-01
-9.342358060339609471e-01
-8.301596487712034067e-01
-3.839717528516010669e-01
-1.507288015002075654e-01
-3.988796945070671729e-01
-8.308968009765654861e-01
-1.008841190568773749e+00
-9.066196638098256155e-01
-8.656924360948287100e-01
-1.041896135969699433e+00
-1.115129503472233052e+00
-6.802295741198916001e-01
1.831670658979946964e-01
9.246195726796317960e-01
1.130220337241571116e+00
9.569145130862216631e-01
8.540306320067881929e-01
9.618116406673669072e-01
9.821890368732189014e-01
6.689861824430034520e-01
2.505154114791968145e-01
1.880787003968522053e-01
5.687083879327681224e-01
9.376324086282852299e-01
8.146945603268364033e-01
2.455794652199184136e-01
-3.070563849047576732e-01
-5.650887594596590846e-01
-7.300816384697674799e-01
-1.102012774901254266e+00
-1.563737030406675776e+00
-1.653553390593269556e+00
-1.156579153592355080e+00
-4.362405816243954404e-01
-4.858904680052428954e-02
-1.165049662883512610e-01
-2.550383831284177005e-01
-1.179460714257333925e-01
1.682506426419721479e-01
2.441124859672060554e-01
8.112959284610080091e-02
8.432458690275117241e-02
5.684386315762620656e-01
1.292598688936332341e+00
1.683978045976840088e+00
1.485743205933661493e+00
1.008958604688093619e+00
6.863164630131307620e-01
5.328186521438770251e-01
2.183645325786404412e-01
-3.742780390009545766e-01
-8.854918378810694435e-01
-8.933230177017869034e-01
-4.739426437596121477e-01
-1.587986222505582967e-01
-3.186818626001418076e-01
-7.543569697194962842e-01
-1.002709733880094323e+00
-9.343072046462469471e-01
-8.544306702633979178e-01
-9.992161644867680881e-01
-1.132486754666609308e+00
-8.133474951670882636e-01
-1.368880900244046452e-15
8.133474951670848219e-01
1.132486754666604423e+00
9.992161644867632031e-01
8.544306702633948092e-01
9.343072046462451707e-01
1.002709733880093435e+00
7.543569697194967283e-01
3.186818626001454713e-01
1.587986222505576861e-01
4.739426437596180874e-01
8.933230177017928986e-01
8.854918378810741064e-01
3.742780390009652347e-01
-2.183645325786430502e-01
-5.328186521438728063e-01
-6.863164630131274313e-01
-1.008958604688092509e+00
-1.485743205933659716e+00
-1.683978045976840088e+00
-1.292598688936330120e+00
-5.684386315762623987e-01
-8.432458690275410063e-02
-8.112959284610596344e-02
-2.441124859672182124e-01
-1.682506426419703160e-01
1.179460714257285769e-01
2.550383831284122604e-01
1.165049662883457238e-01
4.858904680051601144e-02
4.362405816243981049e-01
1.156579153592357745e+00
1.653553390593270445e+00
1.563737030406675776e+00
1.102012774901255376e+00
7.300816384697755845e-01
5.650887594596573082e-01
3.070563849047615590e-01
-2.455794652199148886e-01
-8.146945603268320735e-01
-9.376324086282730175e-01
-5.687083879327674563e-01
-1.880787003968525384e-01
-2.505154114791955933e-01
-6.689861824430038961e-01
-9.821890368732195675e-01
-9.618116406673689056e-01
-8.540306320067876378e-01
-9.569145130862263260e-01
-1.130220337241570228e+00
-9.246195726796295755e-01
-1.831670658980044386e-01
6.802295741198954859e-01
1.115129503472234607e+00
1.041896135969703208e+00
8.656924360948200503e-01
9.066196638098212857e-01
1.008841190568772195e+00
8.308968009765723695e-01
3.988796945070604560e-01
1.507288015002106740e-01
3.839717528516065626e-01
8.301596487712020744e-01
9.342358060339600589e-01
4.999999999999943379e-01
-1.166509928823771386e-01
-4.932697953789769163e-01
-6.506845103264962127e-01
-9.237392548629435041e-01
-1.396170151185760266e+00
-1.688625410976838825e+00
-1.414082504573771715e+00
-7.115293417936844333e-01
-1.414453531433628453e-01
-5.271962600491415102e-02
-2.219052022767136201e-01
-2.088328372938970667e-01
6.075639069878478737e-02
2.530606178326040290e-01
1.545182072030481524e-01
3.303498057494327900e-02
3.190330121196969793e-01
1.010879314994789446e+00
1.597420627453846942e+00
1.625926518175220048e+00
1.200043592072222109e+00
7.837780048892892815e-01
5.932496164556662066e-01
3.820621756086808873e-01
-1.182982385079035942e-01
-7.244517879746389388e-01
-9.602292278585426999e-01
-6.631058997892244067e-01
-2.371834462399906862e-01
-1.980234817778104839e-01
-5.784593880177396619e-01
-9.464466094067253144e-01
-9.856172648320602470e-01
-8.637956750546773588e-01
-9.186760379092406836e-01
-1.111689692960546427e+00
-1.012247229634895218e+00
-3.609262513289758223e-01
5.281456791769670867e-01
1.075582098269743714e+00
1.080828411542306799e+00
8.875321183833954075e-01
8.821203719751599115e-01
1.002314011681879391e+00
8.956316183502336381e-01
4.869477497284976919e-01
1.641050394383902211e-01
3.036330306480423680e-01
7.519198923007412994e-01
9.593156579336014067e-01
6.182014955977491732e-01
-3.570573532711807455e-03
-4.437116880471632663e-01
-6.206731182149887172e-01
-8.483391669876222396e-01
-1.299467143003380842e+00
-1.668566725423034081e+00
-1.516812478073316539e+00
-8.607426410465869315e-01
-2.200373860997466013e-01
-3.544009869133663698e-02
-1.909426894835857536e-01
-2.375393037492538884e-01
-1.205312422228362506e-14
2.375393037492464221e-01
1.909426894835774269e-01
3.544009869133027402e-02
2.200373860997439646e-01
8.607426410465879307e-01
1.516812478073317427e+00
1.668566725423034525e+00
1.299467143003381508e+00
8.483391669876256813e-01
6.206731182149948234e-01
4.437116880471693725e-01
3.570573532717272701e-03
-6.182014955977434001e-01
-9.593156579335936351e-01
-7.519198923007318625e-01
-3.036330306480345964e-01
-1.641050394383864741e-01
-4.869477497284976364e-01
-8.956316183502343042e-01
-1.002314011681880945e+00
-8.821203719751629091e-01
-8.875321183834011807e-01
-1.080828411542314571e+00
-1.075582098269750375e+00
-5.281456791769720827e-01
3.609262513289716590e-01
1.012247229634889223e+00
1.111689692960538434e+00
9.186760379092343554e-01
8.637956750546740281e-01
9.856172648320585816e-01
9.464466094067242041e-01
5.784593880177401060e-01
1.980234817778135370e-01
2.371834462399978749e-01
6.631058997892026463e-01
9.602292278585510266e-01
7.244517879746333877e-01
1.182982385079092147e-01
-3.820621756086745591e-01
-5.932496164556627649e-01
-7.837780048892856177e-01
-1.200043592072238763e+00
-1.625926518175209390e+00
-1.597420627453846054e+00
-1.010879314994757028e+00
-3.190330121196989221e-01
-3.303498057494923257e-02
-1.545182072030381604e-01
-2.530606178326121891e-01
-6.075639069878935317e-02
2.088328372938896837e-01
2.219052022767056820e-01
5.271962600492107603e-02
1.414453531433593758e-01
7.115293417937144094e-01
1.414082504573748844e+00
1.688625410976839492e+00
1.396170151185743169e+00
9.237392548629465017e-01
6.506845103265017638e-01
4.932697953789835776e-01
1.166509928823827036e-01
-5.000000000000057732e-01
-9.342358060339527315e-01
-8.301596487711931927e-01
-3.839717528516266021e-01
-1.507288015002057890e-01
-3.988796945070753885e-01
-8.308968009765571594e-01
-1.008841190568773527e+00
-9.066196638098220628e-01
-8.656924360948254904e-01
-1.041896135969710757e+00
-1.115129503472237715e+00
-6.802295741199003709e-01
1.831670658980310284e-01
9.246195726796238024e-01
1.130220337241562456e+00
9.569145130862367621e-01
8.540306320067829748e-01
9.618116406673702379e-01
9.821890368732258958e-01
6.689861824430036741e-01
2.505154114791887654e-01
1.880787003968586724e-01
5.687083879327766711e-01
9.376324086282635806e-01
8.146945603268384017e-01
2.455794652199017325e-01
-3.070563849047554528e-01
-5.650887594596512020e-01
-7.300816384697677019e-01
-1.102012774901253600e+00
-1.563737030406688877e+00
-1.653553390593279326e+00
-1.156579153592356857e+00
-4.362405816243753454e-01
-4.858904680052126418e-02
-1.165049662883537313e-01
-2.550383831284087077e-01
-1.179460714257358211e-01
1.682506426419623502e-01
2.441124859672099134e-01
8.112959284609871924e-02
8.432458690274623192e-02
5.684386315762620656e-01
1.292598688936359208e+00
1.683978045976836091e+00
1.485743205933659938e+00
1.008958604688079408e+00
6.863164630131325383e-01
5.328186521438793566e-01
2.183645325786601477e-01
-3.742780390009598501e-01
-8.854918378810697766e-01
-8.933230177017837947e-01
-4.739426437596089836e-01
-1.587986222505635148e-01
-3.186818626001442500e-01
-7.543569697195151580e-01
-1.002709733880090548e+00
-9.343072046462476132e-01
-8.544306702634113515e-01
-9.992161644867758596e-01
-1.132486754666605755e+00
-8.133474951671072484e-01
