-1.1102230246251565E-16
0.8133474951670929
1.1324867546666015
0.9992161644867716
0.8544306702633988
0.9343072046462463
1.0027097338800923
0.7543569697195032
0.3186818626001447
0.15879862225055968
0.4739426437596263
0.8933230177017789
0.8854918378810702
0.3742780390009581
-0.21836453257864186
-0.5328186521438713
-0.6863164630131284
-1.0089586046880932
-1.485743205933664
-1.6839780459768396
-1.2925986889363428
-0.5684386315762687
-0.08432458690275176
-0.08112959284610603
-0.24411248596720367
-0.1682506426419741
0.11794607142572738
0.2550383831284113
0.11650496628834085
0.04858904680052151
0.4362405816243923
1.1565791535923609
1.6535533905932747
1.5637370304066818
1.1020127749012556
0.7300816384697703
0.5650887594596606
0.3070563849047672
-0.24557946521991247
-0.8146945603268364
-0.9376324086282769
-0.5687083879327498
-0.18807870039685884
-0.2505154114791944
-0.668986182443007
-0.9821890368732228
-0.9618116406673686
-0.8540306320067886
-0.9569145130862277
-1.1302203372415713
-0.9246195726796328
-0.18316706589800558
0.680229574119891
1.1151295034722342
1.0418961359696972
0.8656924360948268
0.9066196638098251
1.0088411905687744
0.8308968009765698
0.3988796945070689
0.15072880150020743
0.3839717528516014
0.830159648771202
0.9342358060339628
0.5000000000000011
-0.1166509928823769
-0.4932697953789796
-0.6506845103265003
-0.9237392548629462
-1.39617015118576
-1.6886254109768404
-1.4140825045737666
-0.7115293417936985
-0.1414453531433596
-0.05271962600491685
-0.22190520227671823
-0.208832837293893
0.06075639069879008
0.2530606178326101
0.15451820720303996
0.03303498057493908
0.31903301211969104
1.0108793149947906
1.5974206274538527
1.6259265181752185
1.2000435920722359
0.7837780048892933
0.5932496164556653
0.3820621756086749
-0.11829823850790039
-0.7244517879746324
-0.9602292278585439
-0.663105899789221
-0.23718344623998283
-0.19802348177781262
-0.5784593880177424
-0.946446609406726
-0.9856172648320614
-0.8637956750546765
-0.918676037909234
-1.1116896929605424
-1.0122472296348997
-0.36092625132899286
0.5281456791769631
1.0755820982697475
1.0808284115423141
0.8875321183833967
0.8821203719751607
1.0023140116818816
0.8956316183502354
0.4869477497284891
0.16410503943838536
0.30363303064804537
0.751919892300743
0.9593156579336051
0.6182014955977561
-0.003570573532709102
-0.44371168804717265
-0.6206731182149898
-0.8483391669876282
-1.2994671430033748
-1.6685667254230387
-1.51681247807332
-0.8607426410465762
-0.22003738609975576
-0.035440098691334854
-0.19094268948358084
-0.23753930374925183
-1.1755371310541407E-15
0.23753930374924848
0.19094268948357726
0.03544009869133229
0.22003738609975196
0.8607426410465745
1.5168124780733168
1.668566725423034
1.2994671430033717
0.8483391669876295
0.6206731182149874
0.44371168804717365
0.003570573532714348
-0.6182014955977527
-0.9593156579336005
-0.7519198923007413
-0.30363303064804237
-0.16410503943838398
-0.48694774972848937
-0.8956316183502351
-1.002314011681881
-0.8821203719751595
-0.8875321183833977
-1.0808284115423183
-1.075582098269749
-0.5281456791769578
0.36092625132899464
1.0122472296348957
1.111689692960536
0.9186760379092374
0.8637956750546747
0.9856172648320586
0.9464466094067249
0.5784593880177418
0.19802348177781376
0.23718344623998505
0.6631058997892306
0.960229227858542
0.7244517879746307
0.11829823850790562
-0.38206217560867434
-0.5932496164556624
-0.7837780048892877
-1.2000435920722345
-1.625926518175215
-1.5974206274538472
-1.0108793149947892
-0.3190330121196885
-0.03303498057493852
-0.15451820720304765
-0.25306061783261635
-0.06075639069878834
0.20883283729389057
0.22190520227671612
0.05271962600491432
0.1414453531433564
0.7115293417937003
1.414082504573762
1.688625410976842
1.3961701511857605
0.923739254862945
0.6506845103265052
0.4932697953789816
0.11665099288238076
-0.49999999999999156
-0.9342358060339616
-0.8301596487712034
-0.3839717528516007
-0.15072880150020687
-0.39887969450706645
-0.830896800976565
-1.0088411905687735
-0.9066196638098261
-0.8656924360948295
-1.0418961359697008
-1.1151295034722337
-0.6802295741198923
0.18316706589799497
0.9246195726796326
1.1302203372415718
0.9569145130862232
0.8540306320067893
0.9618116406673675
0.982189036873219
0.6689861824430036
0.2505154114791964
0.188078700396852
0.5687083879327688
0.9376324086282872
0.8146945603268377
0.2455794652199194
-0.30705638490475773
-0.5650887594596599
-0.7300816384697686
-1.1020127749012563
-1.5637370304066782
-1.6535533905932722
-1.156579153592357
-0.4362405816243957
-0.048589046800524206
-0.11650496628835112
-0.2550383831284179
-0.11794607142573348
0.16825064264197245
0.2441124859672064
0.08112959284610088
0.08432458690275116
0.5684386315762632
1.2925986889363343
1.6839780459768434
1.4857432059336642
1.0089586046880954
0.6863164630131322
0.5328186521438782
0.21836453257864055
-0.37427803900095546
-0.8854918378810713
-0.8933230177017889
-0.47394264375961315
-0.15879862225055877
-0.3186818626001426
-0.7543569697194983
-1.002709733880097
-0.9343072046462493
-0.8544306702634004
-0.9992161644867706
-1.1324867546666122
-0.8133474951670902
-1.3688809002440465E-15
0.8133474951670848
1.1324867546666049
0.9992161644867631
0.8544306702633948
0.9343072046462452
1.0027097338800937
0.7543569697194967
0.3186818626001456
0.15879862225055782
0.4739426437596181
0.8933230177017932
0.8854918378810743
0.3742780390009653
-0.21836453257864327
-0.5328186521438731
-0.6863164630131278
-1.008958604688093
-1.4857432059336606
-1.6839780459768412
-1.2925986889363308
-0.5684386315762625
-0.08432458690275399
-0.08112959284610613
-0.2441124859672185
-0.1682506426419706
0.1179460714257285
0.2550383831284123
0.1165049662883458
0.04858904680051617
0.43624058162439866
1.1565791535923589
1.6535533905932716
1.563737030406677
1.1020127749012558
0.7300816384697759
0.5650887594596575
0.3070563849047616
-0.24557946521991525
-0.8146945603268325
-0.9376324086282739
-0.5687083879327678
-0.18807870039685243
-0.25051541147919554
-0.6689861824430042
-0.9821890368732201
-0.9618116406673702
-0.8540306320067882
-0.9569145130862279
-1.1302203372415718
-0.9246195726796306
-0.18316706589800438
0.6802295741198965
1.1151295034722364
1.041896135969705
0.8656924360948212
0.9066196638098224
1.0088411905687729
0.8308968009765727
0.39887969450706046
0.15072880150021076
0.3839717528516069
0.8301596487712033
0.9342358060339618
0.49999999999999517
-0.11665099288237653
-0.49326979537897686
-0.6506845103264964
-0.9237392548629445
-1.396170151185761
-1.6886254109768402
-1.4140825045737722
-0.7115293417936847
-0.14144535314336232
-0.052719626004913325
-0.22190520227671298
-0.20883283729389696
0.06075639069878469
0.25306061783260353
0.15451820720304757
0.03303498057494258
0.319033012119697
1.0108793149947903
1.5974206274538492
1.6259265181752227
1.2000435920722243
0.7837780048892905
0.593249616455667
0.38206217560868133
-0.11829823850790426
-0.7244517879746404
-0.9602292278585441
-0.6631058997892255
-0.23718344623999082
-0.19802348177781087
-0.5784593880177402
-0.946446609406726
-0.9856172648320617
-0.8637956750546788
-0.9186760379092423
-1.1116896929605484
-1.012247229634897
-0.3609262513289765
0.5281456791769679
1.0755820982697455
1.0808284115423088
0.8875321183833974
0.8821203719751615
1.0023140116818814
0.895631618350235
0.48694774972849886
0.16410503943839058
0.30363303064804303
0.7519198923007429
0.9593156579336035
0.6182014955977507
-0.0035705735327118764
-0.4437116880471644
-0.6206731182149904
-0.8483391669876246
-1.2994671430033842
-1.668566725423038
-1.51681247807332
-0.8607426410465889
-0.22003738609974743
-0.03544009869133697
-0.1909426894835867
-0.23753930374925483
-1.2053124222283625E-14
0.23753930374924642
0.19094268948357762
0.035440098691330274
0.22003738609974413
0.8607426410465879
1.5168124780733179
1.6685667254230345
1.299467143003382
0.8483391669876259
0.6206731182149949
0.44371168804716954
0.003570573532717348
-0.6182014955977436
-0.9593156579335939
-0.7519198923007319
-0.3036330306480348
-0.16410503943838664
-0.4869477497284982
-0.8956316183502353
-1.0023140116818818
-0.8821203719751637
-0.8875321183834021
-1.0808284115423155
-1.0755820982697515
-0.5281456791769724
0.36092625132897205
1.01224722963489
1.1116896929605393
0.9186760379092354
0.8637956750546747
0.9856172648320592
0.9464466094067249
0.5784593880177403
0.19802348177781384
0.23718344623999815
0.6631058997892033
0.960229227858552
0.7244517879746338
0.11829823850790927
-0.38206217560867517
-0.5932496164556635
-0.7837780048892864
-1.20004359207224
-1.6259265181752114
-1.5974206274538478
-1.0108793149947577
-0.3190330121196989
-0.0330349805749492
-0.15451820720303822
-0.2530606178326126
-0.06075639069878974
0.20883283729388966
0.22190520227670574
0.05271962600492113
0.14144535314335963
0.7115293417937155
1.4140825045737508
1.688625410976842
1.3961701511857456
0.9237392548629482
0.6506845103265027
0.49326979537898424
0.11665099288238293
-0.5000000000000064
-0.9342358060339536
-0.8301596487711934
-0.38397175285162644
-0.15072880150020557
-0.39887969450707494
-0.8308968009765575
-1.008841190568774
-0.9066196638098231
-0.8656924360948265
-1.041896135969712
-1.115129503472239
-0.680229574119901
0.1831670658980312
0.9246195726796247
1.1302203372415631
0.9569145130862383
0.8540306320067842
0.9618116406673713
0.982189036873227
0.6689861824430042
0.2505154114791889
0.188078700396859
0.5687083879327778
0.9376324086282654
0.8146945603268397
0.24557946521990248
-0.30705638490475573
-0.565088759459652
-0.7300816384697686
-1.1020127749012554
-1.563737030406691
-1.653553390593281
-1.1565791535923586
-0.4362405816243758
-0.04858904680052122
-0.1165049662883539
-0.255038383128409
-0.11794607142573597
0.16825064264196238
0.2441124859672102
0.08112959284609876
0.08432458690274643
0.5684386315762633
1.2925986889363617
1.683978045976839
1.4857432059336626
1.008958604688081
0.6863164630131338
0.5328186521438802
0.21836453257866045
-0.37427803900096085
-0.8854918378810716
-0.8933230177017858
-0.47394264375961015
-0.1587986222505639
-0.3186818626001451
-0.7543569697195172
-1.0027097338800932
-0.9343072046462498
-0.8544306702634137
-0.9992161644867782
-1.1324867546666082
-0.8133474951671089
