-1.6850598171984114E-17
0.45617730643951887
0.8278994681996354
1.0579500047606953
1.1336175079370316
1.0877852522924707
0.9837397883885212
0.8897047850747152
0.8529035967597038
0.8829999739657498
0.9510565162951519
1.0041143292289552
0.9894510571705791
0.8788351861293419
0.6830945682688525
0.4510565162951527
0.2529632186307003
0.15450247342599502
0.19130366174100666
0.3537030330534723
0.587785252292472
0.8125977469769301
0.9473341337194593
0.938515339240873
0.7771970673996216
0.4999999999999987
0.17385944889552915
-0.12949834486592682
-0.3595488814269868
-0.503580752601983
-0.5877852522924721
-0.6627200274284197
-0.7790889140334784
-0.9635194678009426
-1.2040197349258537
-1.451056516295152
-1.6341510845640053
-1.687852180504289
-1.5772363094630522
-1.3131313236039028
-0.9510565162951524
-0.5739829795908019
-0.2651183444672313
-0.08068779069976911
-0.03268327209337012
-0.08778525229247301
-0.1825609916418799
-0.24893301038574964
-0.24011421590716403
-0.14716031206457267
-2.833729422925382E-17
0.14716031206457245
0.2401142159071636
0.24893301038574894
0.18256099164188017
0.08778525229247199
0.0326832720933701
0.08068779069976958
0.2651183444672321
0.5739829795908049
0.9510565162951523
1.3131313236039044
1.577236309463053
1.6878521805042903
1.6341510845640037
1.4510565162951494
1.2040197349258492
0.9635194678009399
0.7790889140334768
0.6627200274284187
0.5877852522924721
0.5035807526019817
0.35954888142698593
0.12949834486592868
-0.17385944889552857
-0.49999999999999933
-0.7771970673996202
-0.9385153392408726
-0.9473341337194583
-0.8125977469769285
-0.5877852522924728
-0.35370303305347234
-0.19130366174100485
-0.15450247342599566
-0.25296321863070154
-0.4510565162951532
-0.6830945682688544
-0.8788351861293445
-0.9894510571705791
-1.0041143292289556
-0.9510565162951526
-0.8829999739657503
-0.8529035967597043
-0.8897047850747167
-0.9837397883885212
-1.0877852522924727
-1.1336175079370323
-1.0579500047606962
-0.8278994681996351
-0.4561773064395182
1.9758012442550822E-15
0.45617730643952026
0.8278994681996377
1.0579500047606971
1.1336175079370305
1.0877852522924711
0.98373978838852
0.889704785074717
0.8529035967597043
0.8829999739657503
0.9510565162951524
1.0041143292289558
0.9894510571705806
0.8788351861293431
0.6830945682688517
0.4510565162951508
0.252963218630701
0.15450247342599527
0.19130366174100719
0.35370303305347645
0.5877852522924714
0.8125977469769315
0.9473341337194612
0.9385153392408743
0.7771970673996228
0.5000000000000003
0.1738594488955306
-0.12949834486592848
-0.35954888142698693
-0.5035807526019823
-0.5877852522924709
-0.662720027428418
-0.77908891403348
-0.963519467800941
-1.204019734925853
-1.451056516295152
-1.6341510845640062
-1.6878521805042876
-1.5772363094630495
-1.313131323603898
-0.9510565162951461
-0.5739829795907949
-0.2651183444672301
-0.08068779069976843
-0.03268327209337162
-0.08778525229247347
-0.18256099164187792
-0.24893301038574991
-0.2401142159071662
-0.14716031206457222
-5.345395892196396E-16
0.14716031206457073
0.24011421590716223
0.24893301038574725
0.18256099164187908
0.0877852522924703
0.03268327209336933
0.08068779069976789
0.2651183444672334
0.5739829795908064
0.9510565162951493
1.313131323603902
1.5772363094630526
1.687852180504289
1.634151084564003
1.4510565162951523
1.204019734925851
0.963519467800939
0.779088914033477
0.6627200274284196
0.5877852522924731
0.503580752601981
0.3595488814269847
0.1294983448659233
-0.17385944889553567
-0.500000000000004
-0.7771970673996198
-0.9385153392408715
-0.9473341337194606
-0.8125977469769338
-0.5877852522924745
-0.3537030330534721
-0.19130366174100408
-0.1545024734259939
-0.2529632186306999
-0.4510565162951527
-0.6830945682688538
-0.8788351861293447
-0.98945105717058
-1.0041143292289563
-0.9510565162951533
-0.8829999739657515
-0.8529035967597038
-0.8897047850747143
-0.9837397883885219
-1.0877852522924731
-1.1336175079370343
-1.0579500047606936
-0.8278994681996344
-0.45617730643951626
4.233181250471129E-15
0.4561773064395271
0.8278994681996376
1.0579500047606964
1.1336175079370296
1.0877852522924691
0.9837397883885175
0.889704785074711
0.8529035967597018
0.882999973965748
0.9510565162951519
1.0041143292289547
0.9894510571705782
0.8788351861293466
0.6830945682688568
0.4510565162951558
0.2529632186307021
0.15450247342599635
0.1913036617410067
0.3537030330534754
0.5877852522924784
0.8125977469769372
0.9473341337194632
0.9385153392408725
0.7771970673996229
0.5000000000000009
0.17385944889553143
-0.12949834486592923
-0.35954888142698804
-0.5035807526019824
-0.5877852522924707
-0.6627200274284206
-0.7790889140334788
-0.963519467800941
-1.204019734925853
-1.4510565162951539
-1.634151084564007
-1.687852180504289
-1.577236309463048
-1.3131313236038937
-0.9510565162951564
-0.5739829795908054
-0.2651183444672332
-0.08068779069977126
-0.03268327209337167
-0.08778525229247763
-0.18256099164187783
-0.2489330103857503
-0.24011421590716328
-0.14716031206457272
-1.081617111708464E-15
0.1471603120645707
0.24011421590716064
0.24893301038574767
0.182560991641875
0.08778525229247783
0.03268327209337216
0.08068779069976983
0.2651183444672324
0.5739829795908045
0.9510565162951553
1.3131313236039064
1.5772363094630553
1.6878521805042883
1.6341510845639995
1.4510565162951503
1.204019734925851
0.9635194678009392
0.7790889140334776
0.6627200274284198
0.5877852522924739
0.5035807526019842
0.3595488814269804
0.12949834486591708
-0.17385944889553354
-0.5000000000000028
-0.7771970673996244
-0.9385153392408734
-0.9473341337194547
-0.8125977469769203
-0.5877852522924595
-0.35370303305346407
-0.19130366174100077
-0.15450247342599546
-0.2529632186307031
-0.451056516295157
-0.6830945682688581
-0.8788351861293467
-0.9894510571705819
-1.0041143292289554
-0.9510565162951523
-0.8829999739657509
-0.8529035967597036
-0.8897047850747137
-0.9837397883885207
-1.087785252292472
-1.1336175079370359
-1.0579500047607022
-0.8278994681996361
-0.45617730643951826
2.153788468851494E-15
0.4561773064395085
0.8278994681996292
1.0579500047606925
1.1336175079370305
1.0877852522924691
0.9837397883885188
0.8897047850747158
0.8529035967597043
0.8829999739657509
0.9510565162951532
1.0041143292289558
0.9894510571705811
0.8788351861293445
0.6830945682688542
0.4510565162951518
0.25296321863069937
0.1545024734259956
0.19130366174101074
0.35370303305348166
0.5877852522924687
0.812597746976929
0.9473341337194608
0.9385153392408757
0.7771970673996175
0.49999999999999395
0.1738594488955246
-0.12949834486593143
-0.35954888142698893
-0.5035807526019819
-0.5877852522924707
-0.6627200274284174
-0.7790889140334816
-0.9635194678009448
-1.2040197349258575
-1.451056516295156
-1.6341510845640088
-1.6878521805042872
-1.577236309463043
-1.3131313236039008
-0.9510565162951493
-0.5739829795907968
-0.2651183444672262
-0.0806877906997664
-0.03268327209337136
-0.08778525229247847
-0.18256099164188774
-0.2489330103857567
-0.2401142159071679
-0.14716031206457317
6.078892401757609E-15
0.14716031206457694
0.24011421590716175
0.24893301038574756
0.1825609916418767
0.08778525229246817
0.03268327209336929
0.0806877906997641
0.26511834446722726
0.5739829795907967
0.9510565162951466
1.3131313236038995
1.5772363094630513
1.6878521805042892
1.6341510845640053
1.4510565162951508
1.2040197349258608
0.9635194678009444
0.7790889140334806
0.6627200274284206
0.587785252292474
0.5035807526019852
0.35954888142698976
0.12949834486592876
-0.17385944889552973
-0.4999999999999905
-0.777197067399622
-0.9385153392408744
-0.9473341337194601
-0.8125977469769289
-0.5877852522924687
-0.3537030330534669
-0.19130366174100077
-0.15450247342599224
-0.2529632186307045
-0.45105651629515137
-0.6830945682688516
-0.8788351861293419
-0.9894510571705792
-1.004114329228955
-0.9510565162951514
-0.8829999739657503
-0.8529035967597078
-0.8897047850747183
-0.983739788388528
-1.08778525229247
-1.1336175079370316
-1.0579500047606951
-0.8278994681996328
-0.45617730643951276
8.37823576282737E-15
0.4561773064395342
0.8278994681996474
1.0579500047607002
1.1336175079370336
1.0877852522924703
0.9837397883885187
0.8897047850747123
0.8529035967597022
0.8829999739657496
0.9510565162951553
1.0041143292289563
0.9894510571705762
0.8788351861293408
0.6830945682688396
0.45105651629514804
0.25296321863069243
0.15450247342599702
0.1913036617410104
0.35370303305346
0.5877852522924762
0.8125977469769223
0.9473341337194657
0.9385153392408764
0.7771970673996236
0.500000000000007
0.17385944889554678
-0.12949834486592715
-0.3595488814269834
-0.5035807526019814
-0.5877852522924714
-0.6627200274284175
-0.779088914033476
-0.9635194678009449
-1.2040197349258503
-1.4510565162951592
-1.6341510845640073
-1.6878521805042919
-1.5772363094630497
-1.3131313236039102
-0.9510565162951439
-0.5739829795908085
-0.2651183444672268
-0.080687790699772
-0.032683272093373794
-0.08778525229247408
-0.18256099164187403
-0.24893301038575366
-0.24011421590716323
-0.14716031206457345
-2.308430537585241E-15
0.1471603120645694
0.24011421590715984
0.24893301038574386
0.18256099164187833
0.08778525229247837
0.03268327209336755
0.08068779069976896
0.26511834446723886
0.5739829795908019
0.9510565162951683
1.3131313236039042
1.5772363094630621
1.6878521805042883
1.6341510845640066
1.4510565162951445
1.2040197349258535
0.9635194678009346
0.779088914033479
0.6627200274284211
0.5877852522924688
0.5035807526019794
0.3595488814269819
0.12949834486591258
-0.17385944889554017
-0.5000000000000004
-0.7771970673996277
-0.9385153392408728
-0.9473341337194471
-0.8125977469769283
-0.5877852522924766
-0.35370303305348794
-0.19130366174100535
-0.1545024734259943
-0.25296321863069865
-0.4510565162951445
-0.6830945682688545
-0.8788351861293385
-0.9894510571705815
-1.0041143292289558
-0.9510565162951519
-0.8829999739657511
-0.8529035967597036
-0.8897047850747201
-0.9837397883885203
-1.0877852522924805
-1.1336175079370308
-1.057950004760696
-0.8278994681996388
-0.4561773064395082
-1.4893268960651309E-15
0.45617730643950544
0.8278994681996358
1.0579500047606916
1.133617507937026
1.087785252292476
0.9837397883885161
0.8897047850747167
0.8529035967597014
0.8829999739657505
0.9510565162951536
1.004114329228956
0.9894510571705801
0.8788351861293376
0.6830945682688536
0.45105651629514637
0.25296321863069987
0.1545024734260008
0.19130366174100952
0.353703033053488
0.5877852522924826
0.8125977469769211
0.9473341337194688
0.9385153392408703
0.777197067399622
0.4999999999999964
0.17385944889551108
-0.12949834486592934
-0.35954888142699715
-0.5035807526019808
-0.5877852522924764
-0.6627200274284168
-0.7790889140334806
-0.9635194678009467
-1.2040197349258561
-1.451056516295166
-1.6341510845640075
-1.6878521805042865
-1.5772363094630455
-1.3131313236039024
-0.9510565162951369
-0.5739829795907997
-0.2651183444672236
-0.08068779069976727
-0.03268327209337079
-0.08778525229247797
-0.18256099164188988
-0.24893301038575663
-0.2401142159071583
-0.14716031206457408
4.880518360279674E-15
0.14716031206456906
0.2401142159071652
0.24893301038574758
0.18256099164187478
0.08778525229246331
0.03268327209336507
0.08068779069977683
0.26511834446724236
0.5739829795908108
0.9510565162951757
1.3131313236039128
1.5772363094630681
1.687852180504291
1.6341510845639953
1.4510565162951428
1.2040197349258301
0.9635194678009328
0.7790889140334742
0.6627200274284218
0.5877852522924701
0.5035807526019741
0.3595488814269815
0.1294983448659036
-0.17385944889554336
-0.500000000000028
-0.7771970673996281
-0.938515339240867
-0.9473341337194592
-0.8125977469769364
-0.5877852522924694
-0.35370303305347633
-0.19130366174101818
-0.15450247342598958
-0.252963218630691
-0.45105651629514526
-0.6830945682688395
-0.8788351861293413
-0.9894510571705762
-1.004114329228955
-0.9510565162951554
-0.8829999739657509
-0.852903596759709
-0.8897047850747092
-0.9837397883885289
-1.0877852522924667
-1.1336175079370319
-1.0579500047607049
-0.8278994681996356
-0.45617730643953713
4.6281167049486686E-15
0.4561773064395032
0.8278994681996213
1.057950004760685
1.133617507937032
1.0877852522924716
0.983739788388524
0.8897047850747128
0.8529035967597011
0.8829999739657493
0.9510565162951486
1.0041143292289545
0.9894510571705789
0.8788351861293493
0.6830945682688506
0.4510565162951606
0.2529632186306984
0.15450247342599885
0.19130366174101346
0.35370303305347733
0.5877852522924899
0.8125977469769281
0.9473341337194571
0.9385153392408719
0.7771970673996308
0.4999999999999938
0.17385944889554023
-0.12949834486593204
-0.3595488814269789
-0.5035807526019809
-0.5877852522924757
-0.6627200274284173
-0.7790889140334827
-0.9635194678009364
-1.2040197349258603
-1.4510565162951494
-1.6341510845640115
-1.6878521805042894
-1.5772363094630435
-1.3131313236038982
-0.9510565162951609
-0.5739829795907933
-0.2651183444672368
-0.08068779069976684
-0.032683272093374155
-0.08778525229248181
-0.1825609916418884
-0.24893301038575966
-0.24011421590715987
-0.1471603120645745
5.0175077851758365E-15
0.14716031206456845
0.24011421590716328
0.24893301038574434
0.18256099164187006
0.08778525229246475
0.03268327209336294
0.0806877906997742
0.2651183444672453
0.5739829795908159
0.9510565162951501
1.3131313236039173
1.5772363094630528
1.6878521805042905
1.6341510845640015
1.451056516295138
1.2040197349258435
0.9635194678009298
0.7790889140334728
0.6627200274284217
0.5877852522924711
0.5035807526019864
0.3595488814269802
0.12949834486591458
-0.17385944889554658
-0.5000000000000134
-0.7771970673996303
-0.9385153392408773
-0.9473341337194561
-0.8125977469769159
-0.5877852522924633
-0.3537030330534541
-0.19130366174100702
-0.15450247342599338
-0.25296321863070825
-0.4510565162951705
-0.6830945682688649
-0.8788351861293582
-0.9894510571705841
-1.0041143292289567
-0.9510565162951493
-0.8829999739657461
-0.8529035967597097
-0.8897047850747181
-0.9837397883885418
-1.0877852522924774
-1.133617507937045
-1.0579500047606893
-0.827899468199633
-0.4561773064394911
2.4706708502695786E-14
0.4561773064395502
0.8278994681996554
1.0579500047607022
1.1336175079370283
1.087785252292472
0.9837397883885188
0.8897047850747223
0.8529035967596992
0.8829999739657479
0.9510565162951483
1.0041143292289538
0.9894510571705836
0.8788351861293459
0.6830945682688672
0.4510565162951568
0.25296321863070576
0.1545024734259996
0.19130366174100022
0.35370303305348305
0.5877852522924653
0.8125977469769462
0.9473341337194604
0.9385153392408833
0.7771970673996287
0.5000000000000078
0.17385944889553695
-0.12949834486592035
-0.3595488814269796
-0.5035807526019805
-0.587785252292463
-0.6627200274284164
-0.7790889140334674
-0.9635194678009386
-1.204019734925845
-1.4510565162951519
-1.6341510845640013
-1.6878521805042876
-1.5772363094630555
-1.3131313236038944
-0.9510565162951558
-0.573982979590822
-0.26511834446723376
-0.08068779069976971
-0.03268327209337619
-0.08778525229246859
-0.1825609916418926
-0.24893301038574944
-0.24011421590717572
-0.1471603120645751
-1.2040476732145788E-14
0.14716031206456803
0.24011421590716805
0.24893301038574142
0.1825609916418845
0.08778525229246109
0.032683272093370005
0.08068779069976537
0.26511834446723187
0.573982979590822
0.9510565162951573
1.3131313236038966
1.5772363094630575
1.6878521805042894
1.634151084564004
1.4510565162951534
1.2040197349258472
0.9635194678009421
0.7790889140334706
0.6627200274284213
0.5877852522924683
0.5035807526019861
0.35954888142698543
0.1294983448659259
-0.17385944889553154
-0.5000000000000021
-0.7771970673996218
-0.9385153392408757
-0.9473341337194515
-0.812597746976937
-0.5877852522924559
-0.35370303305347484
-0.19130366174099378
-0.1545024734259953
-0.25296321863070376
-0.4510565162951566
-0.6830945682688684
-0.8788351861293471
-0.9894510571705847
-1.0041143292289558
-0.9510565162951509
-0.8829999739657519
-0.8529035967597047
-0.8897047850747293
-0.9837397883885272
-1.0877852522924807
-1.1336175079370372
-1.0579500047606885
-0.82789946819963
-0.4561773064395129
1.657436807293563E-14
0.45617730643952764
0.8278994681996577
1.0579500047606984
1.13361750793703
1.0877852522924634
0.9837397883885077
0.8897047850747063
0.8529035967597061
0.8829999739657491
0.9510565162951542
1.0041143292289578
0.9894510571705771
0.878835186129329
0.6830945682688435
0.4510565162951323
0.2529632186306951
0.15450247342599308
0.19130366174100438
0.3537030330535063
0.5877852522924927
0.8125977469769409
0.947334133719452
0.9385153392408777
0.7771970673996045
0.49999999999998795
0.1738594488955196
-0.12949834486592313
-0.35954888142700014
-0.5035807526019922
-0.5877852522924737
-0.662720027428427
-0.7790889140334891
-0.9635194678009267
-1.2040197349258233
-1.4510565162951534
-1.6341510845639995
-1.6878521805042888
-1.577236309463067
-1.3131313236038875
-0.9510565162951484
-0.5739829795908159
-0.2651183444672472
-0.08068779069978159
-0.03268327209337862
-0.08778525229247248
-0.1825609916418785
-0.24893301038573903
-0.24011421590717733
-0.1471603120645754
-1.1849101386948401E-14
0.14716031206456734
0.24011421590715845
0.2489330103857378
0.1825609916418798
0.08778525229247394
0.032683272093377076
0.08068779069976585
0.2651183444672351
0.5739829795907937
0.9510565162951318
1.3131313236038715
1.5772363094630604
1.6878521805042896
1.6341510845640097
1.4510565162951652
1.2040197349258424
0.9635194678009382
0.7790889140334859
0.662720027428422
0.5877852522924845
0.5035807526019873
0.35954888142698466
0.12949834486593714
-0.1738594488955168
-0.5000000000000054
-0.7771970673996238
-0.9385153392408645
-0.9473341337194651
-0.8125977469768912
-0.5877852522924497
-0.35370303305346923
-0.19130366174100716
-0.1545024734259978
-0.25296321863070564
-0.45105651629516036
-0.6830945682688515
-0.878835186129337
-0.9894510571705872
-1.0041143292289567
-0.9510565162951513
-0.8829999739657531
-0.8529035967597007
-0.8897047850747329
-0.9837397883885322
-1.0877852522924802
-1.1336175079370288
-1.057950004760687
-0.8278994681996259
-0.456177306439507
-8.867102569243813E-15
0.45617730643950505
0.8278994681996465
1.0579500047606973
1.1336175079370243
1.087785252292476
0.9837397883885033
0.889704785074703
0.8529035967597038
0.8829999739657477
0.9510565162951506
1.004114329228954
0.9894510571705756
0.8788351861293405
0.6830945682688575
0.4510565162951288
0.25296321863069315
0.15450247342599388
0.19130366174100802
0.35370303305345774
0.5877852522925104
0.8125977469769461
0.9473341337194685
0.9385153392408722
0.7771970673996026
0.4999999999999849
0.17385944889551647
-0.12949834486592499
-0.359548881426988
-0.5035807526019792
-0.5877852522924724
-0.6627200274284158
-0.7790889140334784
-0.9635194678009648
-1.2040197349258703
-1.451056516295162
-1.6341510845640053
-1.6878521805042839
-1.5772363094630322
-1.3131313236038806
-0.9510565162951387
-0.5739829795908049
-0.2651183444672032
-0.08068779069976606
-0.03268327209337057
-0.0877852522924765
-0.18256099164190678
-0.24893301038576976
-0.24011421590716572
-0.147160312064562
2.3520623737554277E-15
0.14716031206458152
0.24011421590715828
0.24893301038574822
0.18256099164187622
0.08778525229244788
0.032683272093355954
0.08068779069977518
0.2651183444672461
0.5739829795908057
0.9510565162951368
1.3131313236038757
1.5772363094630286
1.687852180504289
1.6341510845640068
1.4510565162951652
1.2040197349258746
0.963519467800935
0.779088914033484
0.6627200274284217
0.587785252292479
0.5035807526019872
0.35954888142699715
0.12949834486593498
-0.17385944889550578
-0.49999999999997385
-0.7771970673996254
-0.9385153392408628
-0.947334133719461
-0.8125977469769396
-0.5877852522924422
-0.3537030330534525
-0.19130366174100302
-0.15450247342599663
-0.25296321863068844
-0.45105651629516336
-0.6830945682688548
-0.8788351861293393
-0.9894510571705762
-1.004114329228956
-0.9510565162951548
-0.8829999739657527
-0.852903596759701
-0.8897047850747082
-0.9837397883885353
-1.087785252292483
-1.1336175079370323
-1.0579500047607073
-0.8278994681996236
-0.4561773064395164
-1.6560399574731777E-18
1.3911500088060675E-16
1.418759661583056E-16
1.8693711878594983E-16
4.5132466051313923E-17
6.068447510226828E-17
4.0510311709102364E-17
1.3833524144098183E-16
8.459490944163525E-17
8.024482404632075E-17
1.4523670950916554E-16
1.4972056203103673E-16
9.154396795044811E-17
9.233613177832431E-17
2.186059808749206E-17
9.4872802752469E-17
8.25044794266316E-17
1.240662234483402E-16
7.291773501880844E-17
1.2179710230424272E-16
1.5140480417616192E-16
1.8488908491838874E-16
1.8864643841265733E-16
1.5551926595980356E-16
