6.245004513516506E-17
0.55990821557874
0.9625703849682213
1.1280623003511545
1.087785252292473
0.9569145130862267
0.8625703849682211
0.8702162060149484
0.9510565162951536
1.0084786587685575
0.9464466094067259
0.7378806086954584
0.45105651629515375
0.2169347235767601
0.15546360378167384
0.3036330306480385
0.5877852522924731
0.8574642502780563
0.9625703849682212
0.8305062656518386
0.4999999999999997
0.09337326685944829
-0.2554636037816739
-0.4747808179129664
-0.5877852522924734
-0.6863164630131285
-0.8625703849682217
-1.1408142560880479
-1.4510565162951552
-1.6617601412067458
-1.6535533905932742
-1.3911620911336466
-0.9510565162951544
-0.48753277364985903
-0.1554636037816737
-0.03303498057493939
-0.087785252292473
-0.20418276783986775
-0.25546360378167393
-0.1772247832136504
3.0074487932400558E-18
0.17722478321365115
0.2554636037816736
0.20418276783986813
0.08778525229247224
0.03303498057494004
0.15546360378167415
0.4875327736498598
0.9510565162951531
1.3911620911336489
1.6535533905932747
1.6617601412067464
1.4510565162951534
1.1408142560880474
0.8625703849682209
0.6863164630131281
0.5877852522924739
0.47478081791296556
0.2554636037816739
-0.09337326685944652
-0.5000000000000006
-0.8305062656518376
-0.9625703849682211
-0.8574642502780565
-0.5877852522924738
-0.30363303064803765
-0.15546360378167348
-0.21693472357676086
-0.4510565162951537
-0.7378806086954606
-0.9464466094067268
-1.0084786587685572
-0.9510565162951541
-0.8702162060149493
-0.8625703849682215
-0.9569145130862268
-1.0877852522924738
-1.1280623003511538
-0.9625703849682211
-0.5599082155787398
1.979970653386879E-15
0.5599082155787414
0.9625703849682234
1.1280623003511543
1.0877852522924725
0.9569145130862261
0.8625703849682217
0.870216206014948
0.9510565162951542
1.0084786587685577
0.9464466094067268
0.7378806086954603
0.4510565162951517
0.21693472357676016
0.1554636037816739
0.3036330306480383
0.587785252292472
0.8574642502780546
0.962570384968223
0.8305062656518398
0.5000000000000007
0.09337326685944855
-0.2554636037816741
-0.47478081791296506
-0.5877852522924729
-0.686316463013129
-0.8625703849682221
-1.1408142560880512
-1.4510565162951565
-1.6617601412067469
-1.6535533905932744
-1.3911620911336413
-0.9510565162951484
-0.4875327736498556
-0.15546360378167207
-0.033034980574940566
-0.08778525229247397
-0.2041827678398699
-0.2554636037816752
-0.17722478321365182
-3.7389537355962717E-16
0.17722478321365076
0.2554636037816719
0.20418276783986794
0.08778525229247067
0.033034980574939816
0.15546360378167473
0.4875327736498578
0.9510565162951512
1.3911620911336502
1.6535533905932747
1.6617601412067455
1.451056516295154
1.1408142560880432
0.8625703849682191
0.6863164630131268
0.587785252292474
0.47478081791296567
0.2554636037816707
-0.09337326685945295
-0.5000000000000042
-0.830506265651834
-0.9625703849682185
-0.8574642502780551
-0.5877852522924749
-0.3036330306480419
-0.1554636037816714
-0.2169347235767599
-0.4510565162951535
-0.7378806086954576
-0.9464466094067256
-1.008478658768558
-0.9510565162951544
-0.870216206014949
-0.8625703849682202
-0.9569145130862309
-1.0877852522924762
-1.128062300351155
-0.9625703849682208
-0.559908215578733
4.0245584642661925E-15
0.559908215578743
0.9625703849682229
1.1280623003511545
1.0877852522924714
0.9569145130862238
0.8625703849682208
0.8702162060149481
0.9510565162951541
1.0084786587685575
0.9464466094067271
0.7378806086954609
0.45105651629515686
0.21693472357676188
0.15546360378167803
0.3036330306480449
0.5877852522924791
0.8574642502780594
0.9625703849682214
0.8305062656518403
0.5000000000000019
0.09337326685944988
-0.25546360378167327
-0.4747808179129685
-0.5877852522924719
-0.6863164630131288
-0.8625703849682241
-1.1408142560880505
-1.4510565162951565
-1.661760141206747
-1.6535533905932753
-1.3911620911336362
-0.9510565162951572
-0.48753277364986414
-0.1554636037816772
-0.03303498057493955
-0.08778525229247765
-0.20418276783987077
-0.25546360378167765
-0.17722478321365243
-1.1911814177057076E-15
0.17722478321365298
0.2554636037816748
0.20418276783986233
0.08778525229247763
0.033034980574938685
0.15546360378167423
0.4875327736498497
0.9510565162951573
1.391162091133637
1.6535533905932744
1.6617601412067466
1.4510565162951539
1.140814256088051
0.8625703849682155
0.6863164630131301
0.5877852522924754
0.47478081791296706
0.2554636037816715
-0.09337326685945144
-0.5000000000000032
-0.8305062656518347
-0.9625703849682204
-0.8574642502780561
-0.5877852522924606
-0.3036330306480426
-0.1554636037816714
-0.21693472357676286
-0.45105651629515786
-0.7378806086954609
-0.9464466094067326
-1.008478658768558
-0.9510565162951545
-0.8702162060149488
-0.8625703849682245
-0.9569145130862323
-1.0877852522924745
-1.128062300351154
-0.9625703849682277
-0.5599082155787379
2.4173981574368573E-15
0.5599082155787416
0.9625703849682224
1.1280623003511534
1.0877852522924707
0.9569145130862227
0.8625703849682214
0.870216206014951
0.9510565162951545
1.0084786587685575
0.9464466094067254
0.7378806086954572
0.4510565162951524
0.21693472357675586
0.15546360378167526
0.30363303064804575
0.58778525229247
0.8574642502780518
0.9625703849682239
0.8305062656518464
0.4999999999999952
0.09337326685945904
-0.25546360378167116
-0.47478081791296406
-0.5877852522924717
-0.6863164630131277
-0.8625703849682249
-1.1408142560880419
-1.4510565162951592
-1.6617601412067438
-1.6535533905932716
-1.3911620911336433
-0.951056516295151
-0.4875327736498578
-0.15546360378166874
-0.03303498057493904
-0.08778525229247887
-0.20418276783986955
-0.2554636037816737
-0.17722478321365318
5.941888983632714E-15
0.1772247832136493
0.2554636037816705
0.2041827678398673
0.08778525229246836
0.03303498057494252
0.1554636037816711
0.48753277364986797
0.9510565162951486
1.3911620911336544
1.653553390593272
1.6617601412067446
1.4510565162951532
1.1408142560880443
0.8625703849682231
0.6863164630131243
0.5877852522924748
0.4747808179129663
0.2554636037816751
-0.0933732668594552
-0.499999999999991
-0.830506265651843
-0.9625703849682163
-0.8574642502780568
-0.5877852522924694
-0.30363303064802466
-0.15546360378167384
-0.21693472357676402
-0.4510565162951526
-0.7378806086954558
-0.9464466094067296
-1.008478658768558
-0.9510565162951541
-0.8702162060149492
-0.8625703849682229
-0.9569145130862328
-1.0877852522924725
-1.1280623003511587
-0.9625703849682145
-0.5599082155787461
8.284059391838084E-15
0.5599082155787334
0.9625703849682238
1.128062300351154
1.0877852522924714
0.9569145130862218
0.8625703849682176
0.870216206014947
0.9510565162951565
1.0084786587685572
0.9464466094067225
0.737880608695462
0.4510565162951487
0.21693472357676127
0.15546360378167756
0.3036330306480562
0.587785252292477
0.8574642502780703
0.9625703849682212
0.8305062656518353
0.5000000000000081
0.09337326685944021
-0.2554636037816679
-0.47478081791296367
-0.5877852522924724
-0.6863164630131274
-0.8625703849682175
-1.1408142560880483
-1.4510565162951605
-1.6617601412067453
-1.6535533905932707
-1.3911620911336502
-0.951056516295145
-0.4875327736498404
-0.15546360378167198
-0.033034980574944216
-0.0877852522924745
-0.2041827678398759
-0.25546360378167776
-0.17722478321365287
-2.337897840304287E-15
0.1772247832136499
0.25546360378167515
0.20418276783985678
0.08778525229247881
0.033034980574935514
0.15546360378168203
0.4875327736498601
0.9510565162951709
1.3911620911336477
1.6535533905932798
1.6617601412067466
1.4510565162951476
1.140814256088053
0.862570384968217
0.686316463013131
0.5877852522924699
0.4747808179129678
0.2554636037816734
-0.09337326685945797
-0.5000000000000011
-0.8305062656518372
-0.9625703849682158
-0.8574642502780447
-0.5877852522924778
-0.30363303064803115
-0.1554636037816723
-0.21693472357676133
-0.4510565162951449
-0.73788060869546
-0.9464466094067215
-1.0084786587685577
-0.9510565162951532
-0.8702162060149491
-0.8625703849682247
-0.9569145130862399
-1.0877852522924818
-1.1280623003511574
-0.962570384968224
-0.5599082155787216
-1.3084172253570637E-15
0.5599082155787186
0.9625703849682369
1.128062300351152
1.0877852522924767
0.9569145130862354
0.8625703849682155
0.8702162060149496
0.9510565162951544
1.008478658768557
0.9464466094067312
0.7378806086954588
0.4510565162951481
0.21693472357676022
0.15546360378167032
0.303633030648057
0.5877852522924838
0.857464250278057
0.962570384968214
0.8305062656518272
0.49999999999999767
0.09337326685946125
-0.25546360378166283
-0.47478081791297644
-0.5877852522924777
-0.6863164630131281
-0.862570384968215
-1.1408142560880516
-1.451056516295169
-1.6617601412067469
-1.6535533905932782
-1.39116209113362
-0.9510565162951389
-0.48753277364985753
-0.15546360378168003
-0.03303498057494059
-0.08778525229247815
-0.20418276783986844
-0.2554636037816734
-0.1772247832136534
5.0169245654644216E-15
0.17722478321364826
0.2554636037816658
0.20418276783986403
0.08778525229246352
0.03303498057493865
0.1554636037816698
0.48753277364983677
0.9510565162951765
1.3911620911336526
1.6535533905932702
1.661760141206746
1.4510565162951434
1.1408142560880488
0.8625703849682148
0.6863164630131308
0.5877852522924707
0.47478081791296695
0.2554636037816783
-0.0933732668594436
-0.500000000000028
-0.8305062656518443
-0.9625703849682157
-0.8574642502780576
-0.5877852522924709
-0.30363303064803077
-0.15546360378167393
-0.21693472357675933
-0.4510565162951464
-0.7378806086954647
-0.9464466094067334
-1.0084786587685581
-0.9510565162951579
-0.8702162060149506
-0.8625703849682232
-0.9569145130862269
-1.087785252292469
-1.128062300351159
-0.9625703849682227
-0.5599082155787422
4.9404924595819466E-15
0.5599082155787622
0.9625703849682219
1.128062300351144
1.087785252292473
0.956914513086224
0.8625703849682135
0.8702162060149469
0.9510565162951506
1.008478658768558
0.9464466094067189
0.7378806086954551
0.4510565162951615
0.2169347235767654
0.15546360378167423
0.303633030648037
0.5877852522924908
0.8574642502780627
0.9625703849682267
0.8305062656518333
0.49999999999999467
0.09337326685945825
-0.25546360378167793
-0.4747808179129637
-0.5877852522924765
-0.6863164630131268
-0.8625703849682357
-1.1408142560880554
-1.451056516295151
-1.6617601412067422
-1.6535533905932667
-1.39116209113364
-0.951056516295163
-0.4875327736498585
-0.15546360378167806
-0.033034980574935695
-0.0877852522924819
-0.20418276783987274
-0.2554636037816796
-0.17722478321365528
4.967924931916491E-15
0.17722478321364818
0.25546360378167293
0.2041827678398549
0.08778525229246487
0.03303498057494342
0.15546360378167126
0.48753277364987285
0.9510565162951514
1.391162091133656
1.6535533905932724
1.6617601412067422
1.4510565162951403
1.1408142560880459
0.8625703849682318
0.6863164630131198
0.5877852522924719
0.4747808179129682
0.25546360378168703
-0.0933732668594325
-0.5000000000000141
-0.8305062656518383
-0.9625703849682135
-0.8574642502780521
-0.5877852522924643
-0.30363303064802566
-0.15546360378167198
-0.21693472357675422
-0.45105651629517124
-0.7378806086954665
-0.9464466094067261
-1.0084786587685577
-0.9510565162951504
-0.8702162060149505
-0.8625703849682241
-0.9569145130862302
-1.0877852522924785
-1.128062300351155
-0.9625703849682208
-0.5599082155787511
2.489199371823927E-14
0.5599082155787677
0.9625703849682241
1.1280623003511494
1.0877852522924751
0.9569145130862208
0.8625703849682214
0.8702162060149475
0.9510565162951513
1.0084786587685568
0.9464466094067271
0.7378806086954517
0.451056516295158
0.21693472357675792
0.15546360378168486
0.3036330306480425
0.5877852522924663
0.8574642502780808
0.9625703849682287
0.830506265651846
0.5000000000000085
0.09337326685942376
-0.25546360378167937
-0.47478081791296206
-0.5877852522924637
-0.6863164630131374
-0.8625703849682265
-1.140814256088058
-1.4510565162951534
-1.6617601412067406
-1.6535533905932631
-1.3911620911336344
-0.9510565162951571
-0.487532773649879
-0.1554636037816663
-0.03303498057493767
-0.08778525229246897
-0.2041827678398768
-0.25546360378167876
-0.17722478321365484
-1.2086963548023876E-14
0.17722478321364757
0.25546360378167426
0.20418276783986866
0.08778525229246133
0.03303498057493194
0.15546360378168184
0.4875327736498785
0.9510565162951585
1.391162091133636
1.653553390593285
1.6617601412067415
1.4510565162951543
1.14081425608806
0.8625703849682115
0.686316463013131
0.5877852522924701
0.47478081791296817
0.25546360378168503
-0.09337326685945012
-0.5000000000000033
-0.83050626565184
-0.9625703849682216
-0.8574642502780342
-0.5877852522924575
-0.303633030648035
-0.15546360378167967
-0.21693472357676835
-0.45105651629515764
-0.7378806086954522
-0.946446609406728
-1.0084786587685566
-0.9510565162951529
-0.8702162060149509
-0.8625703849682265
-0.9569145130862345
-1.0877852522924825
-1.1280623003511563
-0.9625703849682299
-0.5599082155787076
1.6568118783676168E-14
0.5599082155787467
0.9625703849682149
1.1280623003511476
1.0877852522924645
0.9569145130862231
0.862570384968218
0.8702162060149464
0.9510565162951554
1.0084786587685555
0.9464466094067242
0.7378806086954653
0.45105651629513294
0.21693472357675642
0.15546360378167695
0.30363303064803304
0.5877852522924932
0.8574642502780613
0.9625703849682216
0.8305062656518521
0.4999999999999886
0.09337326685943817
-0.2554636037816709
-0.4747808179129605
-0.5877852522924742
-0.6863164630131258
-0.8625703849682187
-1.140814256088062
-1.451056516295157
-1.6617601412067442
-1.6535533905932625
-1.3911620911336298
-0.951056516295151
-0.4875327736498171
-0.15546360378166474
-0.03303498057494936
-0.08778525229247293
-0.20418276783988556
-0.25546360378168126
-0.17722478321365573
-1.20212298584786E-14
0.17722478321364588
0.25546360378167154
0.20418276783986442
0.08778525229247443
0.03303498057493327
0.15546360378167512
0.48753277364985803
0.9510565162951335
1.3911620911336693
1.6535533905932778
1.6617601412067495
1.451056516295168
1.1408142560880394
0.86257038496822
0.6863164630131326
0.5877852522924856
0.47478081791296867
0.2554636037816701
-0.09337326685943563
-0.5000000000000063
-0.8305062656518268
-0.9625703849682327
-0.8574642502780286
-0.5877852522924503
-0.30363303064802905
-0.15546360378165675
-0.2169347235767692
-0.45105651629516064
-0.7378806086954554
-0.9464466094067396
-1.0084786587685586
-0.9510565162951521
-0.8702162060149501
-0.86257038496823
-0.9569145130862382
-1.0877852522924802
-1.1280623003511512
-0.9625703849682373
-0.5599082155787278
-8.729702262590817E-15
0.5599082155787125
0.9625703849682063
1.128062300351158
1.087785252292478
0.9569145130862367
0.862570384968208
0.8702162060149524
0.9510565162951536
1.008478658768556
0.9464466094067226
0.7378806086954619
0.4510565162951299
0.21693472357675564
0.15546360378167978
0.30363303064807917
0.5877852522925116
0.8574642502780669
0.9625703849682244
0.8305062656518237
0.49999999999998546
0.09337326685944902
-0.25546360378167293
-0.47478081791296084
-0.5877852522924734
-0.6863164630131263
-0.8625703849682119
-1.1408142560880306
-1.4510565162951652
-1.661760141206746
-1.6535533905932798
-1.3911620911336766
-0.9510565162951402
-0.48753277364986275
-0.15546360378168286
-0.03303498057495086
-0.08778525229247672
-0.20418276783985476
-0.2554636037816837
-0.1772247832136563
2.5211271114906617E-15
0.17722478321364532
0.2554636037816558
0.20418276783986056
0.08778525229244781
0.03303498057493185
0.15546360378167687
0.48753277364985675
0.9510565162951392
1.3911620911336735
1.653553390593279
1.6617601412067478
1.4510565162951685
1.1408142560880286
0.8625703849682178
0.6863164630131324
0.5877852522924802
0.474780817912969
0.25546360378166855
-0.09337326685943867
-0.4999999999999747
-0.8305062656518412
-0.9625703849682153
-0.8574642502780726
-0.5877852522924433
-0.3036330306480338
-0.15546360378167468
-0.21693472357676388
-0.45105651629516424
-0.7378806086954617
-0.9464466094067422
-1.0084786587685592
-0.9510565162951565
-0.870216206014946
-0.862570384968233
-0.9569145130862431
-1.0877852522924851
-1.1280623003511663
-0.9625703849682034
-0.5599082155787241
-3.469446951953616E-18
-1.2611089083287306E-16
-6.190336867094002E-17
3.02763787782821E-17
-9.092627606279247E-17
2.2467690345664672E-17
-3.2204577424752715E-17
-2.7600288843048413E-17
4.2392368837051444E-17
8.935564120792431E-17
1.0830982830025894E-16
8.457155521715817E-17
1.482005093773354E-16
1.4295064509388928E-16
1.1537839232915675E-16
1.1869783868095173E-16
7.014031898640305E-17
7.014954776712436E-17
9.860339445119424E-18
1.951298079018217E-17
-1.1057148052164636E-17
5.897242585582486E-17
7.26238457588367E-17
7.68913445140057E-17
6.441105500498213E-17
8.83709941172633E-17
5.338765901923966E-17
9.864551729931777E-17
1.2143230285349E-16
1.295724979269159E-16
1.056875618088641E-16
7.72065668617732E-17
