-8.388986780039293610e-15 0.000000000000000000e+00
-9.572803653487281710e-15 7.281062059136682903e-15
-1.738143451997719687e-15 -9.082770141149500349e-15
1.635223894085206941e-14 3.997577894250126328e-15
4.155803523712876757e-15 -1.493213795049140086e-15
1.175371274044340860e-14 -1.370247821060952568e-16
-2.431148610145804694e-15 2.554808826121724007e-14
-8.641504345680277069e-15 9.622413026275158497e-15
5.397328408311705897e-15 1.449364539737729938e-14
-8.404839488904665460e-15 1.544643912241360233e-14
-8.452306737506864977e-14 -6.400000000000000000e+01
-7.218201616800198860e-15 -2.278759586257141253e-14
1.807244742186463379e-15 -1.247565579078896704e-14
-1.274589119426366294e-14 -6.608092755062727021e-15
4.637194076361719839e-15 -3.510914546652169040e-14
2.566316592969750103e-14 -6.067420711011319840e-15
5.199888719018065001e-15 1.575460339329359707e-14
2.578333639087277249e-15 -3.326635809138210797e-15
5.152490648953512224e-15 2.119530300736537708e-14
5.319335984096983137e-16 1.010293259901148450e-14
-8.704828807473163134e-14 -3.199999999999998934e+01
-9.806475938582639306e-15 -2.884988456875815474e-14
6.412785909298420014e-15 -1.289992057568215315e-14
-2.080636656137378818e-14 -1.726938024437047849e-14
2.635364708644238633e-15 -4.494078690521143216e-14
2.742054592309027836e-14 -1.384937304781260379e-14
4.836896152218308488e-15 7.374950893341046320e-15
2.078383147526133982e-14 -1.778925385185065446e-14
-2.093694708534044247e-15 1.746385004157198518e-14
-5.181203887073427755e-15 -1.244130890441575424e-14
-1.975460053482878827e-15 1.064174169120496741e-16
-9.856492665067990011e-15 -7.501143055099243127e-15
6.099423691318999243e-15 -6.494804694057165761e-15
1.190847111435959938e-14 -1.206255089083360449e-14
2.525680038922028717e-15 5.461540648517687639e-15
1.300822815502194838e-14 -1.131355270504533397e-14
3.037319808950703228e-16 2.190474214007261134e-14
-1.030248856921431915e-14 -7.087036361824210814e-15
5.973099086919748368e-15 2.489969584990357542e-15
-2.590019627690290503e-14 -1.213875005378243054e-14
6.237435520780331603e-15 -1.221670693952700869e-14
9.077352481521836755e-15 -1.745844528684175394e-14
-4.040485657311549710e-15 8.416361497120852428e-15
-6.255559448222604408e-15 -5.706827035392643905e-15
1.769553895280891891e-15 -2.486899575160350651e-14
3.424283033083495036e-14 -8.780141130026415516e-15
-3.683187595871839842e-15 1.079063057865462363e-14
1.307086827659900414e-14 2.539681957902147805e-15
1.077371694734546651e-14 9.759399060317750170e-15
-2.857954441248306409e-14 -7.581506557829656923e-15
9.010304380037233938e-15 -2.597855571417661127e-15
7.687064912276336852e-15 -1.471868453541728883e-14
-3.597207469825437303e-15 -1.817514754387464255e-15
-1.175420763504557820e-14 4.181336151782436069e-17
4.294774594943873465e-15 -3.907985046680551022e-14
3.972713476529838412e-14 -4.499614936659598139e-15
-1.862842538411970193e-15 2.808804378055463594e-15
2.671535670606031199e-14 3.721481144288387183e-15
9.688430170483361409e-15 1.711039327406605036e-14
-1.319020705812656022e-14 8.630584611395897923e-16
1.181780214265065318e-14 -6.050353753490148535e-16
-7.558016737260753368e-15 -2.283187663829731904e-15
6.671140113024937380e-15 -1.410238976773658926e-14
1.363032564510638415e-14 -1.307833018500528500e-15
6.821068657325350994e-15 0.000000000000000000e+00
