-1.0609432829289607E-14 0.0
-1.0102401647754743E-14 7.264555966074708E-15
-5.487495841583128E-16 -1.1435541147106049E-14
1.6392146189300987E-14 4.202161008438364E-15
3.074015555245911E-15 -1.2066471717994317E-15
1.1189968365524074E-14 -5.897203786600097E-17
-2.0722544342643964E-15 2.359113780490246E-14
-8.253123506226784E-15 1.0159629054636293E-14
5.640597044463095E-15 1.584406027310037E-14
-9.459880582661307E-15 1.5608943165517524E-14
-7.460698725481052E-14 -64.00000000000001
-7.285444989769652E-15 -2.25266312192035E-14
-2.7436236265146634E-15 -1.734286936332801E-14
-1.2736088373700868E-14 -6.1352572345823004E-15
2.1195863393521575E-15 -3.020525169561946E-14
2.524276049795699E-14 -5.843057253463008E-15
4.709812565762142E-15 1.5838687168001045E-14
3.1302795521594434E-15 -3.454804365488461E-15
3.9256482741874825E-15 2.066916106397752E-14
2.3950663387445527E-16 1.0202731644745023E-14
-8.43769498715119E-14 -32.00000000000001
-9.709949330832389E-15 -2.833917569612185E-14
-8.565324298749349E-15 -2.4578062249539004E-14
-2.1410273062111495E-14 -1.7295734734689402E-14
2.357829698332717E-15 -4.41518457047172E-14
2.795956772291104E-14 -1.3368504138281503E-14
1.5289811452806022E-15 5.8583388952267524E-15
2.1271989036172578E-14 -1.7312355162540902E-14
5.203482672486758E-16 1.8177533818204392E-14
-5.0100400873042505E-15 -1.216396676048131E-14
-3.734955047503932E-15 9.938574183586207E-16
-9.461252282196028E-15 -7.211632435881062E-15
6.099423691318999E-15 -7.605027718682325E-15
1.1915925571970547E-14 -1.218688629745372E-14
6.1064806918399436E-15 3.434222655374184E-15
1.3349226937529852E-14 -1.117852316359354E-14
8.357001253241498E-16 2.3078151734586126E-14
-1.0059094206946416E-14 -7.535083589537647E-15
9.155933618781584E-15 3.712567812991594E-15
-2.584639092791227E-14 -1.1970796797639771E-14
6.7100766082618185E-15 -1.1194562830561227E-14
9.091303340580915E-15 -1.7771210649648728E-14
7.292380522058964E-16 1.7135949546133217E-14
-6.338283081009006E-15 -5.611428367614618E-15
2.6645352591003757E-15 -3.730349362740526E-14
3.4270465057771086E-14 -8.489434131934913E-15
-4.586207641182841E-15 1.220768626288115E-14
1.3464407808925722E-14 1.9028815570854003E-15
1.0597659285826295E-14 8.733259810400047E-15
-2.7905932487260207E-14 -7.349231549006789E-15
9.870116541889152E-15 -3.991437498437392E-15
7.66305748701495E-15 -1.524703811392881E-14
2.540217376211314E-16 5.294612087654014E-15
-1.2046650527748577E-14 1.8840644013707177E-16
5.329070518200751E-15 -5.5067062021407764E-14
3.941266541556375E-14 -5.0901037359514575E-15
-9.68949622183127E-16 1.7278869031497168E-15
2.6873044939786223E-14 3.819090715556813E-15
7.394080138385582E-15 1.493999277763142E-14
-1.33520224818812E-14 1.1376737916452971E-15
1.080368229287234E-14 1.6136184189030413E-15
-7.491198559485601E-15 -2.5924443402948857E-15
6.311986358840762E-15 -1.4996828076476372E-14
1.3379106723188855E-14 -8.817505754562991E-16
5.932890237625226E-15 0.0
