-7.839590613569713079e-16 0.000000000000000000e+00
2.028760995809551222e-15 4.294447538818605701e-15
2.466498330513608846e-15 2.509809813293545247e-15
4.397111101795658808e-15 3.140382779039929313e-15
7.986802833181765361e-15 -4.440892098500626162e-16
-7.182471588415762047e-16 -5.000416216228425246e-16
3.628640780168777963e-15 4.218847493575594854e-15
9.036926180190017459e-15 2.950465940993385263e-15
1.767242934949867655e-15 5.842420509660918288e-15
1.566114763819685775e-14 9.973027029536601024e-15
-4.011414639006238815e-14 -3.199999999999998224e+01
-9.486204625922888528e-15 -1.141470461204461923e-14
-8.949813638194869619e-16 -5.329070518200751394e-15
-2.529413140993663043e-15 4.055295890177280905e-15
6.823749228199476889e-15 -1.625564494755201463e-14
-1.458189241392782319e-15 7.570429234091689356e-16
7.986802833181765361e-15 2.997602166487922659e-15
7.824600957843140694e-15 -2.933158883520179301e-15
7.346515265408361908e-16 5.202336214355376726e-15
1.738738196462232434e-14 9.441536864518950011e-15
-4.263936708972536973e-14 -1.599999999999998224e+01
-8.031017693402621857e-15 -1.157152876668275700e-14
1.186150125993435152e-15 -1.065814103640150279e-14
-5.864507039925975713e-15 9.453252123563851053e-17
4.436400114712285118e-15 -1.636203998284221331e-14
7.601748230936874523e-16 -8.553114970150870192e-16
5.404997619569028428e-15 2.442490654175344389e-15
5.240671453023510335e-15 -5.351108745013221825e-15
-8.949813638194869619e-16 -2.220446049250313081e-15
3.913512133974260311e-15 -5.638780996852097406e-16
2.751099927195749452e-16 -2.677561615802818785e-15
1.025989224645804485e-15 2.280703917867180286e-15
6.099423691318999243e-15 0.000000000000000000e+00
