0.000000000000000000e+00
5.599082155787400428e-01
9.625703849682212265e-01
1.128062300351154290e+00
1.087785252292473137e+00
9.569145130862266591e-01
8.625703849682211377e-01
8.702162060149485345e-01
9.510565162951535312e-01
1.008478658768557246e+00
9.464466094067260915e-01
7.378806086954584620e-01
4.510565162951537532e-01
2.169347235767602189e-01
1.554636037816739536e-01
3.036330306480385932e-01
5.877852522924730261e-01
8.574642502780560616e-01
9.625703849682212265e-01
8.305062656518386044e-01
4.999999999999997780e-01
9.337326685944832838e-02
-2.554636037816737093e-01
-4.747808179129660022e-01
-5.877852522924730261e-01
-6.863164630131280974e-01
-8.625703849682213598e-01
-1.140814256088047429e+00
-1.451056516295154530e+00
-1.661760141206745311e+00
-1.653553390593273553e+00
-1.391162091133646195e+00
-9.510565162951541973e-01
-4.875327736498589748e-01
-1.554636037816736760e-01
-3.303498057493958751e-02
-8.778525229247302608e-02
-2.041827678398677459e-01
-2.554636037816739869e-01
-1.772247832136504553e-01
-1.285260158468133564e-16
1.772247832136508161e-01
2.554636037816733207e-01
2.041827678398680790e-01
8.778525229247224893e-02
3.303498057493978179e-02
1.554636037816741756e-01
4.875327736498595299e-01
9.510565162951527540e-01
1.391162091133648193e+00
1.653553390593273775e+00
1.661760141206745534e+00
1.451056516295152976e+00
1.140814256088046985e+00
8.625703849682206936e-01
6.863164630131277644e-01
5.877852522924736922e-01
4.747808179129656692e-01
2.554636037816739869e-01
-9.337326685944624671e-02
-5.000000000000001110e-01
-8.305062656518371611e-01
-9.625703849682203384e-01
-8.574642502780560616e-01
-5.877852522924738032e-01
-3.036330306480377050e-01
-1.554636037816735095e-01
-2.169347235767609960e-01
-4.510565162951538642e-01
-7.378806086954604604e-01
-9.464466094067267576e-01
-1.008478658768557246e+00
-9.510565162951538642e-01
-8.702162060149492007e-01
-8.625703849682213598e-01
-9.569145130862266591e-01
-1.087785252292473803e+00
-1.128062300351153846e+00
-9.625703849682212265e-01
-5.599082155787394877e-01
2.071014847959521355e-15
5.599082155787412640e-01
9.625703849682234470e-01
1.128062300351154290e+00
1.087785252292472471e+00
9.569145130862262150e-01
8.625703849682215818e-01
8.702162060149476464e-01
9.510565162951536422e-01
1.008478658768557246e+00
9.464466094067265356e-01
7.378806086954596832e-01
4.510565162951514218e-01
2.169347235767594695e-01
1.554636037816733429e-01
3.036330306480381491e-01
5.877852522924719159e-01
8.574642502780547293e-01
9.625703849682227808e-01
8.305062656518396036e-01
5.000000000000005551e-01
9.337326685944860594e-02
-2.554636037816738758e-01
-4.747808179129648920e-01
-5.877852522924723599e-01
-6.863164630131283195e-01
-8.625703849682215818e-01
-1.140814256088050982e+00
-1.451056516295155641e+00
-1.661760141206745978e+00
-1.653553390593273553e+00
-1.391162091133640644e+00
-9.510565162951478690e-01
-4.875327736498550335e-01
-1.554636037816720662e-01
-3.303498057494047568e-02
-8.778525229247369221e-02
-2.041827678398698553e-01
-2.554636037816750416e-01
-1.772247832136517043e-01
-5.632137314804647804e-16
1.772247832136503720e-01
2.554636037816715999e-01
2.041827678398676071e-01
8.778525229247041706e-02
3.303498057493944873e-02
1.554636037816745087e-01
4.875327736498574760e-01
9.510565162951510887e-01
1.391162091133650192e+00
1.653553390593274663e+00
1.661760141206745534e+00
1.451056516295154086e+00
1.140814256088043654e+00
8.625703849682191393e-01
6.863164630131267652e-01
5.877852522924739143e-01
4.747808179129657802e-01
2.554636037816707117e-01
-9.337326685945285254e-02
-5.000000000000045519e-01
-8.305062656518338304e-01
-9.625703849682185620e-01
-8.574642502780550624e-01
-5.877852522924749135e-01
-3.036330306480415908e-01
-1.554636037816714000e-01
-2.169347235767595805e-01
-4.510565162951530316e-01
-7.378806086954575738e-01
-9.464466094067252033e-01
-1.008478658768557468e+00
-9.510565162951537532e-01
-8.702162060149486456e-01
-8.625703849682200275e-01
-9.569145130862305448e-01
-1.087785252292475580e+00
-1.128062300351154956e+00
-9.625703849682203384e-01
-5.599082155787330484e-01
4.142029695919042709e-15
5.599082155787429294e-01
9.625703849682225588e-01
1.128062300351154068e+00
1.087785252292471361e+00
9.569145130862234394e-01
8.625703849682202495e-01
8.702162060149475353e-01
9.510565162951534202e-01
1.008478658768557024e+00
9.464466094067267576e-01
7.378806086954607935e-01
4.510565162951565288e-01
2.169347235767616067e-01
1.554636037816778948e-01
3.036330306480448105e-01
5.877852522924789103e-01
8.574642502780588371e-01
9.625703849682212265e-01
8.305062656518402697e-01
5.000000000000016653e-01
9.337326685944993820e-02
-2.554636037816729877e-01
-4.747808179129678896e-01
-5.877852522924714718e-01
-6.863164630131282085e-01
-8.625703849682233582e-01
-1.140814256088049872e+00
-1.451056516295155863e+00
-1.661760141206745534e+00
-1.653553390593273997e+00
-1.391162091133635537e+00
-9.510565162951571949e-01
-4.875327736498642484e-01
-1.554636037816773397e-01
-3.303498057493978179e-02
-8.778525229247766126e-02
-2.041827678398707713e-01
-2.554636037816776506e-01
-1.772247832136523982e-01
-1.175537131054141310e-15
1.772247832136528978e-01
2.554636037816749305e-01
2.041827678398623891e-01
8.778525229247796657e-02
3.303498057493861606e-02
1.554636037816742866e-01
4.875327736498498155e-01
9.510565162951575280e-01
1.391162091133636647e+00
1.653553390593274219e+00
1.661760141206746422e+00
1.451056516295153642e+00
1.140814256088050538e+00
8.625703849682151425e-01
6.863164630131298738e-01
5.877852522924750245e-01
4.747808179129668904e-01
2.554636037816715999e-01
-9.337326685945163129e-02
-5.000000000000034417e-01
-8.305062656518347186e-01
-9.625703849682203384e-01
-8.574642502780558395e-01
-5.877852522924601475e-01
-3.036330306480422014e-01
-1.554636037816710670e-01
-2.169347235767624116e-01
-4.510565162951574170e-01
-7.378806086954604604e-01
-9.464466094067323088e-01
-1.008478658768557468e+00
-9.510565162951539753e-01
-8.702162060149486456e-01
-8.625703849682242463e-01
-9.569145130862320991e-01
-1.087785252292473803e+00
-1.128062300351153402e+00
-9.625703849682272217e-01
-5.599082155787380444e-01
2.305059497198012331e-15
5.599082155787412640e-01
9.625703849682218927e-01
1.128062300351152292e+00
1.087785252292470028e+00
9.569145130862219961e-01
8.625703849682209157e-01
8.702162060149503109e-01
9.510565162951537532e-01
1.008478658768556802e+00
9.464466094067247592e-01
7.378806086954566856e-01
4.510565162951520879e-01
2.169347235767555837e-01
1.554636037816751748e-01
3.036330306480454766e-01
5.877852522924700285e-01
8.574642502780519537e-01
9.625703849682236690e-01
8.305062656518462649e-01
4.999999999999951150e-01
9.337326685945901428e-02
-2.554636037816712668e-01
-4.747808179129639483e-01
-5.877852522924719159e-01
-6.863164630131275423e-01
-8.625703849682251345e-01
-1.140814256088041656e+00
-1.451056516295159193e+00
-1.661760141206743091e+00
-1.653553390593271777e+00
-1.391162091133643530e+00
-9.510565162951508666e-01
-4.875327736498576980e-01
-1.554636037816685135e-01
-3.303498057493892137e-02
-8.778525229247864659e-02
-2.041827678398692447e-01
-2.554636037816733762e-01
-1.772247832136530921e-01
6.028109562733284047e-15
1.772247832136492063e-01
2.554636037816706562e-01
2.041827678398670798e-01
8.778525229246822437e-02
3.303498057494194673e-02
1.554636037816709560e-01
4.875327736498674680e-01
9.510565162951480911e-01
1.391162091133654188e+00
1.653553390593271333e+00
1.661760141206743979e+00
1.451056516295152532e+00
1.140814256088043877e+00
8.625703849682226920e-01
6.863164630131244337e-01
5.877852522924744694e-01
4.747808179129665573e-01
2.554636037816749861e-01
-9.337326685945471216e-02
-4.999999999999907851e-01
-8.305062656518424902e-01
-9.625703849682158975e-01
-8.574642502780563946e-01
-5.877852522924689183e-01
-3.036330306480241603e-01
-1.554636037816736760e-01
-2.169347235767635218e-01
-4.510565162951523099e-01
-7.378806086954551313e-01
-9.464466094067292001e-01
-1.008478658768557246e+00
-9.510565162951535312e-01
-8.702162060149486456e-01
-8.625703849682222479e-01
-9.569145130862323212e-01
-1.087785252292472027e+00
-1.128062300351158287e+00
-9.625703849682136770e-01
-5.599082155787459270e-01
8.284059391838085418e-15
5.599082155787333814e-01
9.625703849682234470e-01
1.128062300351153846e+00
1.087785252292471805e+00
9.569145130862217741e-01
8.625703849682175850e-01
8.702162060149472023e-01
9.510565162951565288e-01
1.008478658768557024e+00
9.464466094067227608e-01
7.378806086954620147e-01
4.510565162951487017e-01
2.169347235767611071e-01
1.554636037816775618e-01
3.036330306480559127e-01
5.877852522924770229e-01
8.574642502780700504e-01
9.625703849682212265e-01
8.305062656518350517e-01
5.000000000000077716e-01
9.337326685944016824e-02
-2.554636037816677696e-01
-4.747808179129637818e-01
-5.877852522924722489e-01
-6.863164630131274313e-01
-8.625703849682169189e-01
-1.140814256088048095e+00
-1.451056516295160304e+00
-1.661760141206745311e+00
-1.653553390593269778e+00
-1.391162091133649970e+00
-9.510565162951444274e-01
-4.875327736498400455e-01
-1.554636037816717886e-01
-3.303498057494388962e-02
-8.778525229247408079e-02
-2.041827678398757118e-01
-2.554636037816777061e-01
-1.772247832136527035e-01
-2.400183930201494369e-15
1.772247832136496226e-01
2.554636037816748750e-01
2.041827678398566437e-01
8.778525229247866046e-02
3.303498057493511886e-02
1.554636037816819472e-01
4.875327736498598075e-01
9.510565162951701845e-01
1.391162091133646861e+00
1.653553390593278438e+00
1.661760141206745978e+00
1.451056516295146981e+00
1.140814256088052314e+00
8.625703849682166968e-01
6.863164630131307620e-01
5.877852522924696954e-01
4.747808179129678341e-01
2.554636037816734317e-01
-9.337326685945787630e-02
-5.000000000000008882e-01
-8.305062656518364950e-01
-9.625703849682152313e-01
-8.574642502780445152e-01
-5.877852522924776890e-01
-3.036330306480311547e-01
-1.554636037816721772e-01
-2.169347235767613846e-01
-4.510565162951449825e-01
-7.378806086954599053e-01
-9.464466094067214286e-01
-1.008478658768557690e+00
-9.510565162951530871e-01
-8.702162060149490896e-01
-8.625703849682246904e-01
-9.569145130862399817e-01
-1.087785252292481797e+00
-1.128062300351157177e+00
-9.625703849682238911e-01
-5.599082155787216131e-01
-1.368880900244047044e-15
5.599082155787185044e-01
9.625703849682367697e-01
1.128062300351152070e+00
1.087785252292476690e+00
9.569145130862354298e-01
8.625703849682153646e-01
8.702162060149498668e-01
9.510565162951539753e-01
1.008478658768556802e+00
9.464466094067307544e-01
7.378806086954583510e-01
4.510565162951474805e-01
2.169347235767599413e-01
1.554636037816699567e-01
3.036330306480565788e-01
5.877852522924836842e-01
8.574642502780569497e-01
9.625703849682136770e-01
8.305062656518271691e-01
4.999999999999975020e-01
9.337326685946148452e-02
-2.554636037816626626e-01
-4.747808179129761608e-01
-5.877852522924771339e-01
-6.863164630131273203e-01
-8.625703849682144764e-01
-1.140814256088051426e+00
-1.451056516295168075e+00
-1.661760141206746422e+00
-1.653553390593277772e+00
-1.391162091133619549e+00
-9.510565162951383211e-01
-4.875327736498570874e-01
-1.554636037816799488e-01
-3.303498057494061446e-02
-8.778525229247806372e-02
-2.041827678398685231e-01
-2.554636037816734873e-01
-1.772247832136533974e-01
4.803462763585930199e-15
1.772247832136478185e-01
2.554636037816656047e-01
2.041827678398637769e-01
8.778525229246340877e-02
3.303498057493850504e-02
1.554636037816695682e-01
4.875327736498363818e-01
9.510565162951765128e-01
1.391162091133652856e+00
1.653553390593270445e+00
1.661760141206745978e+00
1.451056516295143428e+00
1.140814256088048984e+00
8.625703849682149205e-01
6.863164630131307620e-01
5.877852522924705836e-01
4.747808179129670014e-01
2.554636037816785388e-01
-9.337326685944349891e-02
-5.000000000000281997e-01
-8.305062656518442665e-01
-9.625703849682158975e-01
-8.574642502780577269e-01
-5.877852522924708056e-01
-3.036330306480305996e-01
-1.554636037816739536e-01
-2.169347235767593307e-01
-4.510565162951462037e-01
-7.378806086954645682e-01
-9.464466094067334190e-01
-1.008478658768557912e+00
-9.510565162951576390e-01
-8.702162060149505329e-01
-8.625703849682229141e-01
-9.569145130862264370e-01
-1.087785252292468474e+00
-1.128062300351158953e+00
-9.625703849682223368e-01
-5.599082155787421522e-01
4.610118994396024663e-15
5.599082155787624693e-01
9.625703849682214486e-01
1.128062300351143854e+00
1.087785252292472693e+00
9.569145130862239945e-01
8.625703849682129221e-01
8.702162060149464251e-01
9.510565162951500895e-01
1.008478658768557468e+00
9.464466094067185420e-01
7.378806086954547983e-01
4.510565162951612472e-01
2.169347235767652149e-01
1.554636037816739536e-01
3.036330306480368724e-01
5.877852522924906786e-01
8.574642502780626119e-01
9.625703849682263336e-01
8.305062656518329423e-01
4.999999999999945044e-01
9.337326685945832039e-02
-2.554636037816777616e-01
-4.747808179129633377e-01
-5.877852522924760237e-01
-6.863164630131262101e-01
-8.625703849682346824e-01
-1.140814256088054757e+00
-1.451056516295149867e+00
-1.661760141206741315e+00
-1.653553390593265560e+00
-1.391162091133639533e+00
-9.510565162951630791e-01
-4.875327736498585862e-01
-1.554636037816781724e-01
-3.303498057493572948e-02
-8.778525229248192174e-02
-2.041827678398726309e-01
-2.554636037816794825e-01
-1.772247832136552292e-01
4.901682099772353697e-15
1.772247832136481793e-01
2.554636037816730432e-01
2.041827678398548673e-01
8.778525229246504635e-02
3.303498057494330675e-02
1.554636037816712890e-01
4.875327736498730191e-01
9.510565162951515328e-01
1.391162091133655965e+00
1.653553390593272443e+00
1.661760141206741981e+00
1.451056516295140320e+00
1.140814256088045653e+00
8.625703849682315738e-01
6.863164630131197708e-01
5.877852522924716938e-01
4.747808179129682227e-01
2.554636037816869765e-01
-9.337326685943261873e-02
-5.000000000000140998e-01
-8.305062656518386044e-01
-9.625703849682132329e-01
-8.574642502780520648e-01
-5.877852522924640333e-01
-3.036330306480250485e-01
-1.554636037816716776e-01
-2.169347235767538074e-01
-4.510565162951710172e-01
-7.378806086954659005e-01
-9.464466094067254254e-01
-1.008478658768557246e+00
-9.510565162951500895e-01
-8.702162060149498668e-01
-8.625703849682235802e-01
-9.569145130862302118e-01
-1.087785252292478022e+00
-1.128062300351154068e+00
-9.625703849682205604e-01
-5.599082155787513670e-01
2.479997360423809910e-14
5.599082155787672432e-01
9.625703849682232249e-01
1.128062300351148517e+00
1.087785252292474469e+00
9.569145130862198867e-01
8.625703849682206936e-01
8.702162060149467582e-01
9.510565162951505336e-01
1.008478658768556135e+00
9.464466094067265356e-01
7.378806086954512455e-01
4.510565162951578055e-01
2.169347235767576099e-01
1.554636037816846672e-01
3.036330306480424790e-01
5.877852522924662537e-01
8.574642502780807085e-01
9.625703849682287760e-01
8.305062656518460429e-01
5.000000000000085487e-01
9.337326685942368143e-02
-2.554636037816794270e-01
-4.747808179129620054e-01
-5.877852522924635892e-01
-6.863164630131370902e-01
-8.625703849682264668e-01
-1.140814256088058087e+00
-1.451056516295153420e+00
-1.661760141206740427e+00
-1.653553390593263561e+00
-1.391162091133634426e+00
-9.510565162951568619e-01
-4.875327736498786813e-01
-1.554636037816662930e-01
-3.303498057493750584e-02
-8.778525229246883499e-02
-2.041827678398766832e-01
-2.554636037816785388e-01
-1.772247832136548407e-01
-1.205312422228362506e-14
1.772247832136474854e-01
2.554636037816740424e-01
2.041827678398683288e-01
8.778525229246107731e-02
3.303498057493162166e-02
1.554636037816815031e-01
4.875327736498780706e-01
9.510565162951578611e-01
1.391162091133635759e+00
1.653553390593284655e+00
1.661760141206740871e+00
1.451056516295153864e+00
1.140814256088059864e+00
8.625703849682113677e-01
6.863164630131309840e-01
5.877852522924698064e-01
4.747808179129685002e-01
2.554636037816853666e-01
-9.337326685944977167e-02
-5.000000000000029976e-01
-8.305062656518396036e-01
-9.625703849682207824e-01
-8.574642502780338571e-01
-5.877852522924570389e-01
-3.036330306480345964e-01
-1.554636037816793381e-01
-2.169347235767680460e-01
-4.510565162951573615e-01
-7.378806086954519117e-01
-9.464466094067276458e-01
-1.008478658768556135e+00
-9.510565162951524210e-01
-8.702162060149504219e-01
-8.625703849682258006e-01
-9.569145130862343196e-01
-1.087785252292482019e+00
-1.128062300351155844e+00
-9.625703849682292201e-01
-5.599082155787074022e-01
1.656811878367617084e-14
5.599082155787467041e-01
9.625703849682147872e-01
1.128062300351146963e+00
1.087785252292464921e+00
9.569145130862232174e-01
8.625703849682182511e-01
8.702162060149464251e-01
9.510565162951553075e-01
1.008478658768555691e+00
9.464466094067245372e-01
7.378806086954652343e-01
4.510565162951329921e-01
2.169347235767564996e-01
1.554636037816769512e-01
3.036330306480328201e-01
5.877852522924930101e-01
8.574642502780611686e-01
9.625703849682214486e-01
8.305062656518518160e-01
4.999999999999883982e-01
9.337326685943803106e-02
-2.554636037816709337e-01
-4.747808179129606732e-01
-5.877852522924741363e-01
-6.863164630131257660e-01
-8.625703849682182511e-01
-1.140814256088061640e+00
-1.451056516295156751e+00
-1.661760141206743979e+00
-1.653553390593261563e+00
-1.391162091133629319e+00
-9.510565162951505336e-01
-4.875327736498168418e-01
-1.554636037816645722e-01
-3.303498057494921869e-02
-8.778525229247270689e-02
-2.041827678398855928e-01
-2.554636037816810923e-01
-1.772247832136555623e-01
-1.195490488609720314e-14
1.772247832136456813e-01
2.554636037816714333e-01
2.041827678398642210e-01
8.778525229247426120e-02
3.303498057493328699e-02
1.554636037816748972e-01
4.875327736498578091e-01
9.510565162951329921e-01
1.391162091133668399e+00
1.653553390593276662e+00
1.661760141206748420e+00
1.451056516295167409e+00
1.140814256088038769e+00
8.625703849682195834e-01
6.863164630131322053e-01
5.877852522924852385e-01
4.747808179129686668e-01
2.554636037816702121e-01
-9.337326685943542204e-02
-5.000000000000059952e-01
-8.305062656518262809e-01
-9.625703849682318847e-01
-8.574642502780281950e-01
-5.877852522924502665e-01
-3.036330306480290453e-01
-1.554636037816568006e-01
-2.169347235767692117e-01
-4.510565162951606366e-01
-7.378806086954554644e-01
-9.464466094067396362e-01
-1.008478658768558800e+00
-9.510565162951520879e-01
-8.702162060149498668e-01
-8.625703849682300195e-01
-9.569145130862383164e-01
-1.087785252292480465e+00
-1.128062300351151181e+00
-9.625703849682374358e-01
-5.599082155787278303e-01
-8.716761695128165991e-15
5.599082155787122872e-01
9.625703849682063495e-01
1.128062300351157621e+00
1.087785252292478022e+00
9.569145130862367621e-01
8.625703849682075930e-01
8.702162060149525313e-01
9.510565162951529761e-01
1.008478658768555691e+00
9.464466094067223167e-01
7.378806086954615706e-01
4.510565162951296059e-01
2.169347235767553617e-01
1.554636037816793381e-01
3.036330306480787278e-01
5.877852522925113288e-01
8.574642502780668307e-01
9.625703849682238911e-01
8.305062656518236164e-01
4.999999999999854006e-01
9.337326685944896676e-02
-2.554636037816725991e-01
-4.747808179129605621e-01
-5.877852522924731371e-01
-6.863164630131256549e-01
-8.625703849682115898e-01
-1.140814256088030110e+00
-1.451056516295164522e+00
-1.661760141206745089e+00
-1.653553390593279326e+00
-1.391162091133676615e+00
-9.510565162951398754e-01
-4.875327736498622500e-01
-1.554636037816828908e-01
-3.303498057495093954e-02
-8.778525229247667594e-02
-2.041827678398546175e-01
-2.554636037816836458e-01
-1.772247832136562562e-01
2.354169165291224475e-15
1.772247832136449874e-01
2.554636037816553906e-01
2.041827678398601964e-01
8.778525229244774075e-02
3.303498057493159390e-02
1.554636037816767846e-01
4.875327736498563658e-01
9.510565162951390983e-01
1.391162091133673506e+00
1.653553390593278660e+00
1.661760141206747310e+00
1.451056516295168519e+00
1.140814256088029000e+00
8.625703849682178070e-01
6.863164630131324273e-01
5.877852522924803536e-01
4.747808179129688888e-01
2.554636037816686023e-01
-9.337326685943858617e-02
-4.999999999999749090e-01
-8.305062656518412689e-01
-9.625703849682156754e-01
-8.574642502780729370e-01
-5.877852522924433831e-01
-3.036330306480335972e-01
-1.554636037816746197e-01
-2.169347235767638826e-01
-4.510565162951640783e-01
-7.378806086954612375e-01
-9.464466094067418567e-01
-1.008478658768559022e+00
-9.510565162951559737e-01
-8.702162060149458700e-01
-8.625703849682324620e-01
-9.569145130862424242e-01
-1.087785252292484461e+00
-1.128062300351165614e+00
-9.625703849682023527e-01
-5.599082155787231674e-01
