7.995455439913989881e-02 0.000000000000000000e+00
-8.611351460482642717e-02 1.010014878699018979e-05
9.244651842742074299e-02 2.157211774461709197e-05
-1.434632760724622869e-01 3.619853949004365676e-05
1.947177297816216623e-01 -1.249431909684954600e-01
-3.502318893989048165e-02 2.500885732389854788e-01
-1.242351314141089402e-01 -1.248579055851555542e-01
7.009206914173375658e-02 2.419476734387858083e-04
-1.482494860370891371e-02 4.546931219055783428e-04
-5.374978620142828239e-04 1.006496461780779800e-03
2.142795166287259079e-02 3.028023935802883013e-03
-6.481774870538906108e-02 2.121758898885737002e-02
4.758943810187808710e-02 -1.061060040119545245e-01
5.630744371101418372e-02 1.061008937074048586e-01
-7.531203759319952951e-02 -2.122279846154084826e-02
3.435077085465227525e-02 -3.033436600031452508e-03
-2.167602896015560776e-02 -1.012226501120726697e-03
1.465318123838239665e-02 -4.608711521908947194e-04
-9.800589600298201948e-03 -2.487286512356006373e-04
5.680126659120803695e-03 -1.496681220652411250e-04
-2.194698036929803101e-03 -9.717874142897416165e-05
-2.559192660873460621e-03 -6.675527940719621234e-05
7.042979460503868104e-03 -4.789459216901872148e-05
-2.397174602826972201e-02 -3.557277106444015242e-05
4.076141491034953462e-02 -3.752717688528466045e-02
6.281556306029703954e-03 7.497874507090949991e-02
-5.340513570591288312e-02 -3.751695543751043527e-02
3.697658438374358536e-02 -1.375632113708650898e-05
-2.059866867303124932e-02 -1.132516649460853665e-05
1.702790092987898143e-02 -9.443392802575064238e-06
-1.349086614114834368e-02 -7.963201094250455143e-06
1.182575123636621026e-02 -6.782181661751448154e-06
-1.018413941065719058e-02 -5.827828064520337924e-06
9.187634724709136530e-03 -5.047811270924734445e-06
-8.208095660261462145e-03 -4.403710258968763884e-06
7.533289825967534256e-03 -3.866875614262513337e-06
-6.871087249676716482e-03 -3.415642796578978978e-06
6.379630835507245704e-03 -3.033418890759911543e-06
-5.897762377712389981e-03 -2.707346319586953487e-06
5.522380487428264761e-03 -2.427354797229514666e-06
-5.154440438109503253e-03 -2.185479001408016653e-06
4.857944251950062700e-03 -1.975360962110876001e-06
-4.567324174677429849e-03 -1.791882709987037761e-06
4.327232757428422366e-03 -1.630892008064712198e-06
-4.091850682208901524e-03 -1.488995422016471584e-06
3.893652839069161858e-03 -1.363400663940630845e-06
-3.699278760411994077e-03 -1.251795376542371059e-06
3.533128224510451425e-03 -1.152253136280307136e-06
-3.370118404254055650e-03 -1.063159978009937945e-06
3.229067662469591732e-03 -9.831565271195812777e-07
-3.090623264775246674e-03 -9.110920998010169081e-07
2.969613766781667094e-03 -8.459880524742252605e-07
-2.850787241160076743e-03 -7.870083309387265746e-07
2.746039810423346952e-03 -7.334356635522662482e-07
-2.643136105790382020e-03 -6.846522073592278823e-07
2.551766151243244074e-03 -6.401237291263307469e-07
-2.461965300314309865e-03 -5.993866103451905500e-07
2.381730720315232246e-03 -5.620371191592671289e-07
-2.302840873055416598e-03 -5.277225131883334086e-07
2.231971617621583345e-03 -4.961336279897532453e-07
-2.162262234682531953e-03 -4.669986772148915222e-07
2.099341935805437275e-03 -4.400780448292687663e-07
-2.037428030053864327e-03 -4.151598945053257272e-07
1.981309862253450172e-03 -3.920564540340395338e-07
-1.926069764052868588e-03 -3.706008593062914969e-07
1.875815413448173995e-03 -3.506444651894206205e-07
-1.826331147357743243e-03 -3.320545465730108392e-07
1.781165747898258867e-03 -3.147123263337256449e-07
-1.736679021691157204e-03 -2.985112794867683661e-07
1.695957352745252819e-03 -2.833556696536787545e-07
-1.655836551120729722e-03 -2.691592832504419164e-07
1.619017323580701669e-03 -2.558443312882657805e-07
-1.582732402467500838e-03 -2.433404945077289119e-07
1.549358449919983026e-03 -2.315840904831790656e-07
-1.516461596693280487e-03 -2.205173459486273191e-07
1.486144441277295961e-03 -2.100877593046515668e-07
-1.456255005542387779e-03 -2.002475406638615230e-07
1.428662707988010913e-03 -1.909531194433516932e-07
-1.401455337877719094e-03 -1.821647099258666413e-07
1.376302842951839444e-03 -1.738459274324994502e-07
-1.351498056855044566e-03 -1.659634485005542781e-07
1.328539455876941774e-03 -1.584867094495383960e-07
-1.305896085121764855e-03 -1.513876384562655095e-07
1.284918366206525085e-03 -1.446404169796100449e-07
-1.264227449733975901e-03 -1.382212669933931097e-07
1.245045413388992054e-03 -1.321082608687126209e-07
-1.226125229877431111e-03 -1.262811512032623734e-07
1.208577325349848150e-03 -1.207212183078863743e-07
-1.191269324154073384e-03 -1.154111331485435654e-07
1.175214219142767247e-03 -1.103348342798744774e-07
-1.159379667238610162e-03 -1.054774168129241074e-07
1.144693406133717381e-03 -1.008250323285362487e-07
-1.130210609769246796e-03 -9.636479852677490993e-08
1.116784247547169401e-03 -9.208471739031434330e-08
-1.103546238482187511e-03 -8.797360100739216177e-08
1.091283861623157554e-03 -8.402100440227958057e-08
-1.079196461480676737e-03 -8.021716451228351041e-08
1.068013525818826449e-03 -7.655294437989662538e-08
-1.056993720160560521e-03 -7.301978274495187632e-08
1.046815649881262938e-03 -6.960964777524445909e-08
-1.036790217570559766e-03 -6.631499465910902641e-08
1.027551220690262751e-03 -6.312872730921022246e-08
-1.018455574954370280e-03 -6.004416277030633076e-08
1.010097639328978811e-03 -5.705499871166974657e-08
-1.001874845431481587e-03 -5.415528374352884811e-08
9.943468862121784130e-04 -5.133938994783017462e-08
-9.869468273519038312e-04 -4.860198741022097452e-08
9.802039622678056056e-04 -4.593802099622183027e-08
-9.735826306495000328e-04 -4.334268886450800412e-08
9.675855638643770379e-04 -4.081142211131180524e-08
-9.617044581516492885e-04 -3.833986658284983112e-08
9.564189569628064186e-04 -3.592386542492637114e-08
-9.512445707611002360e-04 -3.355944292468895918e-08
9.466410222639248806e-04 -3.124278973552774286e-08
-9.421444110713633746e-04 -2.897024860802621671e-08
9.381974482493213308e-04 -2.673830135774268868e-08
-9.343538645979372614e-04 -2.454355640252314785e-08
9.310420532253824155e-04 -2.238273703533688597e-08
-9.278306416191373085e-04 -2.025267050549325876e-08
9.251362209675336725e-04 -1.815027739161725190e-08
-9.225397657957462583e-04 -1.607256172196560445e-08
9.204484374852189843e-04 -1.401660140124688647e-08
-9.184531584132404891e-04 -1.197953902742909804e-08
9.169539189044541294e-04 -9.958573077284427200e-09
-9.155493093754990541e-04 -7.950949600099566084e-09
9.146343225937547672e-04 -5.953953603147349449e-09
-9.138130280586242993e-04 -3.964901218976579766e-09
9.134775355252727769e-04 -1.981131784447795474e-09
-9.132352688848155431e-04 0.000000000000000000e+00
-8.200917834105586526e-05 0.000000000000000000e+00
-8.524118613895798578e-05 -1.196582268762468731e-17
-9.559568319659777385e-05 4.774047097314687571e-17
-1.153110104726017568e-04 -3.233929440969555980e-17
-1.491744240937006600e-04 2.500000000000001110e-01
-2.069360395411247271e-04 -5.000000000000001110e-01
-3.093944722876466533e-04 2.500000000000000000e-01
-5.054114432201603242e-04 -8.180305391403130955e-17
-9.278991725713732486e-04 -6.633962042895680256e-18
-2.029036534430049381e-03 7.680217139344192034e-17
-6.070042428838736542e-03 -3.485709984540896755e-17
-4.244745797695467782e-02 -1.561251128379126385e-17
2.122011736748030120e-01 3.404394821604483923e-17
-2.122113942839023715e-01 -1.864827736675067626e-17
4.243703903158779767e-02 -3.252606517456513302e-17
6.059217100381627044e-03 1.037920292247529463e-16
2.017576455750159058e-03 -6.052558627900328503e-17
9.155431120008157390e-04 -3.109627355959987405e-17
4.918494876263008152e-04 -4.773877690725236711e-18
2.942470578462209538e-04 7.118464888725140050e-18
1.897250346539250919e-04 -4.184596869320419965e-17
1.292819282885565081e-04 1.254409208071519816e-16
9.191890511469282704e-05 -5.511749266902139094e-17
6.759437655694655719e-05 1.450967438646616481e-17
5.108771314352893774e-05 7.499999999999998335e-02
3.949932016017996574e-05 -1.500000000000000222e-01
3.113001354402167992e-05 7.500000000000001110e-02
2.493880543320726187e-05 3.268276626980717858e-18
2.026359850344736937e-05 9.352726045345170769e-18
1.666957547939520537e-05 2.809618873954354903e-17
1.386315938109577701e-05 -6.716224823941833837e-17
1.164127927578999643e-05 7.860613319541186607e-17
9.860440213502161513e-06 -1.035453399098460937e-16
8.417306218432474876e-06 1.138983366604686266e-17
7.236190350535972167e-06 6.817752310582102411e-17
6.260806004452980112e-06 4.205624462236007971e-18
5.448713646687332272e-06 -3.737342297346468029e-17
4.767511324598322565e-06 7.175216096191178172e-18
4.192176453396249947e-06 -2.775557561562891351e-17
3.703181899479069186e-06 2.949029909160572061e-17
3.285141678431905375e-06 -2.602085213965210642e-17
2.925824567065519560e-06 2.970883359199733009e-17
2.615426961026120222e-06 -2.114533049525635366e-17
2.346030828855881143e-06 6.749666743490617682e-17
2.111195440259297730e-06 -3.107594476886577084e-17
1.905646876089490954e-06 4.802337997752981202e-17
1.725039772599010120e-06 -1.835689803289519695e-17
1.565772950813600376e-06 -3.685609760092911635e-17
1.424845616026479715e-06 -5.692061405548898279e-17
1.299744371513608318e-06 8.724439356719293492e-17
1.188353821298272078e-06 9.540979117872439019e-18
1.088885371824249715e-06 -1.257674520083185143e-17
9.998201790286515012e-07 9.324138683375338132e-18
9.198631587118734354e-07 -2.645453300864630819e-17
8.479057110696744219e-07 -3.339342691255353657e-17
7.829953491817587914e-07 2.350008208862330861e-17
7.243108270296372470e-07 -1.462317680139824105e-17
6.711416771514974624e-07 2.204318541934591202e-17
6.228712971659625119e-07 1.040834085586084257e-17
5.789629113042878139e-07 2.428612866367529932e-17
5.389478697690169157e-07 -1.734723475976807094e-17
5.024158566782175579e-07 -2.625802136488331051e-19
4.690066680133044778e-07 1.622152797286710579e-17
4.384032776523464847e-07 -7.028255879842557063e-19
4.103259763376700120e-07 1.626303258728256651e-18
3.845273940414033271e-07 1.739276278068298959e-17
3.607882640515798522e-07 -3.345356625180859189e-17
3.389138062510624161e-07 -1.016608943294611267e-17
3.187306282295947896e-07 3.816391647148975608e-17
3.000840645109477400e-07 2.428612866367529932e-17
2.828358853521409366e-07 -4.510281037539698445e-17
2.668623177136747395e-07 -2.144687422447888459e-17
2.520523328595393616e-07 -6.181307635882982154e-17
2.383061590848666771e-07 7.668019864903730110e-17
2.255339906540141000e-07 -2.602085213965210642e-18
2.136548598818087397e-07 -1.517883041479706208e-17
2.025956517357624387e-07 4.553649124439118623e-18
1.922902439811802200e-07 -1.301042606982605321e-18
1.826787485790896948e-07 1.474514954580286030e-17
1.737068487368906983e-07 2.030846194336910493e-17
1.653252120679103449e-07 -4.878909776184769953e-18
1.574889747370082378e-07 -4.857903359092863305e-17
1.501572843383044400e-07 -1.232602344844457853e-17
1.432928952380434966e-07 2.369659373238630629e-17
1.368618107030920565e-07 5.686640394686470756e-17
1.308329628283846819e-07 -7.391209497741024759e-18
1.251779304178113578e-07 2.674252421071277031e-17
1.198706844669483729e-07 -7.083397724708812015e-17
1.148873642542935433e-07 -8.847089727481716182e-17
1.102060737010693986e-07 1.960237527853792017e-16
1.058067026519712850e-07 -9.020562075079396891e-17
1.016707643829444973e-07 2.657735278599818174e-17
9.778124936166803085e-08 -1.121854904573326220e-16
9.412249602516148424e-08 1.537829608596360913e-16
9.068007269845866842e-08 -1.317583572255705705e-16
8.744067230623920006e-08 2.905260143355696133e-17
8.439201583234193541e-08 -1.160499568307531766e-17
8.152276747069629812e-08 1.143008096593124277e-17
7.882245642705212391e-08 -4.071671495583660712e-17
7.628140567130135765e-08 1.048151391459177344e-16
7.389066938728567171e-08 -3.770376582289385742e-17
7.164197494819693653e-08 -3.284073791447010560e-17
6.952766945945293431e-08 -2.775557561562891351e-17
6.754067384735253088e-08 0.000000000000000000e+00
6.567443866891450183e-08 5.551115123125782702e-17
6.392290492731515870e-08 -3.746087912526868680e-17
6.228046951419093352e-08 -1.590325534293630244e-17
6.074195051115731121e-08 4.534887344657435870e-17
5.930256102555740011e-08 1.400399571695534751e-17
5.795787903531651568e-08 -4.669862044802408629e-17
5.670382559677666912e-08 3.074729598533110231e-17
5.553664133087221622e-08 -1.042121575665910793e-16
5.445286612609269439e-08 2.187648933532626572e-16
5.344932271561173009e-08 -2.364983751369786891e-16
5.252309767667107110e-08 2.120699449381646673e-16
5.167152802854069193e-08 -1.548240702309300332e-16
5.089218747811319332e-08 5.269222558279551549e-17
5.018287369679130805e-08 -9.540979117872439019e-18
4.954159778074174181e-08 -2.661716333451913385e-17
4.896657440807417050e-08 2.589887939524748717e-17
4.845621310477958923e-08 2.250397134265225141e-17
4.800911034951588219e-08 -2.814859890315490887e-17
4.762404321335261814e-08 -2.775557561562891351e-17
4.729996295376251436e-08 1.110223024625156540e-16
4.703599055968891995e-08 -8.326672684688674053e-17
4.683141279902580971e-08 1.673779455421860185e-17
4.668567712332158306e-08 7.352584795346228663e-17
4.659839255715010620e-08 -1.380149131509052565e-16
4.656932354530404078e-08 0.000000000000000000e+00
-4.387835335589662087e-17 0.000000000000000000e+00
1.228545379140970986e-17 -2.020029757404130498e-05
-1.456897189679521196e-17 -4.314423548920428707e-05
2.995186115361504185e-17 -7.239707898005272747e-05
-3.173141412567408330e-16 -2.501136180630093020e-01
6.015919508824401449e-16 4.998228535220290980e-01
-3.128529543835237466e-16 -2.502841888296888362e-01
4.439334938782722932e-17 -4.838953468773644797e-04
-2.468250889654988218e-17 -9.093862438113188822e-04
2.674795903062565082e-17 -2.012992923561570877e-03
-2.288308335227556721e-17 -6.056047871605700107e-03
-3.852101175300172227e-17 -4.243517797771480943e-02
-5.233513030128355546e-17 2.122120080239090767e-01
8.768012112431099384e-17 -2.122017874148098560e-01
3.471034618327590773e-17 4.244559692308187693e-02
-8.999350989175104528e-17 6.066873200062758431e-03
-1.018677084590957059e-17 2.024453002241441250e-03
5.985678287290173631e-17 9.217423043818139417e-04
-2.755026701157134726e-19 4.974573024713322463e-04
-5.928517742199364079e-17 2.993362441304112348e-04
7.119107252860008635e-17 1.943574828579556417e-04
-2.340401474335422412e-17 1.335105588143374014e-04
-2.749708357420655474e-17 9.578918433803896085e-05
3.003444686597232997e-17 7.114554212884054173e-05
7.420612601215561115e-17 -7.494564622943056253e-02
-2.072228697917462122e-16 1.500425098581810723e-01
1.156237441827476304e-16 -7.496608912497929045e-02
-4.915403087160983472e-18 2.751264227428996950e-05
6.049580203534491626e-18 2.265033298913936988e-05
-1.358923222528182636e-17 1.888678560520310531e-05
6.381704522889384323e-17 1.592640218851966021e-05
-8.333058990997110863e-17 1.356436332357623073e-05
-3.585197173456663848e-17 1.165565612887897895e-05
1.706692858622943408e-16 1.009562254165998762e-05
-5.169897877704268768e-17 8.807420518474346757e-06
-5.828377272010224421e-17 7.733751228186039006e-06
-5.912325234057951221e-17 6.831285593236650704e-06
8.567434710521281064e-17 6.066837781476875128e-06
-3.442983648924618327e-17 5.414692639150488207e-06
1.308701165730828878e-17 4.854709594498060610e-06
-7.281168857687879010e-17 4.370958002793048219e-06
1.237467840183991023e-16 3.950721924131607367e-06
-6.691201532562361933e-18 3.583765420196066764e-06
-9.974455318054255078e-17 3.261784015943442219e-06
4.076395499733110341e-17 2.977990844110173937e-06
-7.542454319897707945e-17 2.726801327941338348e-06
6.013488712806099287e-17 2.503590752703475648e-06
5.398853861432394972e-17 2.304506273092727145e-06
-1.254491057106554273e-17 2.126319955709766963e-06
-3.068765105679394658e-17 1.966313054306491510e-06
-7.284250932728612596e-17 1.822184199593360199e-06
1.952329766348730337e-16 1.691976104948450521e-06
-7.232319925886571003e-18 1.574016661936433747e-06
-2.111259976126940282e-16 1.466871327275402759e-06
1.403435537154171315e-16 1.369304414400296637e-06
-5.963584906215692113e-17 1.280247458380028144e-06
9.834055636266470523e-17 1.198773220628656115e-06
-6.119438968510483375e-17 1.124074238376593284e-06
-1.274579303953609459e-17 1.055445026274318132e-06
6.035822637767628211e-17 9.922672560558343235e-07
-3.802366162447489077e-17 9.339973543378427001e-07
-5.484185711242239987e-18 8.801560896338350873e-07
1.979722551948861180e-18 8.303197891086309319e-07
3.532300295127296709e-17 7.841129079294345971e-07
-3.433737423802418185e-17 7.412017187886574265e-07
3.660710489931048640e-17 7.012889302482960996e-07
-1.475426035400709632e-17 6.641090932718922567e-07
-1.426622330837482590e-17 6.294246525335764620e-07
-3.802366162447489077e-17 5.970225590758854173e-07
8.811380199330519562e-17 5.667113392726630394e-07
-1.274579303953609459e-17 5.383185662875128452e-07
-6.951564135893108028e-17 5.116886630184794716e-07
-9.181525283832318704e-19 4.866809886489636082e-07
5.572326209030075065e-17 4.631681810674870888e-07
-6.869062513978812339e-17 4.410346918601207138e-07
4.214362987991980762e-17 4.201755186483344118e-07
-7.232319925886571003e-18 4.004950813311924929e-07
9.439473254706391232e-19 3.819062388311922351e-07
-2.773969895188914767e-17 3.643294199818375434e-07
5.741541938719002407e-18 3.476918547753353808e-07
-3.003931453193103711e-18 3.319268970054182599e-07
-6.706263394368262650e-17 3.169734189144589103e-07
1.038824447878510968e-16 3.027752769885268150e-07
2.668019639484530679e-17 2.892808335775927836e-07
-1.894847965230805329e-17 2.764425346115255341e-07
-3.991014578649877483e-17 2.642165212556862644e-07
8.440195037188459324e-18 2.525623026322429337e-07
-9.609553524377102492e-17 2.414424365428262712e-07
2.324996431950392585e-16 2.308222663781854533e-07
-2.854635176613508148e-17 2.206696684044912038e-07
-2.495355475103702876e-16 2.109548337342684321e-07
1.481735201513186155e-16 2.016500645196223436e-07
1.192364753627585102e-16 1.927295970986970995e-07
-2.440414889582473309e-17 1.841694349274821768e-07
-1.336646630169468229e-16 1.759472018300989538e-07
1.941169802184967591e-18 1.680420088699526458e-07
9.294467526683679528e-17 1.604343290268014937e-07
-1.349436955179646455e-16 1.531058886890168718e-07
1.827591057482372054e-16 1.460395655942294126e-07
4.643151964366988442e-18 1.392192954769512118e-07
-2.251963436275202810e-16 1.326299893457483177e-07
1.582172133233864817e-16 1.262574546408702062e-07
-1.101106956355928750e-17 1.200883254781626164e-07
-9.464393530390203443e-18 1.141099974649728566e-07
-1.088072007033975373e-16 1.083105674523632267e-07
1.022152064991947877e-16 1.026787797551274189e-07
1.187469664175110493e-16 9.720397499049228352e-08
-1.332726583317095211e-16 9.187604188798078123e-08
3.071983830878960999e-17 8.668537778425610893e-08
-9.625329790368514345e-18 8.162284429277149103e-08
-4.951124538959451344e-18 7.667973313642620359e-08
1.976840754525021602e-17 7.184773068678873553e-08
-7.518469108641555524e-17 6.711888617962590009e-08
1.647514344632549630e-17 6.248557915923894091e-08
3.124089923132229354e-17 5.794049741728035663e-08
3.910786379696039520e-17 5.347660275711874078e-08
-3.762872973932956815e-18 4.908711270790178105e-08
-6.107241694070021450e-17 4.476547411230713536e-08
9.974018235583499043e-17 4.050534102312958185e-08
-7.110128703619113052e-17 3.630055476697147121e-08
-4.578379367854901223e-17 3.214512341406143905e-08
7.621468315027678445e-17 2.803320288006843838e-08
9.805612148162397634e-18 2.395907794383589362e-08
-9.030712661396001670e-18 1.991714632110230809e-08
4.003889479448142848e-17 1.590189896427673943e-08
-4.690939356138587720e-18 1.190790749079612522e-08
-1.300191390910827210e-16 7.929802178720420092e-09
2.928148751542246652e-17 3.962263751124565155e-09
1.157162064339696380e-16 0.000000000000000000e+00
8.200917834118705372e-05 0.000000000000000000e+00
8.524118613884596059e-05 4.151192007463078495e-17
9.559568319669941780e-05 -2.413599207377447459e-17
1.153110104726072320e-04 -3.984442983884228795e-17
1.491744240943062953e-04 2.500000000000002776e-01
2.069360395396948812e-04 -5.000000000000002220e-01
3.093944722885602020e-04 2.499999999999998612e-01
5.054114432200807437e-04 1.580766767483865465e-16
9.278991725713041849e-04 -2.644098048149023938e-17
2.029036534430111397e-03 -5.051026871066843782e-17
6.070042428838735675e-03 7.329206686002009974e-17
4.244745797695470557e-02 -1.908195823574487804e-17
-2.122011736748029009e-01 -1.123233450694982594e-16
2.122113942839021494e-01 1.465841337200401995e-16
-4.243703903158781154e-02 -5.746271514173173500e-18
-6.059217100381584543e-03 -4.707470307660499564e-17
-2.017576455750019412e-03 -7.462021452131484267e-17
-9.155431120010304111e-04 1.168160078217350684e-16
-4.918494876261745056e-04 -9.802204078805665244e-17
-2.942470578462556483e-04 3.853322283649263102e-17
-1.897250346538584677e-04 6.682073514299724515e-17
-1.292819282886156513e-04 -5.961576701453375968e-17
-9.191890511463945718e-05 8.253361983103814359e-17
-6.759437655706798784e-05 -7.063915966921963108e-17
-5.108771314354395394e-05 7.500000000000003886e-02
-3.949932016000736075e-05 -1.499999999999999112e-01
-3.113001354409085202e-05 7.499999999999984457e-02
-2.493880543331057956e-05 1.791940551563835082e-17
-2.026359850330055145e-05 -2.491674469290612592e-17
-1.666957547942839212e-05 1.157683339450999056e-16
-1.386315938127821266e-05 1.697244915038764474e-17
-1.164127927559039819e-05 -2.257869751570131184e-16
-9.860440213342341642e-06 2.812925339253767153e-16
-8.417306218864600593e-06 -2.845422625762549158e-16
-7.236190350513690118e-06 3.348372327170880515e-16
-6.260806004153176188e-06 -3.425372651334420739e-16
-5.448713646738107662e-06 2.187117420358224498e-16
-4.767511324797314321e-06 -1.171065401226432934e-17
-4.192176453188733651e-06 -1.222980050563649002e-16
-3.703181899551060210e-06 1.387778780781445676e-16
-3.285141678430875383e-06 -7.329206686002009974e-17
-2.925824566997058969e-06 -3.067563699799338850e-16
-2.615426961030996167e-06 6.789307885422118938e-16
-2.346030829053630725e-06 -4.975505413489650364e-16
-2.111195439916926166e-06 6.791510171084980119e-17
-1.905646876453627030e-06 3.597992672028926808e-16
-1.725039772388790095e-06 -3.320369153236857329e-16
-1.565772951038247067e-06 -1.181441554830298113e-16
-1.424845615776408484e-06 1.256048216824456887e-16
-1.299744371617474886e-06 3.167903222731083268e-17
-1.188353821257939757e-06 5.952269926945419343e-17
-1.088885371914455336e-06 -3.235259282696745231e-16
-9.998201790616112472e-07 4.141652298894626938e-16
-9.198631585266917043e-07 -1.882174971434835697e-16
-8.479057110370941466e-07 1.029992063861229212e-17
-7.829953494183588105e-07 8.136937304503710777e-17
-7.243108268466171441e-07 -1.006546191881230179e-16
-6.711416772116842355e-07 8.773228454481141192e-17
-6.228712971475310750e-07 -9.367506770274758310e-17
-5.789629113567631991e-07 1.387778780781445676e-17
-5.389478696968090510e-07 8.413408858487514408e-17
-5.024158568718615716e-07 -1.391454903772529339e-16
-4.690066676861479545e-07 3.873693426030729026e-17
-4.384032778969974461e-07 1.846491590949380160e-16
-4.103259764467407505e-07 -1.766165338978886723e-16
-3.845273938471542142e-07 -1.043097781137621374e-16
-3.607882640267975740e-07 1.753862185420018011e-16
-3.389138063193955285e-07 1.793168749337353818e-17
-3.187306282128980761e-07 -1.101549407245272505e-16
-3.000840644246452471e-07 9.714451465470119729e-17
-2.828358856251430437e-07 8.673617379884035472e-17
-2.668623174108977303e-07 -1.315340523132257911e-16
-2.520523330883670064e-07 9.744267025213471101e-18
-2.383061591180161585e-07 7.101524229780054043e-18
-2.255339905773067963e-07 -2.332118873016320038e-16
-2.136548597165763286e-07 1.916869440954371839e-16
-2.025956517999472073e-07 5.767955557622883589e-17
-1.922902440575080529e-07 -1.205632815803880931e-16
-1.826787484459496680e-07 6.537739100087591737e-17
-1.737068488325173299e-07 7.847590849721641781e-17
-1.653252120829265450e-07 -9.264507563888635389e-17
-1.574889746917970072e-07 -5.272610690068568751e-17
-1.501572841901956470e-07 2.679605669297924209e-16
-1.432928955392280838e-07 -4.248513975520229469e-16
-1.368618105330967792e-07 4.654988146248623115e-16
-1.308329630093469183e-07 -2.382297104811664790e-16
-1.251779303614830315e-07 -1.050490261184783281e-16
-1.198706843952758330e-07 -1.641719258368284917e-17
-1.148873641353023549e-07 2.736526283353413191e-16
-1.102060737591826350e-07 -2.914335439641035919e-16
-1.058067027150718514e-07 1.647987302177966740e-17
-1.016707644620450926e-07 1.097699642500001710e-16
-9.778124924571091444e-08 2.868568131918517936e-16
-9.412249614589120780e-08 -4.674803423258453404e-16
-9.068007261301676096e-08 9.654394182531829665e-17
-8.744067237494373648e-08 1.406237415412239994e-16
-8.439201572588090537e-08 -1.051171203484570404e-16
-8.152276757804671276e-08 4.287444536218323172e-17
-7.882245633976453167e-08 1.741961107813299074e-16
-7.628140570443559248e-08 -3.630583323465720082e-16
-7.389066936770057590e-08 1.820062045412677854e-16
-7.164197504383542660e-08 6.221456997582835990e-19
-6.952766933954017403e-08 -5.551115123125782702e-17
-6.754067380311708224e-08 5.551115123125782702e-17
-6.567443855469380296e-08 -4.857225732735059864e-17
-6.392290543000549597e-08 1.069429917885389436e-16
-6.228046905437401590e-08 -1.047013190936304378e-16
-6.074195064578811597e-08 3.664105711144493085e-17
-5.930256096614312106e-08 -1.611395478856580965e-17
-5.795787904312277132e-08 1.802248942531919917e-16
-5.670382587324822310e-08 -1.203566055412580438e-16
-5.553664124684654785e-08 -2.035521816205754231e-16
-5.445286583509283129e-08 -9.511163558129087647e-17
-5.344932286609899164e-08 5.158837224593371129e-16
-5.252309768707941195e-08 -2.856872724499304184e-16
-5.167152802854069193e-08 -2.862293735361731706e-17
-5.089218745035761771e-08 7.762887554996211747e-17
-5.018287378699692880e-08 -7.979727989493312634e-17
-4.954159757430964817e-08 2.406928822917819843e-17
-4.896657457330658159e-08 1.232873395387579230e-16
-4.845621303566170074e-08 -2.838034711752368544e-16
-4.800911029741996780e-08 1.747327326231951083e-16
-4.762404327124901415e-08 2.498001805406602216e-16
-4.729996322481305748e-08 -3.330669073875469621e-16
-4.703599034783581545e-08 -1.665334536937734811e-16
-4.683141239158940955e-08 1.796827931669492395e-16
-4.668567762763822359e-08 1.189933060126522474e-17
-4.659839242373225261e-08 -1.548196233079569481e-17
-4.656932347743298478e-08 0.000000000000000000e+00
-1.177858420564212042e-17 0.000000000000000000e+00
-1.120957234548437042e-17 2.020029757398971050e-05
1.749325881349968567e-17 4.314423548919727364e-05
-1.027635379584695118e-17 7.239707898008517222e-05
-6.607820046554650931e-16 -2.498863819369910311e-01
1.277476200365220015e-15 5.001771464779714016e-01
-6.400157468924735366e-16 -2.497158111703113303e-01
-2.589405315644014146e-17 4.838953468771896521e-04
8.682978138350294954e-17 9.093862438114218814e-04
-1.083103589242835706e-16 2.012992923561565672e-03
-1.120447428024454021e-20 6.056047871605766894e-03
-4.047996050815919946e-17 4.243517797771471228e-02
2.031102863809848646e-16 -2.122120080239089934e-01
-2.109165420228804965e-16 2.122017874148099392e-01
-2.295601356288109398e-18 -4.244559692308228632e-02
1.536938723204166103e-16 -6.066873200062374190e-03
-8.900088394092217990e-17 -2.024453002241620794e-03
2.054916311109115846e-16 -9.217423043818308553e-04
-1.235060161083785002e-16 -4.974573024709241526e-04
-3.339887351930358025e-16 -2.993362441307962892e-04
3.368415421593882860e-16 -1.943574828580311564e-04
-1.095604736753125111e-16 -1.335105588141938531e-04
7.138583792449517177e-17 -9.578918433816478251e-05
-2.791888541685155258e-17 -7.114554212872450500e-05
1.110816727261111935e-16 -7.505435377056947355e-02
-1.443465286322705242e-16 1.499574901418191941e-01
9.645774809567094504e-19 -7.503391087502132850e-02
3.149916036089744720e-16 -2.751264227375723321e-05
-2.295590135159584855e-16 -2.265033298903437167e-05
-2.034359705492041430e-16 -1.888678560554546925e-05
2.486153570155777080e-16 -1.592640218863069945e-05
-6.353730906316452596e-17 -1.356436332334883118e-05
-1.160049652869965509e-17 -1.165565612879418079e-05
-2.756667852947136766e-17 -1.009562254172416561e-05
3.738672755227338682e-17 -8.807420518630460011e-06
-2.448181176441114236e-18 -7.733751228120720907e-06
-2.197050814347948309e-17 -6.831285593069448942e-06
9.373198646781106212e-17 -6.066837781619438396e-06
2.264862093066679813e-17 -5.414692639103650673e-06
-9.577427130491992559e-17 -4.854709594531020356e-06
1.201889709749894307e-16 -4.370958002806058645e-06
-2.513174725080688351e-16 -3.950721924301305336e-06
-9.760125845923720381e-17 -3.583765419814229394e-06
4.135161466929897381e-16 -3.261784016274538081e-06
-2.256035814105177165e-16 -2.977990843555960280e-06
6.585316755835664791e-17 -2.726801328345837238e-06
-5.128079531906489732e-18 -2.503590753328860402e-06
1.522770236686163140e-17 -2.304506272189125950e-06
8.997378968212247687e-17 -2.126319955992635310e-06
-1.577974118346688136e-16 -1.966313054366556311e-06
2.223510887827083970e-16 -1.822184199573410879e-06
-3.705111018127467245e-16 -1.691976104792325408e-06
-1.893431854404644352e-17 -1.574016662127253330e-06
3.589401198355006587e-16 -1.466871327305326739e-06
-1.772782596756602195e-16 -1.369304414217879622e-06
4.687962953986032647e-17 -1.280247458458619249e-06
-1.280162200433687354e-17 -1.198773220716340966e-06
2.537854520675716667e-17 -1.124074238289108333e-06
-1.898474249277657214e-17 -1.055445026345441795e-06
-8.775117522852716813e-17 -9.922672560402218123e-07
7.300602568272433248e-17 -9.339973544176399800e-07
-3.035579920610217466e-17 -8.801560895005240657e-07
-1.063654654613801841e-17 -8.303197889731484355e-07
7.575418861837136796e-17 -7.841129081371084411e-07
-8.073384237572019626e-17 -7.412017189868495837e-07
3.136119185277349336e-17 -7.012889302216348906e-07
1.129286197993193027e-16 -6.641090928004324477e-07
-1.401244929066814642e-16 -6.294246528198991150e-07
3.137266225928096221e-17 -5.970225590446603947e-07
2.327112723398848591e-17 -5.667113393125616794e-07
8.770833122852341375e-18 -5.383185665945589005e-07
-6.063317795322461920e-18 -5.116886621166773740e-07
-7.812480289658851569e-17 -4.866809898006844710e-07
5.598692778873855756e-17 -4.631681797229544222e-07
-1.499563649290255078e-16 -4.410346929505570487e-07
6.056768196748981379e-17 -4.201755185082554911e-07
1.614769229575414943e-16 -4.004950811334340166e-07
-1.207109212720865029e-16 -3.819062388554783638e-07
4.540929423307407337e-17 -3.643294198612742618e-07
6.901768264929871397e-17 -3.476918549394835897e-07
-3.102317276725982413e-17 -3.319268969808068705e-07
-4.841496515803747887e-17 -3.169734189100949966e-07
-4.470145882762740157e-17 -3.027752769486451157e-07
4.739462557179093492e-17 -2.892808335568404764e-07
-7.028423437439997958e-18 -2.764425346691678202e-07
-8.304844830537131730e-17 -2.642165207373232765e-07
1.043788300112342378e-16 -2.525623036201798117e-07
2.390724897737644081e-17 -2.414424359981159000e-07
-4.634448271878405035e-17 -2.308222664536459245e-07
5.688139458103909871e-17 -2.206696683125508596e-07
-3.286253030059102889e-17 -2.109548336527364287e-07
-1.296367170012962579e-17 -2.016500649677345364e-07
1.738264258595531066e-17 -1.927295970069028684e-07
-2.797768314701053675e-19 -1.841694343773800173e-07
1.632779441763697179e-17 -1.759472022194444242e-07
-3.931502550788851336e-17 -1.680420088463068740e-07
4.789128803861525900e-17 -1.604343290226679729e-07
-1.522638862888174771e-18 -1.531058887044464239e-07
-5.043640127613104881e-17 -1.460395656813298106e-07
4.250936304850175771e-17 -1.392192952183029251e-07
-2.894053050819830700e-17 -1.326299894271803712e-07
-4.302971572691218403e-18 -1.262574546912364793e-07
8.249658085186664289e-17 -1.200883254642848286e-07
-5.414090788147655533e-17 -1.141099976176285224e-07
9.267320015839429729e-19 -1.083105672233797279e-07
2.835713656577690765e-17 -1.026787798007316728e-07
-2.746756570129157646e-17 -9.720397508094862603e-08
-1.333096636188277178e-17 -9.187604188723539223e-08
-6.892450902510074094e-17 -8.668537777773734337e-08
1.681086790167902934e-16 -8.162284415545728589e-08
-1.278864550687438200e-17 -7.667973386370902089e-08
-7.062755716683425713e-17 -7.184772971290413410e-08
7.661099790623862240e-17 -6.711888611565797191e-08
-1.206092773184160115e-16 -6.248557989693009906e-08
4.801137944703929634e-17 -5.794049715707183523e-08
-3.050530052129255867e-17 -5.347660260446307490e-08
-5.056530736231986769e-18 -4.908711286055744694e-08
-4.918129250634654024e-18 -4.476547398046815118e-08
-3.839196138026710150e-17 -4.050534107430392439e-08
1.531721000249079613e-16 -3.630055469649833000e-08
-5.047087123463011822e-17 -3.214512356335607821e-08
-5.287435615637522809e-18 -2.803320286505223830e-08
-2.245418944473021098e-17 -2.395907826302501320e-08
-7.907755784864313266e-17 -1.991714504434582977e-08
2.963793878330413047e-17 -1.590190036593330802e-08
3.097986820783144186e-17 -1.190790716501370118e-08
-1.013917938742213393e-17 -7.929802192794719543e-09
-5.369174295047562792e-18 -3.962263614542196476e-09
5.500826961946495271e-17 0.000000000000000000e+00
-8.200917834110812380e-05 0.000000000000000000e+00
-8.524118613892302026e-05 1.721287415850985755e-17
-9.559568319656271346e-05 1.869825231063867998e-18
-1.153110104726923148e-04 1.401204252995426336e-17
-1.491744240931025057e-04 2.500000000000001110e-01
-2.069360395420276506e-04 -5.000000000000002220e-01
-3.093944722872851803e-04 2.500000000000000000e-01
-5.054114432202954157e-04 2.255614857220311631e-16
-9.278991725711911026e-04 -1.418407492154161176e-16
-2.029036534430106627e-03 1.849919956803391941e-17
-6.070042428838722665e-03 -8.744090521095593260e-17
-4.244745797695465006e-02 1.734723475976807094e-18
2.122011736748029009e-01 3.726402866832678740e-16
-2.122113942839023715e-01 -3.356689926015121728e-16
4.243703903158818624e-02 -7.513521055324545728e-17
6.059217100381292243e-03 6.264994491071707028e-17
2.017576455750237120e-03 1.168498891396252404e-16
9.155431120010091607e-04 -5.972937530858424271e-17
4.918494876253791349e-04 -2.959194304527623665e-17
2.942470578471670286e-04 1.465366998749939587e-17
1.897250346536938587e-04 3.922778985324115730e-17
1.292819282885359082e-04 -3.895483348598845902e-17
9.191890511467488349e-05 5.107079276351397107e-17
6.759437655697725367e-05 1.352711616765117641e-18
5.108771314331258520e-05 7.499999999999994171e-02
3.949932016061364660e-05 -1.500000000000000777e-01
3.113001354387661367e-05 7.500000000000034417e-02
2.493880543328853638e-05 -3.980231112554006787e-16
2.026359850247939706e-05 1.528189314865422907e-16
1.666957548040629843e-05 3.554838460948688342e-18
1.386315938094890997e-05 2.747994580063644384e-17
1.164127927575865621e-05 -2.169180306560032612e-16
9.860440213364998080e-06 3.369281962077231825e-16
8.417306218341872844e-06 1.404053592420650997e-16
7.236190350815955519e-06 -6.755881053647708060e-16
6.260806004262085990e-06 3.908142785391153454e-16
5.448713646791398740e-06 -8.887112034239481873e-17
4.767511324560792229e-06 8.750337389081593725e-17
4.192176453364808084e-06 -2.168404344971008868e-17
3.703181899605704000e-06 -3.469446951953614189e-18
3.285141678325274091e-06 -3.903127820947815962e-18
2.925824567086061803e-06 2.546765492180032286e-16
2.615426961015094394e-06 -5.282554856869334237e-16
2.346030828877444484e-06 2.975321811843345543e-16
2.111195439973064122e-06 -1.462859781226066858e-16
1.905646876338945545e-06 1.814276810382930982e-16
1.725039773094358376e-06 3.974956214874980631e-17
1.565772950251712601e-06 -1.178087304359171084e-16
1.424845616033201768e-06 5.009014036883030485e-17
1.299744371652819877e-06 -2.151463686025922861e-18
1.188353821209367500e-06 -9.866239769618090349e-18
1.088885371956088699e-06 5.195496810550537248e-16
9.998201789193639222e-07 -9.693851624192895144e-16
9.198631586251372616e-07 3.135512682828078823e-16
8.479057112159332950e-07 2.385244779468109755e-16
7.829953491848758726e-07 -7.223496974184673292e-17
7.243108270091390497e-07 9.107298248878237246e-18
6.711416771345500272e-07 -8.591624590589819199e-17
6.228712971562046924e-07 9.714451465470119729e-17
5.789629113225024104e-07 -1.908195823574487804e-17
5.389478698224680828e-07 2.775557561562891351e-17
5.024158567039961586e-07 -1.042866964659494577e-17
4.690066678713099921e-07 -1.068599825597080222e-16
4.384032775803555663e-07 2.178441685395972327e-16
4.103259768615565017e-07 -2.332118873016320038e-16
3.845273934142803559e-07 7.227478029036768503e-17
3.607882642266763854e-07 1.664165631470523876e-16
3.389138063495333843e-07 -1.480613591800516993e-16
3.187306281859014420e-07 -2.775557561562891351e-17
3.000840645014067609e-07 3.642919299551294898e-17
2.828358853146275415e-07 -4.163336342344337027e-17
2.668623182050148352e-07 1.375242693162082031e-16
2.520523319632904120e-07 -1.732012970545593333e-16
2.383061604046930867e-07 -4.960224939121182786e-18
2.255339896937362358e-07 1.136243876764808647e-16
2.136548596285391122e-07 -2.211772431870429045e-17
2.025956521919947129e-07 -1.593777193553691518e-17
1.922902438354634480e-07 6.331740687315345895e-17
1.826787485881969930e-07 -1.080949565968047921e-16
1.737068487433959113e-07 8.845395661587207581e-17
1.653252120479610249e-07 -7.589415207398531038e-18
1.574889748414711171e-07 -2.700341035846709481e-18
1.501572842243785086e-07 2.221259200879677209e-17
1.432928951661270112e-07 2.275333784232391743e-16
1.368618108071932528e-07 -6.002956378509116675e-16
1.308329628610041325e-07 9.411959059346663992e-16
1.251779304545869873e-07 -1.143509725386356035e-15
1.198706844587253770e-07 5.183324947098492952e-16
1.148873641476622597e-07 1.071191746415678381e-16
1.102060736750485465e-07 -2.393918396847993790e-16
1.058067028425740269e-07 8.933825901280556536e-17
1.016707641582588436e-07 1.994934114955696294e-16
9.778124944168426876e-08 2.602508730438837792e-18
9.412249616141689821e-08 -3.703025286884052084e-16
9.068007266695624256e-08 2.421960746055827488e-16
8.744067220832303839e-08 4.494436227470122690e-19
8.439201592179962607e-08 -2.210243345742604456e-18
8.152276744174301792e-08 6.604832050444012833e-18
7.882245636577183128e-08 1.403524329177515068e-16
7.628140566721188258e-08 -3.169422058684628635e-16
7.389066949940403480e-08 1.887814093281181202e-16
7.164197482035594786e-08 -8.477317494357851368e-18
6.952766959367716326e-08 6.938893903907228378e-18
6.754067365306350157e-08 -1.665334536937734811e-16
6.567443881078235610e-08 1.526556658859590243e-16
6.392290517228386331e-08 1.054140973187449315e-16
6.228046904407409526e-08 -1.599928770333125874e-16
6.074195079679037355e-08 2.704597376406662340e-17
5.930256093930911729e-08 9.791700870259711920e-18
5.795787910524755580e-08 -1.439380027928177652e-16
5.670382569988429572e-08 8.258706761000988994e-16
5.553664108318622991e-08 -1.212093983125536734e-15
5.445286601637143453e-08 3.159094080079638545e-16
5.344932306819427659e-08 3.523826467167340271e-16
5.252309752748485217e-08 -1.434399474198322366e-16
5.167152805629626755e-08 -1.821459649775647449e-17
5.089218746423540551e-08 2.981555974335137194e-17
5.018287369332186110e-08 4.336808689942017736e-18
4.954159775819033662e-08 -2.439454888092384977e-18
4.896657440200263833e-08 -1.015761910347356967e-16
4.845621310017173000e-08 1.546343348507450699e-16
4.800911039196239724e-08 -5.059836013718288505e-17
4.762404270746388446e-08 4.163336342344337027e-17
4.729996437883784988e-08 -2.220446049250313081e-16
4.703598952720319110e-08 1.110223024625156540e-16
4.683141256235802798e-08 1.862667802659569161e-17
4.668567754912165751e-08 -5.445108949776907015e-17
4.659839239631549017e-08 8.632430402823795118e-18
4.656932362358343763e-08 0.000000000000000000e+00
-1.357327021831641200e-18 0.000000000000000000e+00
7.332346968204354055e-17 -2.020029757397344747e-05
-1.056068764537800771e-16 -4.314423548915153386e-05
5.831722223024954216e-17 -7.239707898009070165e-05
-9.413606105667640841e-16 -2.501136180630093575e-01
1.919744651017683285e-15 4.998228535220289315e-01
-1.050275055003477577e-15 -2.502841888296881701e-01
4.113060609310456792e-17 -4.838953468778815900e-04
1.254288598827647809e-17 -9.093862438113282064e-04
1.316242180459649989e-16 -2.012992923561379623e-03
-1.513088236871215511e-16 -6.056047871605719189e-03
3.236550915491706801e-17 -4.243517797771487188e-02
-3.676008208874350390e-16 2.122120080239089102e-01
4.287498234156174891e-16 -2.122017874148095506e-01
-1.016939018748204299e-16 4.244559692308182142e-02
7.321282600330844756e-17 6.066873200062453120e-03
-1.257881950705661209e-17 2.024453002241763042e-03
1.151443450241853315e-16 9.217423043820138686e-04
-1.701951503851702069e-16 4.974573024704501394e-04
-8.255822706265189339e-17 2.993362441313085747e-04
7.533977825496749459e-18 1.943574828575066193e-04
2.712740106641894619e-16 1.335105588144873195e-04
4.455876631734382639e-18 9.578918433814069967e-05
-1.065089306792144898e-16 7.114554212910336589e-05
-5.350954792994396072e-17 -7.494564622943078458e-02
-3.937259446318861746e-16 1.500425098581806282e-01
2.837272980226870784e-16 -7.496608912497897126e-02
1.575296619465537069e-16 2.751264227454611904e-05
-6.389271072643256736e-17 2.265033298802859120e-05
1.011935006246701914e-16 1.888678560618394913e-05
-3.369790851750784306e-17 1.592640218840050639e-05
-4.458718831371605291e-18 1.356436332346130869e-05
-1.744756896289189320e-16 1.165565612891455434e-05
5.684296138555343242e-17 1.009562254233779016e-05
7.200079187151453335e-17 8.807420517053584513e-06
2.159961111307817878e-16 7.733751228854076950e-06
-6.062168124237327302e-17 6.831285593420334881e-06
-8.167646576456016674e-17 6.066837781518049399e-06
-2.323529360804130322e-16 5.414692639190386847e-06
4.342437131426921324e-17 4.854709594211831236e-06
3.929815803481521883e-17 4.370958002862003478e-06
1.413185101272904663e-16 3.950721924553998134e-06
-7.229589630134590683e-17 3.583765419452290098e-06
3.178105642131160078e-17 3.261784016529155761e-06
-1.072872674054544416e-16 2.977990843747158486e-06
8.059217703978791212e-17 2.726801327730640596e-06
-5.729582291153902335e-17 2.503590753819648232e-06
3.194538081307893504e-17 2.304506272033759779e-06
-6.516262487260357714e-17 2.126319955970111010e-06
1.332776263590053932e-16 1.966313054157630552e-06
-2.233030284888150536e-17 1.822184199827114187e-06
2.629397698899824318e-17 1.691976105389070284e-06
-1.125964699188443961e-16 1.574016660765495401e-06
8.484089430321548262e-17 1.466871327849162548e-06
2.376834262698677805e-18 1.369304414649446296e-06
5.573006597197968857e-17 1.280247458206420271e-06
-1.365958991006826820e-16 1.198773220728348505e-06
8.738199314497838364e-17 1.124074238238611617e-06
1.657988272225878589e-17 1.055445026416565457e-06
3.236550915491706801e-17 9.922672561252232626e-07
-2.361955175821919016e-16 9.339973544237115122e-07
-1.200250013873681090e-17 8.801560893717983512e-07
9.502590023496499305e-17 8.303197888867160289e-07
2.427805105328244426e-16 7.841129081053294589e-07
-9.763447993854443494e-17 7.412017190792236088e-07
-3.381301619538380730e-17 7.012889300753506065e-07
-2.825466304021489550e-17 6.641090929964143782e-07
1.399077767536384291e-16 6.294246529273939488e-07
-1.806843663509340746e-16 5.970225589674652000e-07
-7.865679330759858603e-17 5.667113392310296760e-07
4.433545833788769940e-17 5.383185664020045946e-07
3.971114487697748628e-16 5.116886622276725714e-07
-1.612728626237392256e-18 4.866809899134686020e-07
-3.263427796119120740e-16 4.631681801210599074e-07
-4.677332277270160448e-16 4.410346928235427642e-07
1.368825985825196955e-16 4.201755181673823281e-07
2.898593765077748498e-16 4.004950809374102638e-07
2.067052184905861810e-16 3.819062391607896956e-07
-2.027415443504694432e-16 3.643294199241579878e-07
-2.978638038281447367e-17 3.476918547674207050e-07
4.976280541085989286e-17 3.319268969088429513e-07
1.144531661392258225e-16 3.169734190745142561e-07
-2.566806024316232641e-16 3.027752769179859111e-07
-6.111304690406751741e-17 2.892808341660062433e-07
9.781667857449085970e-17 2.764425332842206705e-07
3.314274318419928887e-16 2.642165223336140403e-07
-4.771838830381512820e-17 2.525623018834924898e-07
-1.768541699157368786e-16 2.414424372138923588e-07
-2.313187042175667002e-16 2.308222659822348199e-07
1.683244615845993240e-16 2.206696686178621913e-07
1.145917591149484114e-16 2.109548335937558305e-07
7.508561584968770561e-17 2.016500649325394704e-07
-1.633040973062230859e-16 1.927295966033348677e-07
2.517144657564948166e-17 1.841694351142224485e-07
4.548170149865580152e-18 1.759472019682068288e-07
1.023498064767907181e-16 1.680420087478647049e-07
-1.413565518285580309e-16 1.604343291838075208e-07
1.863817557435865636e-17 1.531058885542878112e-07
-2.938989894777247153e-17 1.460395653425877825e-07
1.184331622001369662e-16 1.392192958238416969e-07
-8.103538702943872477e-17 1.326299892212564973e-07
2.809353251662325556e-18 1.262574547136489711e-07
-8.229935540841919384e-17 1.200883252699957993e-07
1.405688859689704105e-16 1.141099974510950688e-07
-6.672014078570169174e-18 1.083105678201246036e-07
1.043074395281970643e-17 1.026787794079455545e-07
-1.078208816256648902e-16 9.720397498663658955e-08
1.038674777600336108e-16 9.187604198542345148e-08
-1.823784662766259266e-17 8.668537782812563933e-08
-8.686789666709852221e-18 8.162284419896089806e-08
-2.235785548529252069e-16 7.667973283344590649e-08
5.385981722444219342e-17 7.184773186775595191e-08
1.040813342523836650e-16 6.711888484649090880e-08
1.716583832649922502e-16 6.248557962674691768e-08
-1.823585435077419598e-16 5.794049752830265909e-08
-2.921717424225958384e-17 5.347660260446307490e-08
3.138557858723059271e-17 4.908711268014620543e-08
2.067052184905861810e-16 4.476547417475718049e-08
-1.895811603758598576e-16 4.050534120180609987e-08
-1.452810168068328335e-16 3.630055460347378360e-08
3.047287941575550459e-17 3.214512335518926109e-08
4.009434258231533176e-16 2.803320284811157935e-08
4.260073486191089231e-17 2.395907827690280101e-08
-2.451902470013720671e-16 1.991714551619061524e-08
-3.845143747782089082e-16 1.590190029654436898e-08
1.774272070313860694e-16 1.190790660987508381e-08
2.327080353167177410e-16 7.929802245568260289e-09
7.149250208743496358e-17 3.962263927568304331e-09
-2.962603179378888473e-16 0.000000000000000000e+00
8.200917834121589350e-05 0.000000000000000000e+00
8.524118613900398306e-05 -1.293172612111428803e-16
9.559568319630562202e-05 3.104540923111725331e-16
1.153110104729128957e-04 -3.915342036047222973e-16
1.491744240947422530e-04 2.500000000000004441e-01
2.069360395387915240e-04 -5.000000000000005551e-01
3.093944722885996670e-04 2.500000000000003886e-01
5.054114432204606482e-04 -8.847089727481716182e-17
9.278991725713637076e-04 5.988184123909001677e-17
2.029036534430017722e-03 -1.309038598004685916e-16
6.070042428838610775e-03 8.673617379884035472e-18
4.244745797695478190e-02 2.862293735361731706e-16
-2.122011736748028177e-01 -6.165857754925063716e-16
2.122113942839020106e-01 3.890117394877989909e-16
-4.243703903158734664e-02 1.561251128379126385e-17
-6.059217100382360832e-03 -3.666297408895513588e-17
-2.017576455749483383e-03 2.081397120629047137e-16
-9.155431120013894988e-04 -3.031734206130481946e-16
-4.918494876253807612e-04 7.181822953179761715e-17
-2.942470578470346475e-04 1.528013555528867640e-16
-1.897250346535406338e-04 -1.147484003974873212e-16
-1.292819282887517187e-04 -3.303732367361598803e-16
-9.191890511468516986e-05 5.962171742098822114e-16
-6.759437655640308730e-05 5.829505206735117323e-16
-5.108771314562082452e-05 7.499999999999829026e-02
-3.949932015793024623e-05 -1.499999999999990230e-01
-3.113001354468195904e-05 7.499999999999969191e-02
-2.493880543336647018e-05 3.214394743623503678e-16
-2.026359850251451504e-05 -1.527356046203561489e-16
-1.666957548047537228e-05 2.594774260839221962e-17
-1.386315938092563181e-05 7.127636667357128020e-17
-1.164127927569954686e-05 -7.152506348781902329e-17
-9.860440213437155122e-06 -1.638267149644130710e-16
-8.417306218566555109e-06 5.563736840482157837e-16
-7.236190349994347113e-06 -7.779319729475149157e-16
-6.260806004661278219e-06 3.848588957660887665e-16
-5.448713647770696729e-06 7.484504882925165602e-16
-4.767511323413346342e-06 -1.461215902033683074e-15
-4.192176453818004592e-06 7.641456911677835251e-16
-3.703181899401223470e-06 9.887923813067800438e-17
-3.285141678285565187e-06 -1.704365815147212970e-16
-2.925824567099358950e-06 2.434618329963562922e-16
-2.615426961293789409e-06 -3.817357264708845510e-16
-2.346030828376310994e-06 2.854331625657541283e-16
-2.111195440715829854e-06 -2.290715902554529837e-16
-1.905646875789790369e-06 1.458319684628783808e-16
-1.725039773276013062e-06 -5.679186504750632913e-17
-1.565772950124237530e-06 1.378325893090087684e-16
-1.424845616043664319e-06 -1.345494896054511003e-16
-1.299744371816317565e-06 8.690558038829121479e-18
-1.188353821181611925e-06 1.700029006457270953e-16
-1.088885371789555245e-06 3.773023560249555430e-17
-9.998201788638527709e-07 -3.617982649584128296e-16
-9.198631589955007237e-07 -1.201296007113938913e-16
-8.479057108708859536e-07 5.640019701269594066e-16
-7.829953492812885508e-07 -4.231370028667802430e-16
-7.243108269897928172e-07 3.081302574203803601e-16
-6.711416772594230125e-07 -2.568745997161281380e-16
-6.228712970681674760e-07 2.168404344971008868e-16
-5.789629111950002349e-07 -6.591949208711866959e-17
-5.389478696910627795e-07 -2.524022657546254322e-16
-5.024158578068072214e-07 1.112468508968327691e-15
-4.690066665502011746e-07 -1.796053743555701965e-15
-4.384032785183037362e-07 1.082173740335067198e-15
-4.103259759855211464e-07 -4.029979475128619981e-16
-3.845273940630823943e-07 4.540390941232220687e-16
-3.607882639457477441e-07 -2.480129410219536479e-16
-3.389138063435486730e-07 -4.126998628907127542e-17
-3.187306283320518949e-07 -2.602085213965210642e-18
-3.000840644294157367e-07 2.116362640691704655e-16
-2.828358851294458104e-07 -8.847089727481716182e-17
-2.668623183581312871e-07 -3.910446185612093117e-16
-2.520523328055460934e-07 1.212680129925036709e-16
-2.383061574830663875e-07 9.494087373912440952e-16
-2.255339935693795317e-07 -1.347229619530487810e-15
-2.136548573673270612e-07 1.056880277738869722e-15
-2.025956526222061349e-07 -5.818913059729702297e-16
-1.922902439048523870e-07 1.778091562876227272e-17
-1.826787486992192955e-07 2.775557561562891351e-17
-1.737068486388788219e-07 1.535060869650023418e-16
-1.653252119739642267e-07 -1.299958404810119816e-16
-1.574889747987264464e-07 1.493725661824013562e-16
-1.501572845271453534e-07 -4.685040875217205691e-16
-1.432928949349547793e-07 1.054190101098390064e-15
-1.368618108421392911e-07 -9.796240966856994969e-16
-1.308329628410973759e-07 -1.395402077306734379e-16
-1.251779303238446990e-07 9.701390217423458417e-16
-1.198706845691356982e-07 -7.022690873379096310e-16
-1.148873643438757478e-07 1.626303258728256651e-16
-1.102060736509792582e-07 -5.377642775528101993e-17
-1.058067027198423410e-07 2.159730727591124833e-16
-1.016707641574342570e-07 -2.949815532219150424e-16
-9.778124969046250405e-08 2.237908692249144550e-16
-9.412249562223172288e-08 -3.692802658001876747e-16
-9.068007322824050748e-08 3.874709600869638169e-16
-8.744067161183904880e-08 -3.422149558621220117e-16
-8.439201650883750423e-08 4.025604999420144699e-16
-8.152276719191065013e-08 -1.758814019439005455e-16
-7.882245637528739941e-08 6.183782560275740813e-17
-7.628140572599088692e-08 -3.222661255793113615e-16
-7.389066937245412480e-08 3.356832862824970891e-16
-7.164197504761827574e-08 -6.663841130110075700e-17
-6.952766912920495257e-08 1.387778780781445676e-17
-6.754067433849611501e-08 -2.220446049250313081e-16
-6.567443827927934609e-08 2.151057110211240797e-16
-6.392290527144770451e-08 -6.440796179274337063e-17
-6.228046901421110167e-08 6.765167446425371378e-17
-6.074195087647923322e-08 -1.013558565893311718e-16
-5.930256102256229161e-08 1.022411118983303224e-16
-5.795787903263311530e-08 2.552957303024461222e-17
-5.670382551914779357e-08 -3.962725059116628534e-16
-5.553664099357692036e-08 8.623506910724471064e-16
-5.445286635832879973e-08 -9.703880494288386060e-16
-5.344932301571889144e-08 6.850158732352867874e-16
-5.252309758646545035e-08 -4.041905699025960530e-16
-5.167152798690732851e-08 3.673276960380889022e-16
-5.089218735321310305e-08 -2.854704320154333175e-16
-5.018287376618024709e-08 -4.770489558936219510e-17
-4.954159787962097994e-08 7.502679033599690683e-17
-4.896657437207865837e-08 8.284659850504860756e-17
-4.845621249431955602e-08 -1.616748727083228143e-16
-4.800911096702322953e-08 5.491484003639079958e-17
-4.762404362383156065e-08 2.775557561562891351e-16
-4.729996176200748637e-08 -6.938893903907228378e-16
-4.703599187558509670e-08 6.800116025829083810e-16
-4.683141192031383022e-08 -1.609633650326292020e-16
-4.668567731892520750e-08 3.226475551033718137e-17
-4.659839243690530900e-08 -2.211513028030332416e-16
-4.656932382502820128e-08 0.000000000000000000e+00
-7.995455439914006535e-02 0.000000000000000000e+00
8.611351460482666309e-02 1.010014878689402106e-05
-9.244651842742104830e-02 2.157211774463769181e-05
1.434632760724624811e-01 3.619853948987625594e-05
-1.947177297816223562e-01 -1.249431909684950159e-01
3.502318893989167514e-02 2.500885732389858118e-01
1.242351314141084823e-01 -1.248579055851565672e-01
-7.009206914173388148e-02 2.419476734393565323e-04
1.482494860370890850e-02 4.546931219052980765e-04
5.374978620143253246e-04 1.006496461781074703e-03
-2.142795166287263242e-02 3.028023935802563824e-03
6.481774870538897781e-02 2.121758898885773084e-02
-4.758943810187780954e-02 -1.061060040119547881e-01
-5.630744371101448903e-02 1.061008937074048447e-01
7.531203759319958502e-02 -2.122279846154064356e-02
-3.435077085465215729e-02 -3.033436600031516259e-03
2.167602896015555919e-02 -1.012226501120757488e-03
-1.465318123838244349e-02 -4.608711521909295223e-04
9.800589600298195009e-03 -2.487286512353216721e-04
-5.680126659120432464e-03 -1.496681220655531855e-04
2.194698036929322148e-03 -9.717874142897895925e-05
2.559192660873792387e-03 -6.675527940717084201e-05
-7.042979460504482196e-03 -4.789459216884882700e-05
2.397174602827093978e-02 -3.557277106392168695e-05
-4.076141491034993014e-02 -3.752717688528636047e-02
-6.281556306030806371e-03 7.497874507091065177e-02
5.340513570591394477e-02 -3.751695543751036588e-02
-3.697658438374415435e-02 -1.375632113748918167e-05
2.059866867303145749e-02 -1.132516649394229441e-05
-1.702790092987856857e-02 -9.443392803115539021e-06
1.349086614114783020e-02 -7.963201094244871502e-06
-1.182575123636597780e-02 -6.782181661569109066e-06
1.018413941065705874e-02 -5.827828064562262666e-06
-9.187634724708921424e-03 -5.047811270879004830e-06
8.208095660261288673e-03 -4.403710258936508869e-06
-7.533289825966954859e-03 -3.866875614400098592e-06
6.871087249675843917e-03 -3.415642797213996190e-06
-6.379630835507268255e-03 -3.033418889644267508e-06
5.897762377712912132e-03 -2.707346319991144057e-06
-5.522380487428483337e-03 -2.427354797177906642e-06
5.154440438109565703e-03 -2.185479001468731974e-06
-4.857944251949988974e-03 -1.975360961975567570e-06
4.567324174677409900e-03 -1.791882710260256709e-06
-4.327232757428525582e-03 -1.630892007851124370e-06
4.091850682208954433e-03 -1.488995422164438075e-06
-3.893652839069162291e-03 -1.363400663732382712e-06
3.699278760412074742e-03 -1.251795376869149594e-06
-3.533128224510737221e-03 -1.152253136062382499e-06
3.370118404254256010e-03 -1.063159977991723348e-06
-3.229067662469622957e-03 -9.831565270896572978e-07
3.090623264775300451e-03 -9.110920999276517218e-07
-2.969613766781753830e-03 -8.459880523285084886e-07
2.850787241160309196e-03 -7.870083310757697292e-07
-2.746039810423658335e-03 -7.334356636398697837e-07
2.643136105790463986e-03 -6.846522070925141479e-07
-2.551766151243123511e-03 -6.401237292867926684e-07
2.461965300314138128e-03 -5.993866103054003303e-07
-2.381730720315088264e-03 -5.620371191176337655e-07
2.302840873055267412e-03 -5.277225132160889842e-07
-2.231971617621347423e-03 -4.961336280348560557e-07
2.162262234681952555e-03 -4.669986772495859917e-07
-2.099341935804792825e-03 -4.400780440096119239e-07
2.037428030054139715e-03 -4.151598956354980718e-07
-1.981309862254206512e-03 -3.920564535565568970e-07
1.926069764053444516e-03 -3.706008593791498829e-07
-1.875815413448590329e-03 -3.506444653130196681e-07
1.826331147357905223e-03 -3.320545464004058533e-07
-1.781165747898320450e-03 -3.147123263762263701e-07
1.736679021691195368e-03 -2.985112794659516844e-07
-1.695957352745294452e-03 -2.833556696432704136e-07
1.655836551120663802e-03 -2.691592833059530676e-07
-1.619017323580748506e-03 -2.558443309621377670e-07
1.582732402467880309e-03 -2.433404945483864934e-07
-1.549358449919837092e-03 -2.315840907715768435e-07
1.516461596692912292e-03 -2.205173464078953594e-07
-1.486144441277688875e-03 -2.100877587382643519e-07
1.456255005542779826e-03 -2.002475407106990568e-07
-1.428662707988208672e-03 -1.909531193115127090e-07
1.401455337878074713e-03 -1.821647100420931142e-07
-1.376302842952186606e-03 -1.738459274520150893e-07
1.351498056855321254e-03 -1.659634483869298904e-07
-1.328539455877106139e-03 -1.584867095460323894e-07
1.305896085121938978e-03 -1.513876383688788144e-07
-1.284918366206569103e-03 -1.446404170551518313e-07
1.264227449734130941e-03 -1.382212671595199876e-07
-1.245045413389474958e-03 -1.321082609437394112e-07
1.226125229877608920e-03 -1.262811507279481410e-07
-1.208577325349621985e-03 -1.207212185368698731e-07
1.191269324153927667e-03 -1.154111332335450157e-07
-1.175214219142798472e-03 -1.103348341311219394e-07
1.159379667238771491e-03 -1.054774168944561108e-07
-1.144693406133902563e-03 -1.008250323443656005e-07
1.130210609769433713e-03 -9.636479848850257324e-08
-1.116784247547405323e-03 -9.208471749212092730e-08
1.103546238482389606e-03 -8.797360075688724981e-08
-1.091283861623196585e-03 -8.402100477500457055e-08
1.079196461480428672e-03 -8.021716421767189882e-08
-1.068013525818517669e-03 -7.655294437488557847e-08
1.056993720160429549e-03 -7.301978290449222600e-08
-1.046815649881282020e-03 -6.960964764156233123e-08
1.036790217570582318e-03 -6.631499470041712918e-08
-1.027551220690231526e-03 -6.312872726128848644e-08
1.018455574954321707e-03 -6.004416289173697407e-08
-1.010097639329013940e-03 -5.705499848268624774e-08
1.001874845431668937e-03 -5.415528397251234693e-08
-9.943468862124611729e-04 -5.133938982141220131e-08
9.869468273521865911e-04 -4.860198742160509733e-08
-9.802039622680313365e-04 -4.593802102007427807e-08
9.735826306497312932e-04 -4.334268890134377293e-08
-9.675855638647903358e-04 -4.081142210347844454e-08
9.617044581521775118e-04 -3.833986626962382349e-08
-9.564189569630232590e-04 -3.592386606037726443e-08
9.512445707609371720e-04 -3.355944240210351204e-08
-9.466410222636195693e-04 -3.124279000636144554e-08
9.421444110711135744e-04 -2.897024855771923590e-08
-9.381974482491964307e-04 -2.673830136468158258e-08
9.343538645978505253e-04 -2.454355642333982956e-08
-9.310420532253962933e-04 -2.238273700064241645e-08
9.278306416192344530e-04 -2.025267052370785525e-08
-9.251362209677435741e-04 -1.815027746068093029e-08
9.225397657959179959e-04 -1.607256135062636038e-08
-9.204484374849622452e-04 -1.401660177421243381e-08
9.184531584129768111e-04 -1.197953909681803708e-08
-9.169539189045373961e-04 -9.958573160551154047e-09
9.155493093754019096e-04 -7.950949336421597735e-09
-9.146343225935604782e-04 -5.953953723710631030e-09
9.138130280584577658e-04 -3.964901101232223835e-09
-9.134775355250160378e-04 -1.981131890157507291e-09
9.132352688845379873e-04 0.000000000000000000e+00
