0.0799545543991399 0.0
-0.08611351460482641 1.0100148786991925E-5
0.09244651842742072 2.157211774462967E-5
-0.14346327607246231 3.619853949002154E-5
0.19471772978162172 -0.12494319096849547
-0.03502318893989049 0.25008857323898553
-0.12423513141410898 -0.12485790558515561
0.07009206914173378 2.4194767343877974E-4
-0.014824948603708917 4.5469312190559005E-4
-5.374978620142749E-4 0.0010064964617807577
0.02142795166287262 0.0030280239358029047
-0.06481774870538912 0.021217588988857373
0.04758943810187814 -0.1061060040119546
0.05630744371101421 0.10610089370740497
-0.07531203759319957 -0.02122279846154089
0.03435077085465229 -0.0030334366000314295
-0.021676028960155615 -0.001012226501120734
0.014653181238382395 -4.608711521908943E-4
-0.00980058960029818 -2.487286512356233E-4
0.0056801266591208184 -1.4966812206520987E-4
-0.002194698036929836 -9.717874142899305E-5
-0.002559192660873444 -6.675527940720727E-5
0.007042979460503862 -4.7894592169007554E-5
-0.023971746028269743 -3.557277106444514E-5
0.040761414910349576 -0.0375271768852847
0.006281556306029695 0.0749787450709096
-0.053405135705912966 -0.037516955437510546
0.03697658438374373 -1.375632113704596E-5
-0.020598668673031367 -1.1325166494578938E-5
0.017027900929879027 -9.443392802633774E-6
-0.013490866141148385 -7.963201094206979E-6
0.011825751236366241 -6.7821816617801185E-6
-0.010184139410657198 -5.827828064520948E-6
0.009187634724709149 -5.04781127091871E-6
-0.008208095660261476 -4.403710258959982E-6
0.0075332898259675395 -3.866875614258339E-6
-0.006871087249676724 -3.4156427965669443E-6
0.006379630835507229 -3.033418890757743E-6
-0.005897762377712381 -2.707346319597362E-6
0.00552238048742827 -2.4273547972113E-6
-0.005154440438109524 -2.18547900140986E-6
0.004857944251950082 -1.9753609621151044E-6
-0.004567324174677427 -1.791882709966438E-6
0.004327232757428425 -1.6308920080848784E-6
-0.004091850682208881 -1.4889954219860597E-6
0.003893652839069131 -1.3634006639423385E-6
-0.003699278760411972 -1.2517953765654104E-6
0.0035331282245104436 -1.1522531362672425E-6
-0.003370118404254051 -1.0631599780159553E-6
0.0032290676624695904 -9.831565271183887E-7
-0.003090623264775238 -9.110920998158163E-7
0.0029696137667816654 -8.459880524483128E-7
-0.0028507872411600937 -7.870083309492704E-7
0.0027460398104233665 -7.334356635556002E-7
-0.0026431361057903937 -6.846522073542677E-7
0.0025517661512432484 -6.401237291228884E-7
-0.0024619653003143003 -5.993866103323428E-7
0.0023817307203151967 -5.620371191545237E-7
-0.002302840873055404 -5.277225132540225E-7
0.002231971617621616 -4.961336279161901E-7
-0.0021622622346826083 -4.669986772246053E-7
0.0020993419358054767 -4.400780448421877E-7
-0.0020374280300538903 -4.151598944887154E-7
0.001981309862253467 -3.9205645404799906E-7
-0.0019260697640528582 -3.7060085931323097E-7
0.0018758154134481872 -3.5064446519166716E-7
-0.0018263311473577448 -3.3205454656582885E-7
0.0017811657478982636 -3.1471232633757456E-7
-0.0017366790216911628 -2.9851127947786436E-7
0.0016959573527452394 -2.833556696476682E-7
-0.0016558365511207282 -2.691592832322612E-7
0.0016190173235806995 -2.558443312815844E-7
-0.001582732402467505 -2.43340494517175E-7
0.0015493584499199917 -2.3158409048503576E-7
-0.0015164615966932879 -2.2051734593431585E-7
0.001486144441277298 -2.1008775932123986E-7
-0.0014562550055423912 -2.0024754066196417E-7
0.0014286627079879884 -1.9095311945446477E-7
-0.0014014553378777096 -1.821647099250535E-7
0.0013763028429518336 -1.7384592743401733E-7
-0.0013514980568550378 -1.659634485012048E-7
0.0013285394558769335 -1.5848670944536422E-7
-0.0013058960851217508 -1.5138763845528973E-7
0.0012849183662065073 -1.4464041696825303E-7
-0.0012642274497339898 -1.382212670153482E-7
0.001245045413389002 -1.3210826086665264E-7
-0.0012261252298774437 -1.262811512103097E-7
0.001208577325349841 -1.2072121830929584E-7
-0.0011912693241540654 -1.1541113314366466E-7
0.001175214219142742 -1.1033483427575451E-7
-0.0011593796672385705 -1.0547741684566701E-7
0.0011446934061337248 -1.0082503227996399E-7
-0.0011302106097692787 -9.636479853620747E-8
0.0011167842475471946 -9.208471739188644E-8
-0.0011035462384821981 -8.797360099665856E-8
0.0010912838616231589 -8.402100441133944E-8
-0.0010791964614806585 -8.021716450985761E-8
0.001068013525818816 -7.655294437551238E-8
-0.0010569937201605553 -7.301978274549398E-8
0.0010468156498812326 -6.960964777161238E-8
-0.0010367902175705398 -6.63149946466407E-8
0.0010275512206902142 -6.31287273358816E-8
-0.00101845557495428 -6.004416280239872E-8
0.0010100976393289558 -5.705499860238217E-8
-0.0010018748454315232 -5.415528379383583E-8
9.943468862122187E-4 -5.133938993893972E-8
-9.869468273519212E-4 -4.860198740317366E-8
9.80203962267803E-4 -4.593802100597965E-8
-9.735826306494856E-4 -4.334268885098258E-8
9.675855638643548E-4 -4.081142212662616E-8
-9.617044581516225E-4 -3.8339866584042454E-8
9.564189569627813E-4 -3.5923865422324286E-8
-9.512445707610677E-4 -3.355944292425528E-8
9.466410222638772E-4 -3.124278974506872E-8
-9.421444110712636E-4 -2.897024862016928E-8
9.381974482492172E-4 -2.6738301225903705E-8
-9.343538645979806E-4 -2.4543556570791325E-8
9.310420532254813E-4 -2.238273699717297E-8
-9.278306416191757E-4 -2.0252670512432153E-8
9.251362209675396E-4 -1.8150277389747003E-8
-9.225397657957304E-4 -1.607256171470145E-8
9.204484374851201E-4 -1.401660142293093E-8
-9.184531584130202E-4 -1.1979539197431999E-8
9.169539189044541E-4 -9.95857270431888E-9
-9.15549309375761E-4 -7.950949830817788E-9
9.146343225939942E-4 -5.9539535732233695E-9
-9.138130280587668E-4 -3.964901239359581E-9
9.134775355254107E-4 -1.981131773172093E-9
-9.132352688848294E-4 0.0
-8.200917834105337E-5 0.0
-8.52411861389727E-5 -2.7557158147734594E-17
-9.559568319658834E-5 5.45357927924945E-17
-1.1531101047260018E-4 -1.516866601943001E-17
-1.4917442409373774E-4 0.2500000000000001
-2.0693603954111822E-4 -0.5000000000000001
-3.0939447228760936E-4 0.2500000000000001
-5.054114432201502E-4 -9.566051293111166E-17
-9.278991725713846E-4 -4.119968255444917E-18
-0.0020290365344300633 7.836071201638983E-17
-0.0060700424288387626 -3.2959746043559335E-17
-0.04244745797695466 -2.2551405187698492E-17
0.2122011736748031 1.0408340855860843E-16
-0.21221139428390245 -6.245004513516506E-17
0.042437039031587805 -2.688821387764051E-17
0.006059217100381639 8.673617379884035E-17
0.0020175764557501543 -5.1336972867188635E-17
9.155431120008216E-4 -3.957337929572091E-18
4.918494876262969E-4 3.686287386450715E-18
2.9424705784625576E-4 -3.037798962032823E-17
1.8972503465390812E-4 3.5101045334218206E-18
1.2928192828855087E-4 6.76000054544712E-17
9.191890511470153E-5 -5.806241446838778E-17
6.759437655696107E-5 1.19363882927076E-17
5.1087713143514735E-5 0.07500000000000004
3.949932016018842E-5 -0.15000000000000013
3.113001354410408E-5 0.07500000000000012
2.493880543301478E-5 -9.875218318858986E-17
2.0263598503515308E-5 3.759725142977663E-17
1.666957547940089E-5 3.592944355663291E-17
1.3863159381093465E-5 -6.884514388693502E-17
1.1641279275792178E-5 8.826930343337064E-17
9.860440213495865E-6 -1.0159101411131265E-16
8.417306218437003E-6 7.884182673043028E-18
7.236190350534397E-6 6.765633314546361E-17
6.260806004450388E-6 1.2915346621496758E-17
5.448713646673055E-6 -4.3382062943049873E-17
4.7675113246291164E-6 2.3726875160250648E-17
4.192176453373342E-6 -2.2704506392914707E-17
3.703181899449928E-6 2.3176303744535352E-17
3.2851416784480752E-6 -1.658194049192381E-17
2.9258245670551222E-6 1.9887168931228497E-17
2.615426961029079E-6 -4.1325678705353246E-17
2.3460308288764687E-6 6.097477843884408E-17
2.1111954402406927E-6 -1.8129946142590248E-17
1.9056468761311518E-6 1.9205572106484802E-17
1.7250397725880533E-6 -1.0745142331512834E-17
1.5657729508244318E-6 -2.8326369942959905E-17
1.4248456160191957E-6 -6.805795911136016E-17
1.2997443715070273E-6 7.81512037108424E-17
1.1883538212974737E-6 1.1058200414862103E-17
1.0888853718689258E-6 -3.4358647425729414E-17
9.998201789849126E-7 2.977492863166277E-17
9.198631587046101E-7 -4.362397025882978E-17
8.479057110673278E-7 -1.4632772096503856E-17
7.829953491916996E-7 1.6211065792479535E-17
7.243108270130143E-7 -2.736322730748276E-17
6.711416771894404E-7 5.117247642185389E-17
6.228712971794542E-7 2.8180531383521906E-17
5.789629112049512E-7 -9.782012930925491E-17
5.389478698190805E-7 7.936920400176958E-18
5.024158566676247E-7 -1.1877172087016154E-18
4.690066680114649E-7 1.3999653845920057E-17
4.384032776603493E-7 3.0000165776557894E-18
4.103259763407058E-7 -1.2576745200831871E-17
3.84527394043059E-7 2.5488074929876475E-17
3.6078826405551215E-7 -4.655230584614356E-17
3.389138062632115E-7 -4.150234794058232E-18
3.187306282478619E-7 5.060932855210534E-17
3.0008406449284273E-7 6.218423229968237E-17
2.8283588538678967E-7 -4.099132568431441E-17
2.6686231771708796E-7 -4.502001952224778E-17
2.520523328584523E-7 -5.338548896289866E-17
2.383061590874305E-7 8.08513991629013E-17
2.2553399065907936E-7 -2.3425754947501744E-18
2.1365485989410565E-7 -1.6413103002734387E-17
2.0259565170199986E-7 -6.280855183009044E-18
1.922902439788163E-7 1.7119065259601444E-18
1.8267874857943142E-7 1.698782809233623E-17
1.737068487374868E-7 2.062286998547806E-17
1.6532521207206684E-7 -7.178683637319E-18
1.574889747362062E-7 -4.8827584821388567E-17
1.50157284323028E-7 -1.5890496909168285E-17
1.432928952766629E-7 1.2924081648765318E-17
1.3686181068872066E-7 7.213396106288666E-17
1.3083296282891048E-7 -1.869481123929046E-17
1.251779304045322E-7 2.2381575081774005E-17
1.1987068447238336E-7 -5.0061447127742065E-17
1.1488736425668472E-7 -1.0045916633554409E-16
1.1020607370975487E-7 2.115776070375731E-16
1.0580670267486637E-7 -5.1967800654656275E-17
1.016707643551398E-7 -6.304847391240022E-17
9.77812493838857E-8 -7.968271868881698E-17
9.412249603463131E-8 1.6685786731257188E-16
9.068007270805089E-8 -1.2622167342628363E-16
8.744067231482473E-8 3.0787106533852054E-17
8.439201582648724E-8 1.621644577518358E-18
8.15227674699399E-8 9.934849438345689E-18
7.882245642549147E-8 -4.2824291747282917E-17
7.628140567441293E-8 1.2792484492497522E-16
7.389066938782354E-8 -3.168665552383612E-17
7.164197496496395E-8 7.328529059644207E-18
6.952766943429944E-8 7.28583859910259E-17
6.754067388009544E-8 -2.1510571102112408E-16
6.567443865471145E-8 1.474514954580286E-16
6.392290492244303E-8 -4.35103884345589E-17
6.228046951576641E-8 -2.421158976431692E-17
6.074195052175878E-8 4.852143535051534E-17
5.9302561033434807E-8 5.0076587841674236E-18
5.7957879069014874E-8 -6.506568287628633E-17
5.67038255902308E-8 3.0669368954183707E-17
5.553664133416548E-8 -1.0551997643715172E-16
5.445286612758347E-8 2.259477327459791E-16
5.3449322697342923E-8 -2.3288662664988635E-16
5.252309761769047E-8 2.1510571102112408E-16
5.1671528325178406E-8 -1.1796119636642288E-16
5.089218712769905E-8 2.0816681711721685E-17
5.0182873760759236E-8 -2.42861286636753E-17
4.954159777664888E-8 -1.6371452804531117E-17
4.8966574403330786E-8 4.60514872763218E-17
4.84562131049761E-8 1.4907779871675686E-17
4.80091103553765E-8 -4.858580985450667E-18
4.7624043167382446E-8 3.2569433261464553E-16
4.7299963029656666E-8 -6.357761539454998E-16
4.7035990522609206E-8 3.3328374782204406E-16
4.683141279036405E-8 2.023646414285249E-17
4.668567712135497E-8 5.4175380273437795E-17
4.659839256550546E-8 -1.2714070417405455E-16
4.656932354020829E-8 0.0
-4.354426975244907E-17 0.0
1.0331949071930345E-17 -2.020029757402103E-5
5.85088008315908E-19 -4.314423548920573E-5
1.4064982089157657E-17 -7.239707898008346E-5
-3.0184188481996443E-16 -0.2501136180630093
5.828670879282072E-16 0.49982285352202915
-3.608224830031759E-16 -0.2502841888296889
6.237550623580668E-17 -4.838953468773612E-4
-2.4259023609363162E-17 -9.093862438113188E-4
3.1387652893455353E-17 -0.0020129929235615965
1.5829351718288365E-17 -0.00605604787160569
-6.852157730108388E-17 -0.04243517797771479
-6.938893903907228E-17 0.21221200802390916
9.71445146547012E-17 -0.2122017874148099
4.0766001685454967E-17 0.04244559692308186
-8.088148206741863E-17 0.00606687320006278
-1.2630955309456127E-17 0.002024453002241443
4.9439619065339E-17 9.217423043818138E-4
1.282069068964109E-17 4.974573024713404E-4
-1.0091889346766636E-16 2.993362441303961E-4
1.1881500557725522E-16 1.9435748285797402E-4
-1.8939656700606156E-17 1.335105588143398E-4
-3.177728804919233E-17 9.578918433803663E-5
2.1091120386632078E-17 7.114554212883553E-5
9.367506770274758E-17 -0.07494564622943066
-2.220446049250313E-16 0.15004250985818118
1.0408340855860843E-17 -0.07496608912497939
1.8586782774780014E-16 2.7512642274390722E-5
-6.32869136870523E-17 2.2650332989096906E-5
-2.9985813365749486E-17 1.888678560520079E-5
6.883497949156797E-17 1.5926402188519538E-5
-7.69499786427378E-17 1.3564363323575033E-5
-5.1947683622158985E-17 1.1655656128880654E-5
1.8157972345232525E-16 1.0095622541675278E-5
-5.333639413918241E-17 8.807420518470566E-6
-5.163174033283313E-17 7.733751228183232E-6
-4.7840632619159697E-17 6.831285593231466E-6
3.51368324762397E-17 6.066837781445715E-6
-1.6868237628095764E-17 5.414692639145795E-6
3.9808642696820794E-17 4.8547095945203E-6
-8.376795859342447E-17 4.370958002769089E-6
1.3618214561128376E-16 3.9507219241301064E-6
2.258613353853592E-18 3.5837654201954273E-6
-1.1962974539339545E-16 3.2617840159379653E-6
3.315541065437508E-17 2.97799084409837E-6
-5.680944098116186E-17 2.726801327956082E-6
5.421074389898566E-17 2.5035907526930546E-6
5.1250999023042323E-17 2.3045062730836393E-6
-7.221061754461317E-18 2.12631995572024E-6
-3.0882291861299756E-17 1.966313054311034E-6
-6.676138989713024E-17 1.82218419960554E-6
1.4549003184998366E-16 1.6919761048987157E-6
-7.397668123963839E-18 1.574016661990544E-6
-2.060633166718292E-16 1.4668713272535256E-6
1.326914698960896E-16 1.3693044144042567E-6
-5.380403573540559E-17 1.2802474583843031E-6
1.1353063171713165E-16 1.1987732206359887E-6
-1.0387840011559328E-16 1.124074238362138E-6
-3.804682740142165E-17 1.0554450262302237E-6
1.4108011362878176E-16 9.922672561688893E-7
-5.63015388501645E-17 9.339973542964901E-7
3.24943676134921E-18 8.801560896173569E-7
6.248740722907285E-18 8.303197891053245E-7
2.969839457266691E-17 7.84112907932949E-7
-2.8365652777135667E-17 7.412017187877912E-7
2.869641084434673E-17 7.012889302550104E-7
-9.265322833100368E-18 6.641090932752038E-7
-2.7822822090707024E-17 6.294246525281372E-7
-5.3964177901995856E-17 5.970225590760885E-7
1.4117778711551202E-16 5.667113392717362E-7
-1.861650039633884E-17 5.383185662729084E-7
-6.706772465646068E-17 5.116886630377461E-7
-5.852971195747614E-18 4.866809886396092E-7
6.633885280534835E-17 4.6316818105972594E-7
-7.163325871194096E-17 4.4103469186870613E-7
3.837286891166555E-17 4.2017551863725935E-7
1.000631784327027E-17 4.0049508131660563E-7
2.5145602407342397E-17 3.819062388555294E-7
-2.1252956619116853E-17 3.6432941997917977E-7
5.215446554040744E-18 3.476918547809743E-7
2.6042027963333464E-18 3.31926896993938E-7
-8.52830887778256E-17 3.169734189180628E-7
1.0501620359177222E-16 3.0277527699486527E-7
1.0194041520205505E-17 2.892808335690653E-7
-6.98759829837435E-18 2.7644253464251974E-7
-4.2780457792262507E-17 2.6421652126293665E-7
1.026011009009134E-17 2.5256230262224244E-7
-1.0679656096778236E-16 2.414424365326331E-7
2.308905935096816E-16 2.3082226639001194E-7
-3.4563814687422166E-17 2.2066966839309268E-7
-2.782479938324327E-16 2.1095483372619557E-7
1.7005308734785191E-16 2.0165006464535718E-7
1.0185168850083016E-16 1.927295970471651E-7
-2.6148754114687506E-17 1.8416943492203025E-7
-1.3619273352312444E-16 1.7594720181975414E-7
2.1171588516621237E-18 1.680420088698781E-7
9.279118882228772E-17 1.6043432902024122E-7
-1.277562853684716E-16 1.531058886886175E-7
1.7992589162281122E-16 1.460395655921292E-7
1.734130552913729E-17 1.392192954729693E-7
-2.2872345971413147E-16 1.3262998933815128E-7
1.3945465740300075E-16 1.262574546290109E-7
2.7755575615628914E-17 1.2008832538969172E-7
-4.85722573273506E-17 1.1410999768007857E-7
-9.71445146547012E-17 1.0831056734827982E-7
9.973304734151034E-17 1.0267877976063652E-7
1.111510514704983E-16 9.720397499468679E-8
-1.233822072288504E-16 9.187604188413186E-8
4.411347589300396E-17 8.668537775703247E-8
-2.093187819254827E-17 8.162284429635952E-8
-2.574980159653073E-18 7.667973313109328E-8
2.3960868011929648E-17 7.184773068121865E-8
-7.144892316679474E-17 6.71188861919858E-8
1.713039432527097E-17 6.248557916807519E-8
2.2551405187698492E-17 5.794049748797034E-8
6.938893903907228E-17 5.3476602410174046E-8
-3.8163916471489756E-17 4.9087113023621454E-8
-4.597017211338539E-17 4.476547406134963E-8
9.009720053354542E-17 4.050534101163704E-8
-7.573152174811248E-17 3.63005547688756E-8
-4.615990749357035E-17 3.214512341770707E-8
7.159122470193346E-17 2.8033202846868982E-8
4.5102810375396984E-17 2.3959077583880772E-8
-1.214306433183765E-16 1.991714718976509E-8
8.673617379884035E-17 1.5901898597816405E-8
-9.432982417097516E-18 1.1907907501045727E-8
-1.2209747000610244E-16 7.929802188629647E-9
2.987077570360051E-17 3.962263742034516E-9
1.195197369893708E-16 0.0
8.200917834118391E-5 0.0
8.524118613883478E-5 1.8117399467059044E-17
9.559568319669874E-5 -1.4900156575150397E-17
1.1531101047261586E-4 -3.2071208481889574E-17
1.4917442409429112E-4 0.2500000000000003
2.0693603953968187E-4 -0.5000000000000002
3.093944722885808E-4 0.2499999999999999
5.054114432200661E-4 1.6968441625755948E-16
9.278991725713083E-4 -2.4367443826611712E-17
0.0020290365344301144 -5.1445393084437185E-17
0.0060700424288387044 8.012254054667878E-17
0.042447457976954775 -1.474514954580286E-17
-0.21220117367480307 -1.491862189340054E-16
0.21221139428390223 1.249000902703301E-16
-0.04243703903158782 1.474514954580286E-17
-0.006059217100381591 -6.028164079019405E-17
-0.002017576455750026 -7.377995783763858E-17
-9.155431120010195E-4 1.2685165418080402E-16
-4.91849487626169E-4 -1.0756640803771811E-16
-2.9424705784624947E-4 8.477105736121038E-17
-1.897250346538423E-4 2.336455681706262E-17
-1.292819282886358E-4 -1.0368699713929341E-16
-9.191890511464808E-5 8.208088072073072E-17
-6.75943765570597E-5 -6.976840979944221E-17
-5.108771314354596E-5 0.07500000000000011
-3.9499320159980256E-5 -0.15000000000000002
-3.1130013543999996E-5 0.07499999999999996
-2.4938805433483442E-5 -7.212739655754544E-17
-2.0263598503232548E-5 3.826301932631851E-17
-1.666957547941288E-5 8.91874871481943E-17
-1.3863159381286492E-5 2.100472302601214E-17
-1.164127927558099E-5 -2.2992412891686444E-16
-9.860440213335266E-6 2.890970035791026E-16
-8.41730621886851E-6 -2.8845834073687286E-16
-7.236190350501693E-6 3.2501310636681626E-16
-6.26080600415826E-6 -3.238376363942641E-16
-5.448713646751385E-6 2.0916779830263462E-16
-4.7675113247919645E-6 -1.0334437231212905E-17
-4.192176453199728E-6 -1.2918438291754236E-16
-3.703181899559306E-6 1.1567844257357254E-16
-3.2851416784251134E-6 -6.423940223623976E-17
-2.925824567015092E-6 -2.988428587910922E-16
-2.6154269610349404E-6 6.719680718366631E-16
-2.34603082902061E-6 -4.75879521030819E-16
-2.1111954399012484E-6 2.9398184258591815E-17
-1.9056468764576174E-6 4.0281308257212375E-16
-1.7250397723806745E-6 -3.3436487950009577E-16
-1.5657729510406713E-6 -1.1925853320426125E-16
-1.4248456157622732E-6 1.1523446496031328E-16
-1.2997443716208588E-6 2.694983552455326E-17
-1.1883538212475352E-6 4.113337575654692E-17
-1.0888853719781556E-6 -2.7891783807503325E-16
-9.998201790063961E-7 4.1385135124294577E-16
-9.198631585370962E-7 -2.057808576536995E-16
-8.479057110400062E-7 2.3836843859605897E-17
-7.829953494123866E-7 6.533560183632974E-17
-7.243108268665857E-7 -1.1024556001499366E-16
-6.711416771688686E-7 1.1711206568913515E-16
-6.228712971137996E-7 -6.189453048810914E-17
-5.789629114373354E-7 -6.685452381665881E-17
-5.389478696774556E-7 1.3827816338085026E-16
-5.024158568558208E-7 -1.410003436392296E-16
-4.690066676821884E-7 3.021056454203474E-17
-4.384032778885131E-7 1.9054624559051188E-16
-4.1032597645259544E-7 -1.769417945496346E-16
-3.8452739385269217E-7 -1.0619414352563346E-16
-3.6078826402387203E-7 1.7001247650208832E-16
-3.389138063237424E-7 2.7252044306988284E-17
-3.1873062820207797E-7 -1.3103662063442213E-16
-3.000840643942078E-7 8.63890623440335E-17
-2.828358856005419E-7 9.864792865290613E-17
-2.6686231740292164E-7 -1.3354285050464347E-16
-2.520523330851832E-7 9.143886101732683E-18
-2.383061591412704E-7 9.503173655156315E-18
-2.2553399057572883E-7 -2.4788833453447866E-16
-2.136548597183577E-7 2.0436379800272265E-16
-2.025956517687629E-7 7.235186028856783E-17
-1.922902440775488E-7 -1.1843929352558873E-16
-1.8267874843978348E-7 5.719881143910282E-17
-1.73706848836693E-7 8.550358204190774E-17
-1.6532521209101126E-7 -9.192443588923016E-17
-1.57488974689915E-7 -5.592752086439252E-17
-1.5015728417545367E-7 2.657093121746681E-16
-1.4329289556483262E-7 -3.9633312170695074E-16
-1.3686181050066283E-7 4.594081712780711E-16
-1.3083296301772545E-7 -2.2905401432179746E-16
-1.2517793035482874E-7 -9.772314403679429E-17
-1.1987068439276544E-7 -1.3880752423129847E-17
-1.1488736413375313E-7 2.7313699702870026E-16
-1.102060737547518E-7 -2.93090340408933E-16
-1.0580670268992916E-7 6.047539957687847E-17
-1.0167076449357462E-7 8.852976606465134E-18
-9.778124925290625E-8 3.2957437878778067E-16
-9.412249613322955E-8 -4.728061678608252E-16
-9.068007261821077E-8 9.772388519062314E-17
-8.744067237880494E-8 1.4223885470062564E-16
-8.439201573641884E-8 -9.774294343193636E-17
-8.152276756798481E-8 3.933112787280618E-17
-7.88224563458259E-8 1.8599445917341466E-16
-7.628140570988879E-8 -3.4387504779451183E-16
-7.389066936414812E-8 1.663775996314787E-16
-7.164197502533623E-8 2.4493651735752603E-17
-6.952766937531885E-8 4.5102810375396984E-17
-6.754067376213424E-8 -1.491862189340054E-16
-6.567443857838362E-8 4.85722573273506E-17
-6.39229054285774E-8 1.0778324847221521E-16
-6.228046903958821E-8 -1.122149248522497E-16
-6.07419506683463E-8 3.5646534552249975E-17
-5.9302560959319424E-8 -2.1480755542369057E-17
-5.7957879053124536E-8 1.8363674296473231E-16
-5.6703825878398183E-8 -1.3296384392819105E-16
-5.55366412583933E-8 -1.9304219681104406E-16
-5.445286582826236E-8 -9.31871767251291E-17
-5.3449322857967475E-8 5.143455106271233E-16
-5.252309762202728E-8 -2.7668839441830073E-16
-5.1671528344260365E-8 -2.7755575615628914E-17
-5.089218710688237E-8 1.0755285551056204E-16
-5.018287385356694E-8 -8.500145032286355E-17
-4.954159759797236E-8 3.935653886122381E-17
-4.896657457753497E-8 1.1975012995102396E-16
-4.845621303510605E-8 -2.878692293220575E-16
-4.800911029136453E-8 1.8971505139422917E-16
-4.762404332350756E-8 6.29704621779581E-16
-4.729996314761786E-8 -1.108921982018174E-15
-4.703599040985218E-8 2.482822974991805E-16
-4.683141236852195E-8 1.7724672641064587E-16
-4.6685677635271645E-8 1.920943669430665E-17
-4.659839242568706E-8 -2.6976093545918144E-17
-4.65693234764572E-8 0.0
-1.2576745200831851E-17 0.0
4.711356071306029E-18 2.020029757401177E-5
2.412095723896071E-17 4.314423548917166E-5
-1.7040185316388387E-17 7.239707898006934E-5
-6.314393452555578E-16 -0.24988638193699103
1.2628786905111156E-15 0.5001771464779715
-6.730727086790012E-16 -0.24971581117031133
-2.49163211764325E-17 4.838953468771964E-4
8.707498697774207E-17 9.093862438114174E-4
-1.0286368111456223E-16 0.002012992923561558
3.7621815385247004E-17 0.00605604787160577
-8.847089727481716E-17 0.04243517797771474
2.463307335887066E-16 -0.21221200802390908
-2.3592239273284576E-16 0.21220178741481005
-1.734723475976807E-18 -0.0424455969230823
1.5070410197548512E-16 -0.00606687320006237
-8.57603918436034E-17 -0.0020244530022416277
2.1326256732789872E-16 -9.217423043818494E-4
-1.3412936126361297E-16 -4.974573024709166E-4
-3.021739217352881E-16 -2.9933624413076637E-4
2.6775050275887335E-16 -1.943574828580511E-4
-7.686315776564423E-17 -1.335105588141745E-4
5.980391420794262E-17 -9.578918433816513E-5
-5.0185008058922786E-17 -7.114554212873311E-5
1.3183898417423734E-16 -0.07505435377056954
-1.6653345369377348E-16 0.1499574901418193
-8.673617379884035E-17 -0.07503391087502143
4.979054481538646E-16 -2.7512642273658703E-5
-3.369403890553409E-16 -2.2650332989075514E-5
-1.8243141508078944E-16 -1.8886785605558287E-5
2.4988318976949114E-16 -1.592640218863658E-5
-6.653697910566705E-17 -1.3564363323351706E-5
-1.273598739491566E-17 -1.1655656128797667E-5
-3.048132763989325E-17 -1.0095622541713676E-5
3.380169679313011E-17 -8.807420518635776E-6
1.3577938144486434E-18 -7.733751228111397E-6
-1.0747154034762563E-17 -6.831285593092457E-6
3.8087471748000055E-17 -6.066837781609351E-6
6.1307397689319E-17 -5.414692639114108E-6
-8.065998295171163E-17 -4.854709594503083E-6
1.0857903592616062E-16 -4.370958002818993E-6
-2.3917182287675007E-16 -3.950721924311033E-6
-1.095067487616409E-16 -3.5837654198047837E-6
3.9631591635020964E-16 -3.261784016290077E-6
-1.769492060879228E-16 -2.9779908435301275E-6
3.526896961601137E-17 -2.726801328346963E-6
1.5858256717613418E-17 -2.5035907533282103E-6
8.658476665951865E-18 -2.3045062721761778E-6
8.507445397500503E-17 -2.126319955992369E-6
-1.6006397486132275E-16 -1.9663130543750165E-6
2.0250551359556512E-16 -1.8221841995782868E-6
-3.177728275523641E-16 -1.6919761047524475E-6
-1.7182222153731093E-17 -1.5740166621768105E-6
3.735732405351093E-16 -1.4668713272867856E-6
-1.7385859462162867E-16 -1.369304414229491E-6
3.140025250854576E-17 -1.2802474584462011E-6
9.881089315974642E-18 -1.1987732207097612E-6
-3.887219483407196E-18 -1.124074238320271E-6
-3.735395445056763E-17 -1.055445026400776E-6
-3.532577376303661E-18 -9.922672559264316E-7
2.194488989279501E-17 -9.339973544597999E-7
-4.231321324273335E-17 -8.80156089514129E-7
-1.1909958217775306E-17 -8.303197889650826E-7
7.247312165764565E-17 -7.841129081351036E-7
-7.50265768965132E-17 -7.412017189890192E-7
3.2797344019535574E-17 -7.012889302224196E-7
1.0692077040856332E-16 -6.641090927965495E-7
-1.3225702802093184E-16 -6.294246528264144E-7
4.70233119995083E-17 -5.97022559029908E-7
1.5033656908571556E-17 -5.667113393614977E-7
8.607310581981785E-18 -5.383185665778508E-7
-8.778173009310738E-19 -5.116886621033023E-7
-7.416453726547163E-17 -4.866809897949909E-7
6.506118301375405E-17 -4.631681797390702E-7
-1.465278060290478E-16 -4.410346929396367E-7
5.315655845656848E-17 -4.20175518519771E-7
1.495447256289308E-16 -4.0049508111399556E-7
-1.232259825896412E-16 -3.8190623888084E-7
5.801376301347986E-17 -3.6432941986739916E-7
7.494891624440871E-17 -3.4769185492942857E-7
-3.430488730335837E-17 -3.3192689698167624E-7
-3.925605957785577E-17 -3.169734189131352E-7
-5.4742257073387736E-17 -3.0277527694882426E-7
3.613379025515801E-17 -2.8928083354780115E-7
-2.0049058103272475E-17 -2.7644253469386497E-7
-5.946255993019914E-17 -2.642165207525957E-7
1.0060210314539325E-16 -2.5256230361594465E-7
2.654114212750306E-17 -2.414424359890514E-7
-5.527038211600079E-17 -2.308222664538994E-7
4.7701295699336364E-17 -2.2066966832625035E-7
-6.042881276477948E-17 -2.1095483366169168E-7
2.527525138783151E-17 -2.0165006489645502E-7
2.438396096908317E-18 -1.927295970448527E-7
1.3309005183733194E-17 -1.8416943436879153E-7
8.782461113606213E-18 -1.7594720222419331E-7
-4.326220778101339E-17 -1.6804200884804626E-7
5.35062242451069E-17 -1.604343290296293E-7
-1.7119382896956664E-17 -1.531058887046209E-7
-5.2942100302235534E-17 -1.4603956567477547E-7
4.536623762199307E-17 -1.392192952126134E-7
-1.6813604002997862E-17 -1.326299894432198E-7
-9.995835810547998E-18 -1.262574546785242E-7
1.1449174941446927E-16 -1.2008832556142934E-7
-9.71445146547012E-17 -1.1410999741987005E-7
1.734723475976807E-17 -1.0831056733613675E-7
2.6207199388048052E-17 -1.0267877979479736E-7
-2.6105555434377536E-17 -9.720397507321352E-8
-9.286869233696149E-18 -9.187604191141649E-8
-6.286339721342515E-17 -8.668537775549426E-8
1.5169343645787814E-16 -8.162284413658878E-8
-7.14218181124826E-18 -7.667973386457638E-8
-7.738493006115288E-17 -7.184772971641424E-8
8.044780119842443E-17 -6.711888611872084E-8
-1.238158880978446E-16 -6.248557990256795E-8
4.85722573273506E-17 -5.794049722776182E-8
-6.245004513516506E-17 -5.3476602300886467E-8
2.0816681711721685E-17 -4.908711315719516E-8
8.673617379884035E-19 -4.476547390088771E-8
-2.7538735181131813E-17 -4.050534107064474E-8
1.494030593685025E-16 -3.630055469560386E-8
-4.4181238528784306E-17 -3.214512354083178E-8
4.8382521947165635E-18 -2.8033202867833047E-8
1.0408340855860843E-17 -2.3959078628617986E-8
-1.8735013540549517E-16 -1.9917144239867818E-8
5.204170427930421E-17 -1.590190076578707E-8
2.1316431150601722E-17 -1.1907907159964167E-8
-1.0116961522005363E-17 -7.929802187465579E-9
3.885234249937069E-18 -3.962263625916979E-9
6.028164079019405E-17 0.0
-8.200917834110487E-5 0.0
-8.524118613893623E-5 2.2389198378299294E-18
-9.559568319655774E-5 9.774336694840999E-18
-1.153110104726868E-4 1.4466475706156195E-17
-1.4917442409313753E-4 0.2500000000000001
-2.06936039541996E-4 -0.5000000000000003
-3.093944722872659E-4 0.25000000000000006
-5.054114432202897E-4 2.305149343975743E-16
-9.278991725711935E-4 -1.405397066084335E-16
-0.0020290365344301075 2.2442984970449942E-17
-0.006070042428838765 -9.118140270603092E-17
-0.042447457976954636 -1.474514954580286E-17
0.21220117367480296 4.2327252813834093E-16
-0.21221139428390245 -3.7470027081099033E-16
0.042437039031588186 -5.637851296924623E-17
0.006059217100381293 4.8138576458356397E-17
0.002017576455750242 1.2159327364424932E-16
9.155431120010087E-4 -4.1931519020876884E-17
4.918494876253862E-4 -2.631900773708562E-17
2.942470578471963E-4 -3.752694769515452E-17
1.8972503465368182E-4 7.804900389180025E-17
1.2928192828853856E-4 -6.828779620764169E-17
9.19189051146885E-5 5.171983175934758E-17
6.759437655699238E-5 1.478241899548205E-17
5.108771314329616E-5 0.075
3.949932016063251E-5 -0.1500000000000002
3.113001354396877E-5 0.07500000000000046
2.493880543310976E-5 -5.097520509541632E-16
2.0263598502561773E-5 1.935495695464494E-16
1.666957548041638E-5 1.5249981182366423E-17
1.3863159380928574E-5 1.685256751857156E-17
1.1641279275763994E-5 -2.1944209619459247E-16
9.860440213369315E-6 3.444035963535985E-16
8.41730621834623E-6 1.4326757621506599E-16
7.236190350819685E-6 -6.81805618365193E-16
6.260806004247764E-6 3.657460737673283E-16
5.44871364678458E-6 -8.295798333761255E-17
4.767511324551994E-6 1.0400865790101323E-16
4.192176453332028E-6 -6.815862368318541E-18
3.7031818995754073E-6 -1.9630835585565665E-17
3.2851416783266844E-6 7.349599004207157E-18
2.9258245670642685E-6 2.5771083299330495E-16
2.615426961028109E-6 -5.313143334177055E-16
2.3460308289201447E-6 2.8266749411385043E-16
2.1111954399455296E-6 -1.3040839846588403E-16
1.9056468763650185E-6 1.368706245787239E-16
1.7250397730760637E-6 4.663191660342781E-17
1.5657729502594121E-6 -1.216318665829086E-16
1.424845616024906E-6 5.2002926052187727E-17
1.2997443716404644E-6 2.3897975815596016E-18
1.1883538212066894E-6 -6.492454601145009E-18
1.088885371990346E-6 4.755228672204657E-16
9.998201788912801E-7 -9.270130406820526E-16
9.198631586100336E-7 2.8623397927782387E-16
8.479057112149083E-7 2.444927779722832E-16
7.8299534919684E-7 -7.24325467942387E-17
7.243108269853437E-7 -1.0530168016477652E-17
6.711416771878619E-7 -5.143084132310115E-17
6.228712971655494E-7 1.2916912970704688E-16
5.789629112316321E-7 -1.30342541654235E-16
5.389478698912874E-7 6.999185444394993E-17
5.024158566847655E-7 1.1819501054708957E-19
4.690066678816107E-7 -1.0644873565610687E-16
4.3840327759277635E-7 2.1130282415213031E-16
4.1032597685114816E-7 -2.3386240860512365E-16
3.845273934189497E-7 6.744900663217937E-17
3.6078826422012056E-7 1.6030353463852423E-16
3.3891380635503354E-7 -1.4044253852905752E-16
3.1873062816363686E-7 -2.849505192219417E-17
3.0008406446179394E-7 3.6336178189992586E-17
2.8283588533872494E-7 -2.1378231468526784E-17
2.66862318207363E-7 1.2081637899549462E-16
2.520523319689767E-7 -1.7278662148731915E-16
2.3830616040275656E-7 1.818393787553281E-17
2.2553398969619914E-7 8.88458814075446E-17
2.1365485966265797E-7 -1.6140120165702087E-17
2.0259565216143466E-7 -1.132006594446169E-17
1.9229024385521949E-7 2.4486346076582535E-17
1.8267874859273476E-7 -1.0410159329719479E-16
1.7370684875973454E-7 8.03600274092652E-17
1.6532521203790081E-7 -6.548914641035428E-18
1.5748897485232531E-7 -6.288954935567163E-18
1.5015728420571043E-7 2.5631269923474332E-17
1.432928951896109E-7 2.0830260708657356E-16
1.3686181078570858E-7 -5.872812413141454E-16
1.308329628553521E-7 9.53605468007534E-16
1.251779304557E-7 -1.1304228545930403E-15
1.1987068445414187E-7 5.309764731508695E-16
1.1488736415020992E-7 1.0366603307384887E-16
1.1020607368809201E-7 -2.2932368843637954E-16
1.0580670285947022E-7 1.1966267379921996E-16
1.016707641423503E-7 1.1356340130427856E-16
9.778124946801238E-8 4.5146644330417394E-17
9.412249616477687E-8 -3.6757630020810804E-16
9.06800726755892E-8 2.2657220778634236E-16
8.744067221262851E-8 1.6260067971967176E-17
8.439201592701693E-8 -1.1217680836962327E-17
8.152276743975461E-8 5.188923834879844E-18
7.882245636045458E-8 1.327054988792785E-16
7.628140566361115E-8 -3.1060698175815193E-16
7.389066949320968E-8 1.7851727583152732E-16
7.164197480235904E-8 -1.6542553459876486E-18
6.952766955573009E-8 1.1622647289044608E-16
6.754067370662309E-8 -3.434752482434078E-16
6.567443878308099E-8 2.498001805406602E-16
6.392290517132333E-8 1.0019383326481668E-16
6.228046904398092E-8 -1.7519690667829046E-16
6.074195079589591E-8 5.051704497424647E-17
5.9302560915988606E-8 1.5185606678375096E-17
5.795787913654034E-8 -1.4737695655867022E-16
5.6703825705867736E-8 8.179085663959085E-16
5.5536641065025844E-8 -1.2079096403661005E-15
5.445286601973246E-8 3.281337875027379E-16
5.344932305935803E-8 3.391384395534658E-16
5.252309747284106E-8 -1.491862189340054E-16
5.1671528389363175E-8 -6.938893903907228E-18
5.089218713290322E-8 0.0
5.0182873745146725E-8 -3.469446951953614E-18
4.9541597752173015E-8 -5.421010862427522E-19
4.896657441113704E-8 -9.532847601578798E-17
4.845621310103909E-8 1.5337394982523067E-16
4.8009110384734665E-8 -3.639531167762278E-17
4.762404269553766E-8 3.9118014383277E-16
4.729996444866047E-8 -9.69276742202041E-16
4.7035989488714014E-8 5.321264262558856E-16
4.6831412568744603E-8 2.4760467114137708E-17
4.668567754950376E-8 -4.9244801487470513E-17
4.659839240010105E-8 6.127436340437609E-18
4.656932363594334E-8 0.0
-9.046311876675928E-18 0.0
8.362121013531267E-17 -2.0200297573956365E-5
-9.944187976589167E-17 -4.314423548915916E-5
5.903777290715111E-17 -7.23970789801048E-5
-9.35015953551499E-16 -0.2501136180630094
1.887379141862766E-15 0.49982285352202893
-1.078998002057574E-15 -0.2502841888296882
5.26109104198591E-17 -4.83895346877875E-4
5.014435047745458E-18 -9.093862438113323E-4
1.2595718738850348E-16 -0.0020129929235614035
-8.868773770931426E-17 -0.006056047871605713
3.469446951953614E-18 -0.04243517797771486
-3.885780586188048E-16 0.212212008023909
4.371503159461554E-16 -0.2122017874148096
-9.540979117872439E-17 0.04244559692308182
7.719519468096792E-17 0.006066873200062476
-7.968885967768458E-18 0.0020244530022417626
1.0950441942103595E-16 9.217423043820073E-4
-1.6298269157888345E-16 4.974573024704532E-4
-1.286405877654051E-16 2.993362441312788E-4
4.5841423105402734E-17 1.943574828575315E-4
2.851282307047426E-16 1.3351055881448263E-4
-1.0601464367834823E-17 9.578918433814733E-5
-1.2457821775037348E-16 7.114554212909099E-5
-4.85722573273506E-17 -0.07494564622943084
-4.0245584642661925E-16 0.15004250985818077
1.942890293094024E-16 -0.07496608912497905
3.0145394373012196E-16 2.751264227465086E-5
-1.3930219147249498E-16 2.2650332987973968E-5
7.260427610684961E-17 1.8886785606206758E-5
-2.7659860892589178E-17 1.5926402188409847E-5
-6.8944246741763776E-18 1.3564363323465195E-5
-1.8185162102839388E-16 1.165565612890834E-5
6.025072408761926E-17 1.009562254234395E-5
7.292487807738536E-17 8.807420517048928E-6
2.340868723361457E-16 7.733751228844148E-6
-4.16619507854132E-17 6.831285593420806E-6
-1.0496559337317378E-16 6.066837781489929E-6
-2.0678213000669288E-16 5.414692639189634E-6
6.488399430910029E-17 4.854709594228487E-6
2.876354482286153E-17 4.370958002848548E-6
1.6084541569472404E-16 3.950721924530065E-6
-7.238277699114261E-17 3.583765419457959E-6
4.0633229270972855E-18 3.2617840165343235E-6
-1.3907137499436818E-16 2.9779908437244275E-6
1.0439882245234225E-16 2.7268013277830203E-6
-6.571345132269906E-17 2.503590753811564E-6
3.7928653070389874E-17 2.3045062720460913E-6
-5.999004969810175E-17 2.1263199559796444E-6
1.3604254399366441E-16 1.9663130541627437E-6
-1.7863766038915584E-17 1.8221841998525055E-6
-8.349891975355283E-18 1.6919761053403451E-6
-9.29468311263457E-17 1.5740166607969917E-6
9.675165018585281E-17 1.4668713278260665E-6
2.505814625553839E-18 1.3693044146360774E-6
4.400280574448927E-17 1.2802474582086492E-6
-1.1435106253588625E-16 1.1987732207250199E-6
4.545700249624729E-17 1.1240742382198833E-6
-7.028322054291561E-18 1.0554450263824237E-6
1.2003583151715488E-16 9.92267256235044E-7
-3.081964583391642E-16 9.339973543683792E-7
-9.148630809726287E-18 8.801560893632022E-7
1.000117145637121E-16 8.303197888835777E-7
2.3234420461756593E-16 7.8411290810095E-7
-9.144589042505801E-17 7.412017191022099E-7
-2.796470672681702E-17 7.012889300700472E-7
-3.1193483825187106E-17 6.641090929943208E-7
1.4276930246639874E-16 6.294246529236216E-7
-1.4593103161303773E-16 5.970225589430936E-7
-7.351768202645516E-17 5.66711339226372E-7
2.96522412032089E-17 5.383185663844649E-7
3.9918910504685543E-16 5.116886622389397E-7
-1.7060884684036914E-17 4.866809898963441E-7
-3.150834714750521E-16 4.63168180119236E-7
-4.592089597167887E-16 4.4103469281909436E-7
1.079218442382097E-16 4.2017551817809597E-7
2.9600026915966595E-16 4.004950809266037E-7
2.1574040339641357E-16 3.8190623918704126E-7
-2.0305396742891228E-16 3.6432941993018145E-7
-3.130771415905823E-17 3.476918547743707E-7
6.592685068584794E-17 3.319268969144501E-7
1.1637311546943948E-16 3.169734190803356E-7
-2.523233858114124E-16 3.027752769260939E-7
-7.265922736930273E-17 2.892808341367888E-7
1.3139503303075768E-16 2.764425332992663E-7
3.551915138489477E-16 2.6421652237556356E-7
-7.224809875252917E-17 2.5256230187414887E-7
-1.7874078665048405E-16 2.4144243719632257E-7
-2.3142845943118807E-16 2.308222659833887E-7
1.4784896566852768E-16 2.2066966860502795E-7
9.035173393419534E-17 2.1095483356712257E-7
1.0738281364640074E-16 2.016500649756869E-7
-1.8159200543006043E-16 1.9272959656588606E-7
1.3134092880125181E-17 1.8416943509234952E-7
2.4127733502538745E-18 1.7594720197164366E-7
9.977370492297855E-17 1.6804200875164755E-7
-1.4198982701413287E-16 1.6043432917716424E-7
1.099279358946631E-17 1.531058885566917E-7
-2.849927054331819E-17 1.4603956534198258E-7
1.2419112369347826E-16 1.3921929583155817E-7
-8.39291066116396E-17 1.3262998921946926E-7
-8.599925513472911E-18 1.262574547026926E-7
-4.85722573273506E-17 1.200883251884638E-7
1.1102230246251565E-16 1.1410999769048691E-7
1.0408340855860843E-17 1.0831056772818426E-7
3.0550784341568105E-17 1.0267877940989373E-7
-1.1874046667789684E-16 9.720397498700081E-8
1.0364295142603619E-16 9.187604201344669E-8
-1.2400562347802957E-17 8.668537779607052E-8
-3.030345072096985E-17 8.162284421783618E-8
-2.1858871050023376E-16 7.667973283462498E-8
5.288196096298048E-17 7.184773185237383E-8
9.996344030316351E-17 6.711888484716854E-8
1.6783449630075609E-16 6.248557964414836E-8
-1.8127860323957634E-16 5.794049758207909E-8
-2.0816681711721685E-17 5.3476602300886467E-8
-6.938893903907228E-18 4.908711304790758E-8
2.0643209364124004E-16 4.476547410558508E-8
-1.700029006457271E-16 4.050534117567683E-8
-1.3408870368214476E-16 3.6300554585171096E-8
2.144009796090085E-17 3.21451233726788E-8
4.0151394578927246E-16 2.8033202820152716E-8
6.938893903907228E-17 2.395907794166749E-8
-3.400058012914542E-16 1.991714631156133E-8
-3.3306690738754696E-16 1.5901899918591492E-8
1.575472811563526E-16 1.1907906599665981E-8
2.4326786245143506E-16 7.929802251104448E-9
6.553038632697373E-17 3.962263932983458E-9
-2.8226525934302304E-16 0.0
8.200917834121785E-5 0.0
8.524118613898551E-5 -1.37692617114475E-16
9.559568319630368E-5 3.103816709941823E-16
1.153110104729171E-4 -3.7584884748746716E-16
1.491744240947248E-4 0.25000000000000044
2.0693603953879716E-4 -0.5000000000000007
3.0939447228862244E-4 0.25000000000000044
5.054114432204543E-4 -1.0892843701690302E-16
9.278991725713743E-4 5.979374981257557E-17
0.0020290365344300325 -1.2452061950996018E-16
0.006070042428838569 1.5720931501039814E-17
0.042447457976954824 2.8796409701215E-16
-0.2122011736748029 -6.487865800153259E-16
0.2122113942839021 3.608224830031759E-16
-0.042437039031587354 4.597017211338539E-17
-0.006059217100382365 -5.572799166575493E-17
-0.0020175764557494864 2.0160739397367955E-16
-9.155431120013885E-4 -2.86988315056913E-16
-4.918494876253717E-4 5.800481622797449E-17
-2.942470578470539E-4 1.9312351197398048E-16
-1.897250346535105E-4 -1.6309788805971004E-16
-1.2928192828876603E-4 -3.305698542590413E-16
-9.191890511466327E-5 6.101144437754835E-16
-6.75943765563923E-5 5.733023918878116E-16
-5.10877131456311E-5 0.07499999999999835
-3.9499320157905526E-5 -0.14999999999999916
-3.113001354461756E-5 0.07499999999999978
-2.4938805433534413E-5 2.487236016647E-16
-2.0263598502426857E-5 -9.159306071839651E-17
-1.66695754804786E-5 -8.046812998915853E-19
-1.3863159380932359E-5 7.274361302667294E-17
-1.1641279275697138E-5 -6.886801377651089E-17
-9.860440213439273E-6 -1.6860402573333662E-16
-8.417306218564165E-6 5.472993274400519E-16
-7.23619035000443E-6 -7.77664548764199E-16
-6.260806004683873E-6 3.905183993427276E-16
-5.4487136477745E-6 7.468507606925084E-16
-4.76751132337775E-6 -1.4739650184392812E-15
-4.19217645382014E-6 7.613441296947399E-16
-3.7031818993958787E-6 8.131823343084663E-17
-3.285141678274991E-6 -1.57924528455236E-16
-2.9258245671098956E-6 2.6146265955404946E-16
-2.6154269612837076E-6 -3.957991203732661E-16
-2.346030828357457E-6 2.903513534948678E-16
-2.111195440708292E-6 -2.730343472234049E-16
-1.905646875808359E-6 1.7396897360256775E-16
-1.7250397732693865E-6 -5.765340343398236E-17
-1.5657729501244916E-6 1.3183623131715876E-16
-1.424845616035554E-6 -1.3439262969153144E-16
-1.2997443718131056E-6 1.598009711312003E-17
-1.1883538211675344E-6 1.623499844370641E-16
-1.0888853718184179E-6 9.197599901989426E-17
-9.998201788094667E-7 -3.9476051239614452E-16
-9.19863159015652E-7 -1.0441752335163084E-16
-8.479057108704793E-7 5.75630131071095E-16
-7.829953492839448E-7 -4.317971868335164E-16
-7.243108270171973E-7 3.074348499881295E-16
-6.711416772202421E-7 -2.3907823235352337E-16
-6.228712970206129E-7 2.615194504661849E-16
-5.789629112615717E-7 -1.7566035281444677E-16
-5.389478696729366E-7 -1.6908417926350527E-16
-5.024158577933968E-7 1.1004794458142127E-15
-4.6900666655112486E-7 -1.8024937677273106E-15
-4.384032785141912E-7 1.0863198643516738E-15
-4.103259759933274E-7 -4.0104638360238873E-16
-3.845273940630717E-7 4.577553353740146E-16
-3.6078826394359803E-7 -2.537641280569169E-16
-3.3891380635649875E-7 -3.407340577201908E-17
-3.187306283149049E-7 -1.2992431582780575E-17
-3.0008406447462766E-7 2.437492550981613E-16
-2.828358851119833E-7 -8.262425897383925E-17
-2.668623183564379E-7 -3.9591063755472806E-16
-2.52052332813242E-7 1.2407058693461703E-16
-2.383061574950042E-7 9.565246347113479E-16
-2.2553399357079926E-7 -1.343917681002054E-15
-2.1365485735964675E-7 1.0609543341615955E-15
-2.02595652616792E-7 -5.714420296029554E-16
-1.9229024390689236E-7 9.585051300909264E-18
-1.8267874869950136E-7 3.0056328858608407E-17
-1.7370684863562484E-7 1.4959583877334167E-16
-1.6532521197524007E-7 -1.3233809833840694E-16
-1.574889748055872E-7 1.5173245291301104E-16
-1.501572845096826E-7 -4.702191704212329E-16
-1.4329289492828778E-7 1.056038856384891E-15
-1.3686181081420901E-7 -9.786334916538856E-16
-1.3083296280682865E-7 -1.558936610850754E-16
-1.251779303337896E-7 9.689459758361382E-16
-1.1987068455684843E-7 -6.914239951186208E-16
-1.148873643462809E-7 1.5947438699047455E-16
-1.1020607364362786E-7 -5.363084396747169E-17
-1.0580670270631798E-7 2.296818774939497E-16
-1.0167076417301649E-7 -3.4635240740699385E-16
-9.778124969167757E-8 2.5778558365090014E-16
-9.412249563123547E-8 -3.5202414002180864E-16
-9.068007322056088E-8 3.853478984744505E-16
-8.744067161367245E-8 -3.3281703266810694E-16
-8.4392016517988E-8 4.0212338599482193E-16
-8.152276718680389E-8 -1.8349062978133095E-16
-7.88224563626628E-8 6.531979276046262E-17
-7.628140574387683E-8 -3.2277884521019623E-16
-7.389066937807673E-8 3.2923577736711576E-16
-7.164197505948436E-8 -9.244602289628159E-17
-6.952766915327424E-8 1.231653667943533E-16
-6.754067431724575E-8 -4.128641872824801E-16
-6.567443830429731E-8 3.191891195797325E-16
-6.392290527012125E-8 -7.129306910449995E-17
-6.228046900530201E-8 5.964806014564783E-17
-6.074195085782757E-8 -8.939246912142984E-17
-5.9302561011418726E-8 8.875550034509461E-17
-5.7957879020391795E-8 3.117081245895825E-17
-5.670382551933075E-8 -4.004771774618332E-16
-5.5536640995528484E-8 8.58986276205953E-16
-5.4452866355401454E-8 -9.738846014351044E-16
-5.344932301588152E-8 6.836978899693591E-16
-5.2523097524449086E-8 -3.9811903773667723E-16
-5.1671528302627E-8 3.5388358909926865E-16
-5.0892187034023983E-8 -2.2898349882893854E-16
-5.0182873859855315E-8 -6.418476861114186E-17
-4.954159789694111E-8 7.925517880869037E-17
-4.896657437070308E-8 8.548934130048202E-17
-4.845621249551218E-8 -1.7105999776390046E-16
-4.8009110957557636E-8 8.349034354496188E-17
-4.762404366004391E-8 6.353424730765056E-16
-4.729996166269457E-8 -1.4966326788989903E-15
-4.703599193120467E-8 1.0870210981339667E-15
-4.6831411903729296E-8 -1.567265062304632E-16
-4.668567731701004E-8 2.192333025730943E-17
-4.659839245181747E-8 -2.2092821550055014E-16
-4.656932382351032E-8 0.0
-0.07995455439914007 0.0
0.08611351460482666 1.010014878690649E-5
-0.09244651842742105 2.157211774461926E-5
0.14346327607246248 3.6198539489898374E-5
-0.19471772978162236 -0.12494319096849499
0.03502318893989169 0.25008857323898587
0.12423513141410852 -0.12485790558515658
-0.07009206914173388 2.4194767343936954E-4
0.014824948603708902 4.5469312190529244E-4
5.37497862014323E-4 0.0010064964617810864
-0.021427951662872615 0.0030280239358025604
0.06481774870538898 0.02121758898885775
-0.047589438101877816 -0.1061060040119548
-0.056307443711014524 0.10610089370740484
0.07531203759319961 -0.02122279846154064
-0.03435077085465217 -0.003033436600031539
0.021676028960155566 -0.0010122265011207636
-0.014653181238382459 -4.608711521909446E-4
0.009800589600298185 -2.4872865123529825E-4
-0.005680126659120414 -1.4966812206556105E-4
0.0021946980369292883 -9.717874142900547E-5
0.0025591926608737885 -6.675527940713506E-5
-0.007042979460504483 -4.789459216886834E-5
0.02397174602827095 -3.557277106391258E-5
-0.04076141491034996 -0.0375271768852864
-0.006281556306030823 0.07497874507091068
0.05340513570591393 -0.03751695543751035
-0.03697658438374411 -1.375632113745362E-5
0.020598668673031464 -1.1325166494025561E-5
-0.0170279009298786 -9.443392803047505E-6
0.013490866141147865 -7.963201094281572E-6
-0.011825751236366009 -6.782181661537257E-6
0.01018413941065706 -5.827828064557811E-6
-0.00918763472470893 -5.047811270887919E-6
0.008208095660261287 -4.403710258929624E-6
-0.007533289825966954 -3.866875614406224E-6
0.006871087249675847 -3.4156427972174656E-6
-0.006379630835507284 -3.033418889667903E-6
0.0058977623777129225 -2.707346319987024E-6
-0.005522380487428475 -2.427354797178774E-6
0.005154440438109566 -2.185479001481092E-6
-0.004857944251949992 -1.975360961977736E-6
0.004567324174677404 -1.7918827102846513E-6
-0.004327232757428545 -1.630892007832476E-6
0.004091850682208971 -1.488995422142727E-6
-0.003893652839069164 -1.3634006637584578E-6
0.0036992787604120687 -1.2517953768512603E-6
-0.0035331282245107294 -1.1522531360738208E-6
0.0033701184042542543 -1.0631599779837545E-6
-0.0032290676624696195 -9.831565271018004E-7
0.0030906232647752822 -9.110920999138824E-7
-0.002969613766781725 -8.459880523064721E-7
0.00285078724116031 -7.870083310992427E-7
-0.0027460398104236544 -7.334356636223599E-7
0.002643136105790469 -6.846522071105119E-7
-0.0025517661512431374 -6.401237292742972E-7
0.0024619653003141533 -5.993866103113228E-7
-0.0023817307203150865 -5.620371191462432E-7
0.002302840873055226 -5.277225131946353E-7
-0.00223197161762131 -4.961336280033125E-7
0.002162262234681959 -4.6699867731688107E-7
-0.002099341935804816 -4.40078043980164E-7
0.0020374280300541575 -4.151598956514655E-7
-0.0019813098622542278 -3.9205645354593013E-7
0.0019260697640534445 -3.70600859375681E-7
-0.001875815413448593 -3.5064446531798593E-7
0.001826331147357909 -3.3205454639615036E-7
-0.0017811657478983178 -3.14712326382635E-7
0.001736679021691196 -2.9851127946630066E-7
-0.0016959573527452886 -2.8335566963292306E-7
0.0016558365511206592 -2.69159283319797E-7
-0.0016190173235807453 -2.558443309679518E-7
0.0015827324024678758 -2.4334049454463244E-7
-0.0015493584499198364 -2.3158409076603386E-7
0.0015164615966929043 -2.2051734641418373E-7
-0.0014861444412776932 -2.100877587417067E-7
0.001456255005542778 -2.0024754070218807E-7
-0.0014286627079881978 -1.9095311931105192E-7
0.001401455337878063 -1.821647100393284E-7
-0.0013763028429521792 -1.7384592744865406E-7
0.0013514980568553189 -1.6596344838622516E-7
-0.0013285394558771005 -1.584867095477129E-7
0.0013058960851219292 -1.5138763836898723E-7
-0.0012849183662065648 -1.4464041705596498E-7
0.001264227449734129 -1.382212671713649E-7
-0.0012450454133894834 -1.321082609425468E-7
0.0012261252298776096 -1.2628115072317765E-7
-0.0012085773253496148 -1.2072121853502673E-7
0.0011912693241539261 -1.1541113323083451E-7
-0.0011752142191427902 -1.1033483413849451E-7
0.0011593796672387405 -1.054774169105023E-7
-0.0011446934061338772 -1.0082503230750273E-7
0.0011302106097694435 -9.636479852037812E-8
-0.0011167842475474164 -9.208471748079101E-8
0.0011035462384823946 -8.797360076398877E-8
-0.0010912838616232014 -8.402100476739144E-8
0.0010791964614804148 -8.021716422362823E-8
-0.0010680135258185094 -7.655294436640508E-8
0.0010569937201604135 -7.301978290508854E-8
-0.0010468156498812482 -6.960964763890604E-8
0.0010367902175705554 -6.631499469954977E-8
-0.001027551220690182 -6.312872726128849E-8
0.0010184555749542519 -6.004416297153425E-8
-0.0010100976393290252 -5.705499836472505E-8
0.0010018748454317349 -5.4155284010676263E-8
-9.943468862124937E-4 -5.133938982705005E-8
9.869468273522044E-4 -4.860198741314832E-8
-9.80203962268037E-4 -4.5938021043276205E-8
9.735826306497286E-4 -4.334268888657152E-8
-9.675855638647772E-4 -4.081142210711052E-8
9.617044581521608E-4 -3.833986626940698E-8
-9.564189569630068E-4 -3.592386605940148E-8
9.512445707609049E-4 -3.355944240513928E-8
-9.46641022263574E-4 -3.1242790011348776E-8
9.421444110710117E-4 -2.897024859414843E-8
-9.381974482491236E-4 -2.6738301199882852E-8
9.343538645979373E-4 -2.45435565781639E-8
-9.310420532255195E-4 -2.2382736964213223E-8
9.278306416192796E-4 -2.0252670514166876E-8
-9.251362209677562E-4 -1.8150277464313008E-8
9.225397657958943E-4 -1.6072561347373754E-8
-9.20448437484836E-4 -1.4016601782886051E-8
9.184531584128077E-4 -1.1979539294576513E-8
-9.16953918904638E-4 -9.958572747090656E-9
9.155493093757298E-4 -7.950949506424498E-9
-9.146343225937797E-4 -5.953953739756823E-9
9.138130280586191E-4 -3.964901086270234E-9
-9.134775355251548E-4 -1.9811319117331305E-9
9.13235268884538E-4 0.0
