0.000000000000000000e+00
4.561773064395199251e-01
8.278994681996373339e-01
1.057950004760697560e+00
1.133617507937034086e+00
1.087785252292473137e+00
9.837397883885234950e-01
8.897047850747169528e-01
8.529035967597056178e-01
8.829999739657512503e-01
9.510565162951535312e-01
1.004114329228956937e+00
9.894510571705810165e-01
8.788351861293435263e-01
6.830945682688540632e-01
4.510565162951537532e-01
2.529632186307008146e-01
1.545024734259952681e-01
1.913036617410069917e-01
3.537030330534729483e-01
5.877852522924730261e-01
8.125977469769314343e-01
9.473341337194606249e-01
9.385153392408746020e-01
7.771970673996225765e-01
4.999999999999997780e-01
1.738594488955295947e-01
-1.294983448659268177e-01
-3.595488814269873767e-01
-5.035807526019835390e-01
-5.877852522924730261e-01
-6.627200274284205106e-01
-7.790889140334797958e-01
-9.635194678009436631e-01
-1.204019734925855456e+00
-1.451056516295154530e+00
-1.634151084564007705e+00
-1.687852180504291422e+00
-1.577236309463054376e+00
-1.313131323603904832e+00
-9.510565162951541973e-01
-5.739829795908027998e-01
-2.651183444672316480e-01
-8.068779069976916851e-02
-3.268327209337004713e-02
-8.778525229247302608e-02
-1.825609916418801104e-01
-2.489330103857499421e-01
-2.401142159071642801e-01
-1.471603120645728624e-01
-1.285260158468133564e-16
1.471603120645724183e-01
2.401142159071637805e-01
2.489330103857491649e-01
1.825609916418804435e-01
8.778525229247224893e-02
3.268327209337013040e-02
8.068779069976961260e-02
2.651183444672322032e-01
5.739829795908051313e-01
9.510565162951527540e-01
1.313131323603905276e+00
1.577236309463053709e+00
1.687852180504291422e+00
1.634151084564007483e+00
1.451056516295152976e+00
1.204019734925852347e+00
9.635194678009423308e-01
7.790889140334784635e-01
6.627200274284201775e-01
5.877852522924736922e-01
5.035807526019828728e-01
3.595488814269868771e-01
1.294983448659290659e-01
-1.738594488955286510e-01
-5.000000000000001110e-01
-7.771970673996215773e-01
-9.385153392408744910e-01
-9.473341337194604028e-01
-8.125977469769304351e-01
-5.877852522924738032e-01
-3.537030330534728373e-01
-1.913036617410050488e-01
-1.545024734259957677e-01
-2.529632186307018138e-01
-4.510565162951538642e-01
-6.830945682688556175e-01
-8.788351861293459688e-01
-9.894510571705807944e-01
-1.004114329228957159e+00
-9.510565162951538642e-01
-8.829999739657516944e-01
-8.529035967597053958e-01
-8.897047850747177300e-01
-9.837397883885226069e-01
-1.087785252292473803e+00
-1.133617507937034308e+00
-1.057950004760697782e+00
-8.278994681996367788e-01
-4.561773064395190924e-01
2.071014847959521355e-15
4.561773064395209243e-01
8.278994681996386662e-01
1.057950004760698892e+00
1.133617507937032309e+00
1.087785252292472471e+00
9.837397883885211636e-01
8.897047850747181741e-01
8.529035967597053958e-01
8.829999739657513613e-01
9.510565162951536422e-01
1.004114329228957159e+00
9.894510571705813495e-01
8.788351861293437484e-01
6.830945682688523979e-01
4.510565162951514218e-01
2.529632186307011477e-01
1.545024734259954347e-01
1.913036617410073248e-01
3.537030330534767231e-01
5.877852522924719159e-01
8.125977469769323225e-01
9.473341337194620682e-01
9.385153392408751571e-01
7.771970673996233536e-01
5.000000000000005551e-01
1.738594488955306494e-01
-1.294983448659286496e-01
-3.595488814269878763e-01
-5.035807526019835390e-01
-5.877852522924723599e-01
-6.627200274284194004e-01
-7.790889140334817942e-01
-9.635194678009432190e-01
-1.204019734925855678e+00
-1.451056516295155641e+00
-1.634151084564009482e+00
-1.687852180504291422e+00
-1.577236309463053043e+00
-1.313131323603900835e+00
-9.510565162951478690e-01
-5.739829795907960275e-01
-2.651183444672307044e-01
-8.068779069976866891e-02
-3.268327209337168471e-02
-8.778525229247369221e-02
-1.825609916418782785e-01
-2.489330103857505527e-01
-2.401142159071666116e-01
-1.471603120645725016e-01
-5.632137314804647804e-16
1.471603120645710028e-01
2.401142159071625870e-01
2.489330103857476661e-01
1.825609916418793055e-01
8.778525229247041706e-02
3.268327209336951977e-02
8.068779069976805829e-02
2.651183444672337575e-01
5.739829795908071297e-01
9.510565162951510887e-01
1.313131323603903944e+00
1.577236309463055264e+00
1.687852180504291644e+00
1.634151084564005707e+00
1.451056516295154086e+00
1.204019734925852569e+00
9.635194678009405544e-01
7.790889140334781304e-01
6.627200274284206216e-01
5.877852522924739143e-01
5.035807526019817626e-01
3.595488814269851563e-01
1.294983448659233205e-01
-1.738594488955358675e-01
-5.000000000000045519e-01
-7.771970673996205781e-01
-9.385153392408722706e-01
-9.473341337194611800e-01
-8.125977469769345429e-01
-5.877852522924749135e-01
-3.537030330534722822e-01
-1.913036617410042717e-01
-1.545024734259941024e-01
-2.529632186307000374e-01
-4.510565162951530316e-01
-6.830945682688542853e-01
-8.788351861293453027e-01
-9.894510571705804614e-01
-1.004114329228956937e+00
-9.510565162951537532e-01
-8.829999739657519164e-01
-8.529035967597058399e-01
-8.897047850747163977e-01
-9.837397883885243832e-01
-1.087785252292475580e+00
-1.133617507937036972e+00
-1.057950004760696006e+00
-8.278994681996363347e-01
-4.561773064395173716e-01
4.142029695919042709e-15
4.561773064395279187e-01
8.278994681996391103e-01
1.057950004760698448e+00
1.133617507937032087e+00
1.087785252292471361e+00
9.837397883885197203e-01
8.897047850747128450e-01
8.529035967597031753e-01
8.829999739657496960e-01
9.510565162951534202e-01
1.004114329228956493e+00
9.894510571705799062e-01
8.788351861293479672e-01
6.830945682688578380e-01
4.510565162951565288e-01
2.529632186307023689e-01
1.545024734259966004e-01
1.913036617410069362e-01
3.537030330534759459e-01
5.877852522924789103e-01
8.125977469769384287e-01
9.473341337194642886e-01
9.385153392408736028e-01
7.771970673996242418e-01
5.000000000000016653e-01
1.738594488955319262e-01
-1.294983448659293435e-01
-3.595488814269887090e-01
-5.035807526019830949e-01
-5.877852522924714718e-01
-6.627200274284216208e-01
-7.790889140334797958e-01
-9.635194678009423308e-01
-1.204019734925854568e+00
-1.451056516295155863e+00
-1.634151084564009260e+00
-1.687852180504290978e+00
-1.577236309463049491e+00
-1.313131323603895284e+00
-9.510565162951571949e-01
-5.739829795908057974e-01
-2.651183444672335354e-01
-8.068779069977133345e-02
-3.268327209337157369e-02
-8.778525229247766126e-02
-1.825609916418778622e-01
-2.489330103857504972e-01
-2.401142159071634474e-01
-1.471603120645729734e-01
-1.175537131054141310e-15
1.471603120645705587e-01
2.401142159071608384e-01
2.489330103857477217e-01
1.825609916418751699e-01
8.778525229247796657e-02
3.268327209337215655e-02
8.068779069976989016e-02
2.651183444672328693e-01
5.739829795908056864e-01
9.510565162951575280e-01
1.313131323603909495e+00
1.577236309463058372e+00
1.687852180504292088e+00
1.634151084564003042e+00
1.451056516295153642e+00
1.204019734925853680e+00
9.635194678009412206e-01
7.790889140334787966e-01
6.627200274284209547e-01
5.877852522924750245e-01
5.035807526019853153e-01
3.595488814269810485e-01
1.294983448659175196e-01
-1.738594488955336193e-01
-5.000000000000034417e-01
-7.771970673996256851e-01
-9.385153392408747131e-01
-9.473341337194564060e-01
-8.125977469769216643e-01
-5.877852522924601475e-01
-3.537030330534645106e-01
-1.913036617410008855e-01
-1.545024734259954347e-01
-2.529632186307033126e-01
-4.510565162951574170e-01
-6.830945682688587262e-01
-8.788351861293481893e-01
-9.894510571705834590e-01
-1.004114329228956937e+00
-9.510565162951539753e-01
-8.829999739657523605e-01
-8.529035967597047296e-01
-8.897047850747148434e-01
-9.837397883885221628e-01
-1.087785252292473803e+00
-1.133617507937037860e+00
-1.057950004760703777e+00
-8.278994681996374450e-01
-4.561773064395190369e-01
2.305059497198012331e-15
4.561773064395090449e-01
8.278994681996303395e-01
1.057950004760693785e+00
1.133617507937031421e+00
1.087785252292470028e+00
9.837397883885194982e-01
8.897047850747163977e-01
8.529035967597047296e-01
8.829999739657511393e-01
9.510565162951537532e-01
1.004114329228956493e+00
9.894510571705816826e-01
8.788351861293451917e-01
6.830945682688547294e-01
4.510565162951520879e-01
2.529632186306992603e-01
1.545024734259955457e-01
1.913036617410107110e-01
3.537030330534818301e-01
5.877852522924700285e-01
8.125977469769307682e-01
9.473341337194631784e-01
9.385153392408782658e-01
7.771970673996192458e-01
4.999999999999951150e-01
1.738594488955251260e-01
-1.294983448659317027e-01
-3.595488814269895417e-01
-5.035807526019826508e-01
-5.877852522924719159e-01
-6.627200274284187342e-01
-7.790889140334831264e-01
-9.635194678009466607e-01
-1.204019734925859897e+00
-1.451056516295159193e+00
-1.634151084564011036e+00
-1.687852180504290089e+00
-1.577236309463046160e+00
-1.313131323603903278e+00
-9.510565162951508666e-01
-5.739829795907973597e-01
-2.651183444672264855e-01
-8.068779069976650398e-02
-3.268327209337132389e-02
-8.778525229247864659e-02
-1.825609916418880485e-01
-2.489330103857572696e-01
-2.401142159071682491e-01
-1.471603120645733898e-01
6.028109562733284047e-15
1.471603120645771645e-01
2.401142159071621984e-01
2.489330103857479437e-01
1.825609916418769185e-01
8.778525229246822437e-02
3.268327209336938100e-02
8.068779069976411700e-02
2.651183444672275402e-01
5.739829795907975818e-01
9.510565162951480911e-01
1.313131323603901279e+00
1.577236309463053487e+00
1.687852180504291644e+00
1.634151084564007483e+00
1.451056516295152532e+00
1.204019734925862117e+00
9.635194678009455505e-01
7.790889140334811280e-01
6.627200274284211767e-01
5.877852522924744694e-01
5.035807526019856484e-01
3.595488814269899303e-01
1.294983448659288716e-01
-1.738594488955298167e-01
-4.999999999999907851e-01
-7.771970673996224654e-01
-9.385153392408751571e-01
-9.473341337194608469e-01
-8.125977469769292139e-01
-5.877852522924689183e-01
-3.537030330534670641e-01
-1.913036617410009410e-01
-1.545024734259923260e-01
-2.529632186307050334e-01
-4.510565162951523099e-01
-6.830945682688531750e-01
-8.788351861293441925e-01
-9.894510571705816826e-01
-1.004114329228957159e+00
-9.510565162951535312e-01
-8.829999739657523605e-01
-8.529035967597095036e-01
-8.897047850747203945e-01
-9.837397883885301564e-01
-1.087785252292472027e+00
-1.133617507937033864e+00
-1.057950004760697116e+00
-8.278994681996345584e-01
-4.561773064395138744e-01
8.284059391838085418e-15
4.561773064395349131e-01
8.278994681996486582e-01
1.057950004760702001e+00
1.133617507937035196e+00
1.087785252292471805e+00
9.837397883885203864e-01
8.897047850747135112e-01
8.529035967597031753e-01
8.829999739657506952e-01
9.510565162951565288e-01
1.004114329228957825e+00
9.894510571705776858e-01
8.788351861293418610e-01
6.830945682688407405e-01
4.510565162951487017e-01
2.529632186306928210e-01
1.545024734259971555e-01
1.913036617410106000e-01
3.537030330534605138e-01
5.877852522924770229e-01
8.125977469769233297e-01
9.473341337194669531e-01
9.385153392408779327e-01
7.771970673996247969e-01
5.000000000000077716e-01
1.738594488955471362e-01
-1.294983448659272340e-01
-3.595488814269841016e-01
-5.035807526019822067e-01
-5.877852522924722489e-01
-6.627200274284184012e-01
-7.790889140334764651e-01
-9.635194678009455505e-01
-1.204019734925851237e+00
-1.451056516295160304e+00
-1.634151084564007927e+00
-1.687852180504292532e+00
-1.577236309463051045e+00
-1.313131323603911493e+00
-9.510565162951444274e-01
-5.739829795908086840e-01
-2.651183444672270406e-01
-8.068779069977216611e-02
-3.268327209337371086e-02
-8.778525229247408079e-02
-1.825609916418740875e-01
-2.489330103857537169e-01
-2.401142159071638360e-01
-1.471603120645738338e-01
-2.400183930201494369e-15
1.471603120645696983e-01
2.401142159071604498e-01
2.489330103857444465e-01
1.825609916418789169e-01
8.778525229247866046e-02
3.268327209336749362e-02
8.068779069976894647e-02
2.651183444672392531e-01
5.739829795908030219e-01
9.510565162951701845e-01
1.313131323603907052e+00
1.577236309463065700e+00
1.687852180504291866e+00
1.634151084564009038e+00
1.451056516295146981e+00
1.204019734925855456e+00
9.635194678009362246e-01
7.790889140334799068e-01
6.627200274284218429e-01
5.877852522924696954e-01
5.035807526019800973e-01
3.595488814269824918e-01
1.294983448659128566e-01
-1.738594488955401973e-01
-5.000000000000008882e-01
-7.771970673996285717e-01
-9.385153392408740469e-01
-9.473341337194485234e-01
-8.125977469769293249e-01
-5.877852522924776890e-01
-3.537030330534883804e-01
-1.913036617410055484e-01
-1.545024734259944910e-01
-2.529632186306990382e-01
-4.510565162951449825e-01
-6.830945682688555065e-01
-8.788351861293397516e-01
-9.894510571705830149e-01
-1.004114329228957159e+00
-9.510565162951530871e-01
-8.829999739657525826e-01
-8.529035967597047296e-01
-8.897047850747212827e-01
-9.837397883885211636e-01
-1.087785252292481797e+00
-1.133617507937031643e+00
-1.057950004760696894e+00
-8.278994681996398874e-01
-4.561773064395087118e-01
-1.368880900244047044e-15
4.561773064395057142e-01
8.278994681996363347e-01
1.057950004760692675e+00
1.133617507937026758e+00
1.087785252292476690e+00
9.837397883885165006e-01
8.897047850747170639e-01
8.529035967597016210e-01
8.829999739657506952e-01
9.510565162951539753e-01
1.004114329228956493e+00
9.894510571705825708e-01
8.788351861293396405e-01
6.830945682688552845e-01
4.510565162951474805e-01
2.529632186307003705e-01
1.545024734260010968e-01
1.913036617410098783e-01
3.537030330534887135e-01
5.877852522924836842e-01
8.125977469769231076e-01
9.473341337194709499e-01
9.385153392408721595e-01
7.771970673996234646e-01
4.999999999999975020e-01
1.738594488955114981e-01
-1.294983448659295933e-01
-3.595488814269977573e-01
-5.035807526019816516e-01
-5.877852522924771339e-01
-6.627200274284179571e-01
-7.790889140334817942e-01
-9.635194678009479929e-01
-1.204019734925857676e+00
-1.451056516295168075e+00
-1.634151084564009926e+00
-1.687852180504289201e+00
-1.577236309463047492e+00
-1.313131323603904610e+00
-9.510565162951383211e-01
-5.739829795908001353e-01
-2.651183444672238210e-01
-8.068779069976733664e-02
-3.268327209337076877e-02
-8.778525229247806372e-02
-1.825609916418901857e-01
-2.489330103857569920e-01
-2.401142159071587012e-01
-1.471603120645742502e-01
4.803462763585930199e-15
1.471603120645693097e-01
2.401142159071655846e-01
2.489330103857477772e-01
1.825609916418747813e-01
8.778525229246340877e-02
3.268327209336521766e-02
8.068779069977694007e-02
2.651183444672424727e-01
5.739829795908114596e-01
9.510565162951765128e-01
1.313131323603913714e+00
1.577236309463069475e+00
1.687852180504292532e+00
1.634151084563996381e+00
1.451056516295143428e+00
1.204019734925830809e+00
9.635194678009335600e-01
7.790889140334745777e-01
6.627200274284222870e-01
5.877852522924705836e-01
5.035807526019744351e-01
3.595488814269816036e-01
1.294983448659036696e-01
-1.738594488955434447e-01
-5.000000000000281997e-01
-7.771970673996300150e-01
-9.385153392408691619e-01
-9.473341337194612910e-01
-8.125977469769382067e-01
-5.877852522924708056e-01
-3.537030330534770561e-01
-1.913036617410185380e-01
-1.545024734259898280e-01
-2.529632186306913777e-01
-4.510565162951462037e-01
-6.830945682688410736e-01
-8.788351861293430822e-01
-9.894510571705784630e-01
-1.004114329228957159e+00
-9.510565162951576390e-01
-8.829999739657528046e-01
-8.529035967597101697e-01
-8.897047850747106246e-01
-9.837397883885304894e-01
-1.087785252292468474e+00
-1.133617507937033864e+00
-1.057950004760706442e+00
-8.278994681996370009e-01
-4.561773064395379107e-01
4.610118994396024663e-15
4.561773064395038269e-01
8.278994681996224569e-01
1.057950004760686236e+00
1.133617507937033642e+00
1.087785252292472693e+00
9.837397883885253824e-01
8.897047850747139552e-01
8.529035967597025092e-01
8.829999739657503621e-01
9.510565162951500895e-01
1.004114329228956048e+00
9.894510571705803503e-01
8.788351861293504097e-01
6.830945682688516207e-01
4.510565162951612472e-01
2.529632186306986497e-01
1.545024734259990429e-01
1.913036617410135976e-01
3.537030330534777223e-01
5.877852522924906786e-01
8.125977469769291028e-01
9.473341337194580714e-01
9.385153392408731587e-01
7.771970673996313472e-01
4.999999999999945044e-01
1.738594488955405026e-01
-1.294983448659318970e-01
-3.595488814269792166e-01
-5.035807526019813185e-01
-5.877852522924760237e-01
-6.627200274284177350e-01
-7.790889140334829044e-01
-9.635194678009368907e-01
-1.204019734925861229e+00
-1.451056516295149867e+00
-1.634151084564011924e+00
-1.687852180504290533e+00
-1.577236309463044162e+00
-1.313131323603899059e+00
-9.510565162951630791e-01
-5.739829795907946952e-01
-2.651183444672374767e-01
-8.068779069976700358e-02
-3.268327209337409944e-02
-8.778525229248192174e-02
-1.825609916418886591e-01
-2.489330103857602117e-01
-2.401142159071604498e-01
-1.471603120645749996e-01
4.901682099772353697e-15
1.471603120645685603e-01
2.401142159071637805e-01
2.489330103857448906e-01
1.825609916418705903e-01
8.778525229246504635e-02
3.268327209336291395e-02
8.068779069977410900e-02
2.651183444672455258e-01
5.739829795908167887e-01
9.510565162951515328e-01
1.313131323603919265e+00
1.577236309463055486e+00
1.687852180504293198e+00
1.634151084564003709e+00
1.451056516295140320e+00
1.204019734925845242e+00
9.635194678009311176e-01
7.790889140334735785e-01
6.627200274284222870e-01
5.877852522924716938e-01
5.035807526019869806e-01
3.595488814269808264e-01
1.294983448659149106e-01
-1.738594488955466921e-01
-5.000000000000140998e-01
-7.771970673996315693e-01
-9.385153392408787099e-01
-9.473341337194574052e-01
-8.125977469769172234e-01
-5.877852522924640333e-01
-3.537030330534542966e-01
-1.913036617410071027e-01
-1.545024734259934363e-01
-2.529632186307084751e-01
-4.510565162951710172e-01
-6.830945682688656095e-01
-8.788351861293592915e-01
-9.894510571705851243e-01
-1.004114329228957381e+00
-9.510565162951500895e-01
-8.829999739657469204e-01
-8.529035967597102808e-01
-8.897047850747182851e-01
-9.837397883885424799e-01
-1.087785252292478022e+00
-1.133617507937045854e+00
-1.057950004760690010e+00
-8.278994681996338922e-01
-4.561773064394913924e-01
2.479997360423809910e-14
4.561773064395503452e-01
8.278994681996560967e-01
1.057950004760702667e+00
1.133617507937031199e+00
1.087785252292474469e+00
9.837397883885211636e-01
8.897047850747243913e-01
8.529035967597009549e-01
8.829999739657499180e-01
9.510565162951505336e-01
1.004114329228956048e+00
9.894510571705853463e-01
8.788351861293476341e-01
6.830945682688687182e-01
4.510565162951578055e-01
2.529632186307062547e-01
1.545024734259998755e-01
1.913036617410006635e-01
3.537030330534837175e-01
5.877852522924662537e-01
8.125977469769476436e-01
9.473341337194620682e-01
9.385153392408850381e-01
7.771970673996299039e-01
5.000000000000085487e-01
1.738594488955371997e-01
-1.294983448659206560e-01
-3.595488814269800493e-01
-5.035807526019810965e-01
-5.877852522924635892e-01
-6.627200274284172909e-01
-7.790889140334684715e-01
-9.635194678009395552e-01
-1.204019734925846574e+00
-1.451056516295153420e+00
-1.634151084564004153e+00
-1.687852180504290089e+00
-1.577236309463057484e+00
-1.313131323603896394e+00
-9.510565162951568619e-01
-5.739829795908226728e-01
-2.651183444672342571e-01
-8.068779069976977913e-02
-3.268327209337631989e-02
-8.778525229246883499e-02
-1.825609916418929057e-01
-2.489330103857498866e-01
-2.401142159071760207e-01
-1.471603120645754159e-01
-1.205312422228362506e-14
1.471603120645681440e-01
2.401142159071682491e-01
2.489330103857416154e-01
1.825609916418845236e-01
8.778525229246107731e-02
3.268327209337004713e-02
8.068779069976539375e-02
2.651183444672320366e-01
5.739829795908223398e-01
9.510565162951578611e-01
1.313131323603897505e+00
1.577236309463058817e+00
1.687852180504290756e+00
1.634151084564004597e+00
1.451056516295153864e+00
1.204019734925847906e+00
9.635194678009422198e-01
7.790889140334724683e-01
6.627200274284228421e-01
5.877852522924698064e-01
5.035807526019875358e-01
3.595488814269862110e-01
1.294983448659263181e-01
-1.738594488955318706e-01
-5.000000000000029976e-01
-7.771970673996234646e-01
-9.385153392408775996e-01
-9.473341337194536305e-01
-8.125977469769384287e-01
-5.877852522924570389e-01
-3.537030330534755018e-01
-1.913036617409942797e-01
-1.545024734259955457e-01
-2.529632186307041453e-01
-4.510565162951573615e-01
-6.830945682688692733e-01
-8.788351861293486333e-01
-9.894510571705863455e-01
-1.004114329228957381e+00
-9.510565162951524210e-01
-8.829999739657531377e-01
-8.529035967597056178e-01
-8.897047850747304976e-01
-9.837397883885283800e-01
-1.087785252292482019e+00
-1.133617507937038749e+00
-1.057950004760689788e+00
-8.278994681996308946e-01
-4.561773064395134858e-01
1.656811878367617084e-14
4.561773064395282518e-01
8.278994681996589833e-01
1.057950004760699780e+00
1.133617507937031865e+00
1.087785252292464921e+00
9.837397883885091732e-01
8.897047850747075159e-01
8.529035967597071721e-01
8.829999739657501401e-01
9.510565162951553075e-01
1.004114329228958935e+00
9.894510571705785740e-01
8.788351861293302036e-01
6.830945682688442933e-01
4.510565162951329921e-01
2.529632186306952635e-01
1.545024734259931587e-01
1.913036617410044937e-01
3.537030330535065881e-01
5.877852522924930101e-01
8.125977469769414263e-01
9.473341337194527423e-01
9.385153392408784878e-01
7.771970673996049239e-01
4.999999999999883982e-01
1.738594488955198802e-01
-1.294983448659230152e-01
-3.595488814270003108e-01
-5.035807526019927538e-01
-5.877852522924741363e-01
-6.627200274284271719e-01
-7.790889140334910090e-01
-9.635194678009285640e-01
-1.204019734925825924e+00
-1.451056516295156751e+00
-1.634151084564003487e+00
-1.687852180504292532e+00
-1.577236309463070807e+00
-1.313131323603890621e+00
-9.510565162951505336e-01
-5.739829795908171217e-01
-2.651183444672477463e-01
-8.068779069978165852e-02
-3.268327209337862360e-02
-8.778525229247270689e-02
-1.825609916418788892e-01
-2.489330103857395615e-01
-2.401142159071777693e-01
-1.471603120645758045e-01
-1.195490488609720314e-14
1.471603120645674501e-01
2.401142159071590065e-01
2.489330103857383403e-01
1.825609916418803325e-01
8.778525229247426120e-02
3.268327209337706929e-02
8.068779069976578233e-02
2.651183444672352563e-01
5.739829795907943621e-01
9.510565162951329921e-01
1.313131323603873080e+00
1.577236309463062369e+00
1.687852180504291644e+00
1.634151084564012368e+00
1.451056516295167409e+00
1.204019734925844354e+00
9.635194678009395552e-01
7.790889140334870122e-01
6.627200274284228421e-01
5.877852522924852385e-01
5.035807526019880909e-01
3.595488814269853228e-01
1.294983448659375591e-01
-1.738594488955169381e-01
-5.000000000000059952e-01
-7.771970673996250190e-01
-9.385153392408657202e-01
-9.473341337194662870e-01
-8.125977469768925765e-01
-5.877852522924502665e-01
-3.537030330534695066e-01
-1.913036617410072693e-01
-1.545024734259978216e-01
-2.529632186307059216e-01
-4.510565162951606366e-01
-6.830945682688520648e-01
-8.788351861293377532e-01
-9.894510571705878998e-01
-1.004114329228957381e+00
-9.510565162951520879e-01
-8.829999739657536928e-01
-8.529035967597008439e-01
-8.897047850747334952e-01
-9.837397883885325989e-01
-1.087785252292480465e+00
-1.133617507937031643e+00
-1.057950004760689566e+00
-8.278994681996278970e-01
-4.561773064395083788e-01
-8.716761695128165991e-15
4.561773064395060473e-01
8.278994681996483251e-01
1.057950004760700002e+00
1.133617507937026536e+00
1.087785252292478022e+00
9.837397883885052874e-01
8.897047850747045183e-01
8.529035967597056178e-01
8.829999739657495850e-01
9.510565162951529761e-01
1.004114329228956271e+00
9.894510571705773527e-01
8.788351861293421941e-01
6.830945682688587262e-01
4.510565162951296059e-01
2.529632186306934871e-01
1.545024734259940469e-01
1.913036617410082685e-01
3.537030330534580713e-01
5.877852522925113288e-01
8.125977469769474215e-01
9.473341337194698397e-01
9.385153392408736028e-01
7.771970673996034806e-01
4.999999999999854006e-01
1.738594488955166328e-01
-1.294983448659253189e-01
-3.595488814269886535e-01
-5.035807526019797642e-01
-5.877852522924731371e-01
-6.627200274284166248e-01
-7.790889140334795737e-01
-9.635194678009659786e-01
-1.204019734925871887e+00
-1.451056516295164522e+00
-1.634151084564007927e+00
-1.687852180504286537e+00
-1.577236309463033948e+00
-1.313131323603882405e+00
-9.510565162951398754e-01
-5.739829795908056864e-01
-2.651183444672035039e-01
-8.068779069976605989e-02
-3.268327209337060224e-02
-8.778525229247667594e-02
-1.825609916419069501e-01
-2.489330103857700927e-01
-2.401142159071657511e-01
-1.471603120645621487e-01
2.354169165291224475e-15
1.471603120645816887e-01
2.401142159071584514e-01
2.489330103857483323e-01
1.825609916418761969e-01
8.778525229244774075e-02
3.268327209335594730e-02
8.068779069977516372e-02
2.651183444672460809e-01
5.739829795908059085e-01
9.510565162951390983e-01
1.313131323603878631e+00
1.577236309463032171e+00
1.687852180504292976e+00
1.634151084564010370e+00
1.451056516295168519e+00
1.204019734925877216e+00
9.635194678009371128e-01
7.790889140334857910e-01
6.627200274284232862e-01
5.877852522924803536e-01
5.035807526019884239e-01
3.595488814269977573e-01
1.294983448659352554e-01
-1.738594488955060580e-01
-4.999999999999749090e-01
-7.771970673996265733e-01
-9.385153392408646100e-01
-9.473341337194625122e-01
-8.125977469769410932e-01
-5.877852522924433831e-01
-3.537030330534531863e-01
-1.913036617410034390e-01
-1.545024734259968779e-01
-2.529632186306888242e-01
-4.510565162951640783e-01
-6.830945682688557286e-01
-8.788351861293404177e-01
-9.894510571705774638e-01
-1.004114329228957381e+00
-9.510565162951559737e-01
-8.829999739657536928e-01
-8.529035967597023982e-01
-8.897047850747095143e-01
-9.837397883885365957e-01
-1.087785252292484461e+00
-1.133617507937034086e+00
-1.057950004760708884e+00
-8.278994681996250105e-01
-4.561773064395172606e-01
