3.982244530861669962e-02 0.000000000000000000e+00
-3.984293596087109396e-02 -1.745565497701662139e-17
4.127973998648213488e-02 2.959871930885427105e-17
-4.275914130596640550e-02 -6.505213034913026604e-19
4.655942571176106132e-02 1.019150042136374168e-17
-5.040748461631543859e-02 -4.228388472693467293e-17
6.051382842157221331e-02 -2.471980953266950110e-17
-7.067780431635889427e-02 5.898059818321144121e-17
1.234178831540581750e-01 -1.474514954580286030e-17
-1.762325256858090217e-01 1.250000000000000555e-01
1.693808866895488499e-02 -2.500000000000000000e-01
1.422529039781101345e-01 1.249999999999998612e-01
-8.916391711907889484e-02 6.591949208711866959e-17
3.592025683592543761e-02 1.734723475976807094e-18
-2.506069984785909421e-02 -2.775557561562891351e-17
1.394846114273789149e-02 1.387778780781445676e-17
-8.853150444492897952e-03 -1.170938346284344789e-17
3.293914388068740120e-03 7.589415207398531038e-18
2.827438516830671836e-04 1.788933584601082316e-17
-4.873895875362709018e-03 -1.436567878543293375e-17
8.579596660552444437e-03 2.276824562219559311e-18
-1.532029388936266383e-02 -5.637851296924623057e-18
2.159614251658148812e-02 9.974659986866640793e-18
-4.909569504084079772e-02 3.903127820947815962e-18
7.632642681824100550e-02 -6.250000000000001388e-02
2.543453687854057774e-03 1.250000000000000000e-01
-8.157778186461125958e-02 -6.249999999999998612e-02
5.450643873518132287e-02 1.127570259384924611e-17
-2.753771073855839496e-02 -7.264154555652879708e-17
2.178752851927819728e-02 7.589415207398531038e-19
-1.609930129092346923e-02 7.608388745417027366e-17
1.344070933742091099e-02 1.856696220381426343e-18
-1.081377379464600573e-02 -6.119942647691257869e-17
9.195653706179260714e-03 -7.033761593999710016e-18
-7.582539410269376751e-03 2.881267273380228033e-17
6.427224438680546360e-03 -5.095750210681870840e-18
-5.248054489131317307e-03 -1.062518129035794345e-17
4.314837635308051145e-03 7.806255641895631925e-18
-3.318736206132655298e-03 2.775557561562891351e-17
2.469787284819859735e-03 -3.295974604355933479e-17
-1.493044014153977264e-03 -1.734723475976807094e-17
6.111929120955652932e-04 1.474514954580286030e-17
5.297852451977003163e-04 5.637851296924623057e-18
-1.606092067371423480e-03 -3.469446951953614189e-17
3.275374101126949863e-03 -8.782037597132585915e-18
-4.898665542090376024e-03 3.941074896984808618e-17
8.329957280835260242e-03 5.421010862427522170e-18
-1.172741986984922671e-02 -1.626303258728256651e-17
2.784825130624923525e-02 -1.127570259384924611e-17
-4.394350604885813999e-02 3.749999999999997780e-02
-3.630751456266934594e-03 -7.499999999999998335e-02
5.122479239180902089e-02 3.750000000000000555e-02
-3.516319888665445786e-02 6.938893903907228378e-18
1.911720515210659985e-02 1.387778780781445676e-17
-1.580898726944554578e-02 -1.734723475976807094e-17
1.251327461048853257e-02 0.000000000000000000e+00
-1.104107215017005941e-02 5.204170427930421283e-18
9.579038434437974966e-03 6.938893903907228378e-18
-8.727262219045838279e-03 -3.469446951953614189e-17
7.883858932096251410e-03 2.645453300864630819e-17
-7.319469208719974786e-03 -8.673617379884035472e-19
6.762050476262447367e-03 -2.602085213965210642e-17
-6.356005238915396656e-03 2.949029909160572061e-17
5.955821402589990890e-03 4.011548038196366406e-18
-5.647281165897153309e-03 -2.081668171172168513e-17
5.343713345318962596e-03 -5.421010862427522170e-19
-5.100051146551327040e-03 -1.561251128379126385e-17
4.860641321229070867e-03 2.255140518769849223e-17
-4.662678720724295310e-03 4.597017211338538800e-17
4.468379555431136602e-03 -2.298508605669269400e-17
-4.304039659689716871e-03 -4.857225732735059864e-17
4.142877228198544801e-03 4.163336342344337027e-17
-4.004136446523916086e-03 8.673617379884035472e-18
3.868168912297305362e-03 -1.387778780781445676e-17
-3.749463377779621576e-03 -1.734723475976807094e-17
3.633192434306441870e-03 1.387778780781445676e-17
-3.530526898594295304e-03 2.775557561562891351e-17
3.430010354460184124e-03 -3.816391647148975608e-17
-3.340431803945781951e-03 -2.775557561562891351e-17
3.252759947417964426e-03 -1.040834085586084257e-17
-3.174032152466008810e-03 1.214306433183764966e-17
3.097004372035402908e-03 3.100818213308542681e-17
-3.027398758884487957e-03 2.602085213965210642e-18
2.959315993359326342e-03 -4.716279450311944288e-18
-2.897472751573797883e-03 -1.984089975648473114e-17
2.836999812234004652e-03 1.561251128379126385e-17
-2.781832974926052790e-03 4.640385298237958978e-17
2.727904569513932721e-03 -5.637851296924623057e-17
-2.678535505853734885e-03 -1.040834085586084257e-17
2.630290470819019594e-03 2.255140518769849223e-17
-2.586000252543296796e-03 -2.081668171172168513e-17
2.542734504153251751e-03 2.341876692568689577e-17
-2.502929121573966697e-03 3.686287386450715076e-18
2.464061337523137073e-03 -2.612927235690065686e-17
-2.428245857427995241e-03 2.062694633153672186e-17
2.393292008295617654e-03 -5.976664475826343192e-18
-2.361051078308543105e-03 -2.650495695737643064e-17
2.329605233735517270e-03 6.383240290508407355e-18
-2.300588172107894888e-03 2.626479762846134491e-17
2.272307836090411634e-03 -1.507041019754851163e-17
-2.246217088851492141e-03 7.589415207398531038e-18
2.220811857897523472e-03 -4.336808689942017736e-18
-2.197393966061861326e-03 -3.469446951953614189e-18
2.174616662034100159e-03 1.387778780781445676e-17
-2.153655125900821865e-03 1.387778780781445676e-17
2.133294797682924043e-03 -2.558717127065790464e-17
-2.114604393664672871e-03 -1.864827736675067626e-17
2.096480748655713336e-03 5.160802341031001106e-17
-2.079902972042195659e-03 -2.612927235690065686e-17
2.063861915279522046e-03 -1.685934378214959395e-17
-2.049261306233074627e-03 -5.746271514173173500e-18
2.035171347940783939e-03 -1.452830911130575942e-17
-2.022432518544598976e-03 1.344410693882025498e-17
2.010181870728348572e-03 1.387778780781445676e-17
-1.999207095166983042e-03 6.938893903907228378e-18
1.988701321603052186e-03 -1.214306433183764966e-17
-1.979408584367313428e-03 6.938893903907228378e-18
1.970568700722860611e-03 -2.081668171172168513e-17
-1.962890122386835162e-03 0.000000000000000000e+00
1.955651067538782817e-03 0.000000000000000000e+00
-1.949531646454491507e-03 -2.515349040166370287e-17
1.943841064619221404e-03 3.816391647148975608e-17
-1.939237687441017211e-03 2.385244779468109755e-17
1.935054975094253893e-03 -7.437626903250560417e-17
-1.931935660543247779e-03 4.662069341687669066e-17
1.929231243458270906e-03 8.023096076392732812e-18
-1.927574593026636085e-03 -2.938187887435717016e-17
1.926329407930825466e-03 3.350184712980208701e-17
-1.926124244942664654e-03 0.000000000000000000e+00
1.001036951501783741e-16 0.000000000000000000e+00
-4.366148378600525852e-17 -2.204354176189104033e-17
-2.860861361807031162e-17 1.310145569760140835e-16
1.021288468446540302e-16 -1.235673503397299876e-16
-1.769908013382283447e-16 1.286836830515782307e-16
3.246104559500089969e-17 -1.664487792103914969e-16
6.653006520954440140e-17 1.232678391902645521e-16
5.773010753523967013e-18 -2.225348318828752051e-16
4.436814027805800867e-17 1.487713632051855916e-16
3.118931303943133108e-16 2.500000000000002220e-01
-6.783151655759501362e-16 -5.000000000000000000e-01
1.989192640213237488e-16 2.499999999999998890e-01
6.387190727726218217e-17 -3.617739342951627564e-17
9.722110024218343286e-17 2.168404344971008868e-17
-9.378995240869352893e-17 -6.765421556309547668e-17
1.075210208807957250e-16 1.023486850826316186e-16
-2.911995972329984546e-17 1.600607033738245314e-17
-6.640540450371636802e-17 -1.271243200118107580e-17
1.426382971098400433e-17 -1.459209922694644170e-17
-8.504270585928543058e-18 -3.694899693739586251e-17
7.452215553215175670e-17 3.420265254438234672e-17
-5.308147961769990735e-17 1.906611760905607942e-18
2.910351965491309465e-17 4.673410590500175076e-17
-5.974247130601193137e-17 -6.626102093598134857e-17
5.089285721984475447e-18 1.250000000000000278e-01
1.158693776089341091e-16 -2.500000000000000555e-01
-1.440203349750935265e-16 1.250000000000001110e-01
1.053429597615746173e-16 -5.631625063032420039e-17
7.689062200580711770e-17 1.052337856622259220e-17
-2.440473486808116485e-16 4.066612854980517582e-17
1.148528525236035804e-17 -1.319104460693622678e-16
1.657902717429025577e-16 7.508678119851730151e-17
1.272712241828551000e-17 -2.311777016551790387e-16
4.445959986451501029e-17 2.937033911279905329e-16
-5.436628044650684091e-17 -2.694430387080282031e-18
2.000954969601801993e-18 -6.088867573084364314e-17
-6.582830269943970237e-18 7.400142612499989552e-17
-4.958460764665260013e-17 -7.729873594890983723e-17
1.557422481477272621e-17 6.938893903907228378e-18
-2.290850046921045842e-17 -1.387778780781445676e-17
9.095809778283642662e-17 -6.071532165918824830e-18
-1.018064036345786334e-16 2.560584421478441575e-17
2.237881812667704404e-17 -2.616455793734496209e-17
-5.427791675129731315e-17 3.740803360887901801e-17
1.821510810274049137e-16 -6.970868395708467058e-17
-4.229789282342104144e-17 1.641137517549181221e-16
-2.175686518544923276e-16 -6.555674524804703788e-17
1.762673870657435395e-16 -6.554800846549425893e-17
-5.808745677258626865e-18 8.795132371694121848e-17
-1.145235840442355831e-16 7.499999999999992784e-02
1.750921863677115584e-16 -1.499999999999999667e-01
-1.534464420364651923e-16 7.500000000000001110e-02
5.924805133427850423e-17 -8.435275824512048004e-17
5.667193899122556703e-17 1.283695372222837250e-16
-1.370814410711863228e-16 -5.551115123125782702e-17
9.505269589721242400e-17 1.214306433183764966e-17
-1.058548863552778311e-16 -7.897931963736668420e-17
1.913853897529836215e-16 5.339175416753645535e-17
-4.141063028921484882e-18 5.214877109476350753e-17
-1.687696851860549021e-16 3.542829501940169096e-17
1.349055846295277838e-16 -8.941633564416611583e-17
-1.537621781767996245e-16 6.340203011886791211e-17
1.152020821838965802e-16 -1.194236640500211148e-16
3.201168309658058989e-18 7.264446460295090417e-17
9.880265254319576881e-17 -4.466912950640278268e-17
-7.252423886690005915e-17 1.552059759743737710e-16
-1.901026007256031332e-16 2.191750268434184239e-17
2.055326936937310122e-16 -4.255957518874590512e-16
-9.892810474949971752e-17 4.991292593181429708e-16
3.677205843482423616e-17 -3.655746680980266663e-16
6.808038098664505505e-17 2.379712276896560410e-16
-1.341137358838406871e-16 -1.654385675673934411e-16
5.851431273935461124e-17 1.887410448572512020e-17
6.729712028158351048e-17 1.231653667943533037e-16
-1.370814410711863228e-16 -5.551115123125782702e-17
1.399386658381123076e-16 3.469446951953614189e-18
-1.245073518471388964e-16 -1.127185729914186538e-16
1.882940827309658053e-16 1.942890293094023946e-16
-2.960518379755166644e-17 -4.163336342344337027e-17
-2.186069926028440088e-16 6.938893903907228378e-17
1.590073512748006557e-16 -9.962732331422654782e-17
-3.670738990277671248e-17 1.604437314410382850e-17
-7.208230008375637955e-17 -3.315197830567930407e-17
2.097775636714801123e-16 -3.276351192248247233e-17
1.780398013075455701e-17 1.885698912185042307e-16
-2.115868455793226892e-16 4.342525573272033851e-17
4.894242332898399312e-17 -2.139751585052775604e-16
-6.637342979216180554e-17 2.820012612708586821e-16
1.048358855906508834e-16 -4.362829542081669842e-16
1.436249532245630226e-16 3.469446951953614189e-16
-1.301425471672790697e-16 3.469446951953614189e-17
-2.467254213956650435e-16 1.873474502659515789e-17
2.133579333698875525e-16 -3.725969975233532688e-16
-5.907275319269126802e-18 4.131150025044868517e-16
-8.518687719133741881e-17 -3.058632419512486448e-16
9.041287840766642520e-17 1.574495675592052963e-16
4.523294285197304419e-17 -9.326718531502289934e-17
-6.573505753929189136e-17 1.036316878475287143e-16
-1.290426799242123782e-17 -8.986928591414601876e-17
2.274595950342300564e-17 6.364170303116580760e-17
-1.344254893116236256e-18 -9.080718870949856593e-17
6.463859788436506301e-17 1.099735311222414820e-16
-1.370814410711862981e-16 -2.775557561562891351e-17
1.575027410323774794e-16 -9.714451465470119729e-17
-3.133990727352847354e-17 1.457167719820517959e-16
-1.551452411081930675e-16 -3.191020880493841493e-17
1.561611674579191707e-16 -1.410764946629308352e-16
6.134996884435146864e-18 9.119056073163366282e-17
1.651360330569278185e-17 -9.096583649186337285e-17
-1.295228593014975255e-17 1.963851614274517025e-16
-4.079208922429797169e-17 -6.545405913146544226e-17
-5.593469641854763516e-17 -6.295903456582031829e-17
2.653595418581106684e-17 1.753721185015761057e-16
-4.513464500516329932e-17 -3.278627369596165408e-16
1.560102281319666803e-16 2.654126918244514854e-16
-1.040068229711261901e-16 -5.464378949326942347e-17
-6.182787562041242749e-17 -4.140926793008204760e-19
8.095806765490086635e-17 -1.387778780781445676e-17
-9.544807764774295249e-17 -5.551115123125782702e-17
8.637907851732838852e-17 1.110223024625156540e-16
-4.119606442116180071e-18 -5.174765053973342423e-17
-2.977857622917857496e-17 9.986857088695871192e-17
-5.429469610036261614e-17 -1.072433384492766172e-16
-1.291410243233372795e-17 5.791607076181914043e-17
6.684124665201201225e-17 -7.199449599598055540e-17
7.192103186532847138e-17 2.581310681340802285e-17
-5.134079602594272544e-17 7.633197092499785131e-17
1.484533943149242302e-17 -4.530016242505341854e-17
-5.688877942572266792e-17 0.000000000000000000e+00
9.360586695994891673e-17 0.000000000000000000e+00
-2.622435324377801269e-17 -3.986403073012994955e-17
-5.532302682368356466e-17 2.612330593680298204e-17
3.036777497578701863e-17 -1.343912418951066089e-17
4.874276416247567004e-18 -1.568371390275298433e-16
-3.292213174442311949e-17 3.283257552095611732e-16
4.628214771037703035e-17 -1.412083823666609379e-16
-1.165136495360801732e-17 -1.424239139286146162e-16
-2.039633231540507478e-16 6.670778079509213589e-16
6.049950168308131195e-16 2.499999999999990286e-01
-9.544753200341160009e-16 -4.999999999999995559e-01
6.482052594546332417e-16 2.500000000000000555e-01
-1.923355636400613816e-16 -1.053868350218567971e-16
5.861611805701590581e-17 -6.678685382510707313e-17
3.601767845329633856e-17 2.445960101127298003e-16
-1.587122074177034580e-16 -2.888314587501383812e-16
5.937324269829512691e-17 1.678627242979594325e-16
1.253873586798698065e-16 -6.487666916564946928e-17
-7.938544541403936625e-17 -9.109369703720783948e-19
-2.851615080753587042e-17 1.388572757169256158e-17
3.860105930531119702e-17 3.674169660642448682e-17
1.670847648640898666e-17 -1.125480450292136706e-16
-1.062238059526053881e-17 8.752714125265069477e-17
3.505643031758519314e-17 -3.778361849849295903e-17
1.272053703940059425e-16 -1.249999999999999167e-01
-2.791622827305703041e-16 2.499999999999999445e-01
1.089101707396668220e-16 -1.250000000000001110e-01
-4.302106406258556689e-17 1.257901334538287497e-16
3.806145402957051706e-17 -2.559816800571834063e-16
7.743283793766411245e-17 5.592976044772895958e-16
-5.424541204683355932e-17 -7.544227593748218517e-16
-4.117370224028992267e-17 5.021093136594267512e-16
6.561804053461923440e-17 9.665810940238469943e-18
1.271859853643835888e-16 -5.906153031974375256e-16
-6.312461993656802456e-17 9.527117162139241485e-16
-8.337910280687066375e-17 -5.791924209896919825e-16
-2.598974685146122925e-16 3.477230271373460531e-16
1.445289934761459136e-16 -5.398483135736376155e-16
2.528922192457418355e-16 2.480654570646834145e-16
-2.271205784512660912e-16 5.204170427930421283e-17
9.424562435044659541e-17 -3.642919299551294898e-17
-7.516975830260393799e-17 5.225634447004664833e-17
3.692938997022789831e-17 -1.312177396312212362e-16
-7.336100815684807865e-17 8.982577427971032972e-17
3.473072097207229650e-17 1.822672839083398133e-16
1.513742947110638652e-17 -2.582470970994136078e-16
-7.477413292438537531e-17 -6.451425689221984483e-17
-5.310759021150502051e-17 2.687805966940964374e-16
6.006039376863014523e-17 -2.595312560608515858e-16
-5.202671364512981552e-17 7.500000000000017764e-02
2.008164086710930125e-16 -1.500000000000001887e-01
-7.582495133118664401e-17 7.500000000000023315e-02
6.958918265679391909e-17 -2.003712536095753741e-16
-5.956191874390405285e-17 2.914335439641035919e-16
-2.362998009797177652e-16 -4.336808689942017736e-16
3.274392606745239844e-16 3.053113317719180486e-16
-3.185663352583148077e-16 1.202191329520501030e-16
-3.742407344937199266e-17 -6.885089410569020489e-16
3.509451934691898154e-16 5.711837465635296709e-16
-1.476496067915298041e-16 -9.366807697145062358e-17
4.584458919194076771e-18 -8.372285996935352831e-17
-2.245849460663066283e-17 1.502903075834836128e-16
6.668570175754913978e-17 -1.609541231737082456e-16
-3.773604636041708997e-17 -5.958533218955875463e-17
4.806937571555773050e-17 3.230922474006803213e-16
5.911468565302454994e-17 -2.305833416368836980e-16
-7.574071217969363618e-17 -1.525725978445679431e-16
-2.610067958938510049e-16 3.813993046547713660e-16
1.107692593250511355e-16 -4.308116067674623826e-16
2.169182540844948239e-16 1.286630753332543315e-16
-4.351840820060118083e-17 1.772468174638251088e-16
-8.549167743313659685e-17 -8.281191261858596860e-17
9.717919683117464017e-17 -3.278331626842026618e-17
3.600571671042039252e-17 6.938893903907228378e-17
-1.530330741328310246e-16 -1.561251128379126385e-16
5.146038371861160120e-17 9.714451465470119729e-17
8.780727921301424193e-17 2.024121105632179267e-17
-5.674299309544176597e-17 -2.567390744445674500e-16
-1.775874930198468137e-17 3.191891195797325054e-16
6.073031229336263945e-17 -5.551115123125782702e-17
5.911816618281925886e-18 -5.962590328051180381e-17
-1.324291043602959560e-16 -3.858037440808165554e-17
1.482545573848276251e-16 1.958394348495036767e-16
-1.469317625524733328e-16 -6.755708501919684093e-16
5.275565638700430125e-17 1.039557749254612120e-15
9.688018751154470742e-17 -7.146745948654540494e-16
-2.693165059106817309e-16 3.365684460998819864e-16
3.030299230774165310e-16 -4.467114206491326907e-16
-2.898890304254601880e-18 6.297046217795809753e-16
-1.160982759887504372e-16 -8.083811398051921060e-16
-1.703803088925991202e-16 6.088879400678592901e-16
2.346508308268403425e-16 -1.323910468892301401e-17
1.067644812102800671e-16 -2.981201296783489443e-16
-1.010816601769769304e-16 3.179383594445924165e-16
-1.162012402662090686e-16 -2.303086477948422224e-16
-2.513367551580439316e-17 6.373275717033142727e-17
6.868462736798598267e-17 7.558530302735713337e-17
-2.503997337957004353e-17 -1.127096890843357863e-16
3.850354650933021972e-17 1.110361020493804025e-18
-4.274885265461562339e-17 4.002666677651095286e-17
1.342259536670085321e-16 5.535295849014853928e-17
-1.650116948854905126e-16 -1.178178809951590480e-16
2.858519652893011702e-16 1.387778780781445676e-17
-4.803902059438799270e-16 2.081668171172168513e-16
1.306748173459595567e-16 -4.163336342344337027e-16
3.668288450227898936e-16 3.097936726590095887e-16
-2.719782853409086532e-16 5.571296590243344953e-17
2.072472424567840980e-16 -4.313258409008720632e-16
-3.090157168955635550e-16 9.542473104992079106e-16
4.956498439758184044e-17 -1.284677551317080244e-15
2.002827155701098764e-16 7.590431158526718987e-16
1.005416192450895426e-16 -2.334597621896830193e-16
-2.730737515144304480e-16 3.261347136548558073e-16
-4.075101105128057557e-17 -3.720981855970251218e-16
1.609177687236264494e-16 2.723515857283587138e-16
7.249390586483036256e-17 -1.500535806719938137e-16
-9.814180765914860597e-17 2.816000211270987019e-17
-1.792855532046068258e-17 5.551115123125782702e-17
9.329765945587558277e-17 0.000000000000000000e+00
-7.501658575209526153e-17 -8.326672684688674053e-17
5.822269909287592199e-17 1.116195123038317562e-16
1.711870707647637555e-17 5.306116851824354244e-18
4.029838655625822800e-17 -1.188116772319317480e-16
-1.705107819655497106e-16 2.522844696462553080e-16
1.824584566269664700e-16 -2.630181666608461718e-16
6.176223169194303645e-18 5.720795135392246077e-17
-2.278342031491535690e-16 2.522126275010325503e-16
1.031343933150548437e-16 -3.628671847599226393e-16
1.066162930297749699e-16 0.000000000000000000e+00
-1.659392168051312143e-16 0.000000000000000000e+00
1.521036510391323818e-16 -1.242872163111061542e-16
-9.644378612163552198e-17 1.589321602879863510e-16
5.219244805956785239e-18 -1.309421437160405215e-16
6.498217238878219987e-17 2.584572047942727411e-16
-1.843990635750197251e-16 -2.287261911092116655e-16
1.234481011014972166e-16 -3.097663935420033240e-16
3.516497443826601366e-16 7.142656024915554129e-16
-8.659759992955921300e-16 -7.964033247600022600e-16
1.014869517861281285e-15 2.500000000000007772e-01
-1.000146615516183550e-15 -5.000000000000002220e-01
6.644553757139661530e-16 2.499999999999998890e-01
-3.897009968489554809e-16 2.098125580382111841e-16
2.984287222828598561e-16 -2.949029909160572061e-16
-3.233431250493212342e-16 2.723515857283587138e-16
2.016094682799043102e-16 -1.465841337200401995e-16
2.036061960673056704e-16 -1.843887695629092307e-17
-2.143318671814014968e-16 1.579297315150260386e-16
2.187669650414956191e-17 -2.185726106034547228e-16
1.756247025479538914e-16 2.320933703243393972e-16
-2.557505760225320164e-16 -1.217107192715382331e-16
2.127825437261812462e-16 -6.864180082986987730e-17
-8.408326446859598625e-17 2.034847263373795016e-16
-3.663583982565518188e-17 -1.729701922946454974e-16
-1.171524973100389014e-16 1.249999999999999861e-01
3.712871082738857541e-16 -2.499999999999998057e-01
-3.227370981472403794e-16 1.249999999999997502e-01
1.552488541459166839e-16 9.848960876368516681e-17
9.593472049641175369e-17 1.552944461002523519e-18
7.195834008686844376e-17 1.365664036360671615e-16
-4.202681302607609945e-16 4.707329859876811445e-17
2.668198533930420098e-16 -7.706809781705074660e-16
2.617507231797343559e-16 9.640792985283113570e-16
-5.731171118465762171e-16 -6.257645597590806008e-16
-1.352657698869227051e-16 4.803750913778302005e-16
7.150801537815733172e-16 -3.237139724556221003e-16
-2.653059935976107568e-16 -4.022634395163920018e-16
-8.598461520857123770e-17 9.629603713501063548e-16
1.317604525586830794e-16 -4.440892098500626162e-16
-1.560688284230636026e-16 8.326672684688674053e-17
1.728857207816364840e-17 -2.558717127065790464e-16
1.518976318753942288e-16 3.041885065320005088e-16
-2.883850656560302768e-16 -1.208851442558747701e-16
2.694013509511777661e-16 -2.113346721993053245e-16
-9.675435921195297565e-17 2.043118376645841925e-16
-7.370721629367001040e-17 1.755011772953921876e-16
2.762600404872408937e-16 -3.274943042890699109e-16
-2.371446787443721574e-16 7.469863941796629468e-16
-4.894795865610532720e-16 -6.898641624545179011e-16
3.377852611440836671e-16 7.499999999999959477e-02
5.700394650787344194e-16 -1.499999999999993561e-01
-4.821968419067033364e-16 7.499999999999978906e-02
2.734501176885211061e-17 1.363947834990665115e-16
2.585300823353932929e-16 -5.204170427930421283e-17
-1.640099000953625302e-16 -5.204170427930421283e-17
-8.667988938399131884e-17 1.613292832658430598e-16
-7.144002534982897556e-18 -7.899348363025136975e-16
1.488910322343254285e-16 1.111954153815722857e-15
-1.542497931705413144e-16 -2.660916948071097937e-16
1.387624184202533007e-16 -2.621528380759794060e-16
-5.107515550762764722e-17 1.260985587603597958e-16
-2.985802911464086191e-17 -1.987970607786102817e-17
1.255582694009330914e-16 -1.570128824478459749e-16
-6.034518461282875749e-17 3.052074787629476173e-16
-3.454830965687307486e-16 -1.795438797635995343e-16
4.159139262838618749e-16 -6.620691081566478087e-17
-2.156137665072189986e-17 2.667538025493445576e-17
-1.934468458573129730e-16 5.534765361610958741e-16
1.490314059211450607e-16 -9.796859903758088804e-16
2.802363299290725931e-17 3.699466770780859618e-16
-1.327665701370979236e-16 3.292642757214421102e-16
3.053994430222962210e-16 -2.593091147568600318e-16
-3.639913892932078154e-16 5.626143169245105837e-16
-1.977021918465069729e-16 -6.435824095873954320e-16
2.800793097547000859e-16 -1.630640067418198669e-16
1.891411432963210092e-16 3.087807787238716628e-16
-1.963481266585941718e-16 2.534679433463845493e-17
2.434241307852433520e-17 -1.387778780781445676e-16
-9.358175897519150084e-18 2.775557561562891351e-16
9.318925103135386676e-17 -1.942890293094023946e-16
-2.000544267928122390e-16 7.261773966252362578e-17
2.222212062220375134e-16 -1.671651838355666006e-16
6.292881540309353608e-17 2.875157093355511067e-16
-4.337485537754175537e-16 -6.677778270168736736e-17
-7.977554655711299194e-17 -1.092946741624572739e-16
5.380733271833041743e-16 -6.194933100084229934e-17
-1.488160409589164576e-16 -2.012742840314415921e-18
3.794525215375521481e-17 -6.560977442549110275e-17
-1.006726242882592340e-16 4.935288289154016184e-16
-1.977021918465069729e-16 -3.191891195797325054e-16
1.872716037899409064e-16 -6.245004513516505540e-17
2.544524600012052058e-16 -4.860936680477326584e-17
-3.287262071916947793e-16 4.956323228021319570e-16
1.545445883605952863e-16 -7.456906311871742092e-16
-2.228609162958713684e-17 3.517438135418141600e-16
-3.152411564483276776e-17 -4.128692735564302717e-17
2.133031544378130584e-17 -1.343738018461944069e-17
1.755634957104800790e-17 8.961768691324253422e-17
-7.110273709463022766e-17 -6.334338273949140849e-17
1.124865670862693568e-16 -7.637607624027969247e-17
-1.187408358098753267e-16 1.429152054504189074e-16
8.503581731338357455e-17 -8.821911656422258188e-17
-1.423258566456524415e-16 2.775557561562891351e-17
2.602648058113701000e-16 3.053113317719180486e-16
4.070733900385054417e-17 -4.302114220422481594e-16
-5.276821773550885492e-16 1.927542805620290744e-16
3.301506622638769011e-16 -8.156214724878456844e-16
7.892845012425426578e-16 1.024433111299976306e-15
-1.128158660122163808e-15 -8.480631067650195781e-17
-3.358123330705408905e-16 1.563478640210333357e-16
9.459124378974647828e-16 -6.582744703727323693e-16
-1.231020691291537577e-16 4.372679049718398214e-16
-3.669139088154370638e-16 -4.043439159358957666e-16
4.444707549166573034e-16 5.542441505745898667e-16
-3.233431250493212342e-16 -1.717376241217039023e-16
6.944522345392131966e-17 -2.393918396847993790e-16
1.307013780919571875e-16 2.258185735211833999e-16
-1.890285744666229374e-16 -1.387778780781445676e-17
1.170153030128802191e-16 -1.665334536937734811e-16
8.852718168966619769e-17 3.053113317719180486e-16
-2.671094871404834555e-16 -1.099879863080719030e-16
4.432858207234154900e-16 -1.435195171918926252e-16
-3.155295436256737512e-16 6.464120599897245049e-16
-4.063017400550739766e-16 -4.926113512971671619e-16
4.673259025617806192e-16 -4.187222989525136188e-16
2.868323451264770734e-16 4.085869907413685685e-16
-5.732091086535900178e-16 -2.774303913028154527e-17
6.024100246264080294e-17 1.604181952343955287e-17
3.752945076996325992e-16 0.000000000000000000e+00
-3.982244530861696330e-02 0.000000000000000000e+00
3.984293596087130906e-02 1.431146867680865853e-17
-4.127973998648236387e-02 2.352718714293544622e-17
4.275914130596665530e-02 -3.924811864397526051e-17
-4.655942571176141520e-02 -1.951563910473907981e-17
5.040748461631566757e-02 2.196593601455631983e-16
-6.051382842157215780e-02 -4.423544863740858091e-17
7.067780431635911631e-02 -2.376571162088225719e-16
-1.234178831540586052e-01 8.933825901280556536e-17
1.762325256858094935e-01 1.249999999999999306e-01
-1.693808866895571419e-02 -2.500000000000001665e-01
-1.422529039781095794e-01 1.250000000000004441e-01
8.916391711907863116e-02 -4.284766985662713523e-16
-3.592025683592522944e-02 4.787836793695987581e-16
2.506069984785896931e-02 -5.360295540768333922e-16
-1.394846114273796261e-02 5.325601071248797780e-16
8.853150444493109589e-03 -3.014082039509702327e-16
-3.293914388068801269e-03 1.617629641348372616e-16
-2.827438516829951926e-04 -2.099015405931936584e-16
4.873895875362637894e-03 1.179476438392668136e-16
-8.579596660552437498e-03 -1.529809265377046756e-16
1.532029388936259444e-02 1.674008154317618846e-16
-2.159614251658145689e-02 -8.413408858487514408e-17
4.909569504084081160e-02 1.886511780124777715e-16
-7.632642681824083897e-02 -6.250000000000019429e-02
-2.543453687854196552e-03 1.250000000000000000e-01
8.157778186461134284e-02 -6.249999999999998612e-02
-5.450643873518144777e-02 -4.163336342344337027e-17
2.753771073855838802e-02 2.129373066761530708e-16
-2.178752851927776707e-02 -1.742312891184205625e-16
1.609930129092303555e-02 -2.935748432547624631e-16
-1.344070933742099773e-02 3.881240489590764842e-16
1.081377379464599359e-02 -3.269822330418791143e-17
-9.195653706178905096e-03 2.625734373852550707e-16
7.582539410269421853e-03 -6.275091123802978288e-16
-6.427224438681088461e-03 4.058168731613243096e-16
5.248054489131903644e-03 1.431146867680865853e-16
-4.314837635308180382e-03 -4.657732532997727048e-16
3.318736206132391620e-03 2.532696274926138358e-16
-2.469787284819679324e-03 3.989863994746656317e-17
1.493044014153937366e-03 -6.418476861114186249e-17
-6.111929120954768223e-04 -1.127570259384924611e-17
-5.297852451978499362e-04 -8.890457814381136359e-17
1.606092067371364500e-03 5.854691731421723944e-17
-3.275374101126947261e-03 1.837722682362930016e-16
4.898665542090686539e-03 -1.552713036270803038e-16
-8.329957280835811884e-03 5.475220971051797392e-17
1.172741986985009061e-02 3.686287386450715076e-16
-2.784825130624973138e-02 -1.291718468299229983e-15
4.394350604885742528e-02 3.750000000000125455e-02
3.630751456268020531e-03 -7.500000000000023315e-02
-5.122479239180960375e-02 3.749999999999981126e-02
3.516319888665483950e-02 1.214306433183764966e-16
-1.911720515210697108e-02 -2.151057110211240797e-16
1.580898726944572272e-02 2.758210326803123280e-16
-1.251327461048868175e-02 -1.249000902703301108e-16
1.104107215017041677e-02 2.723515857283587138e-16
-9.579038434438073846e-03 -6.739400704169895562e-16
8.727262219045413272e-03 4.458239333260394233e-16
-7.883858932095828137e-03 -6.028164079019404653e-17
7.319469208719673811e-03 2.341876692568689577e-17
-6.762050476262170678e-03 3.577867169202164632e-17
6.356005238915190224e-03 -1.040834085586084257e-17
-5.955821402589663895e-03 4.152494320619481982e-17
5.647281165896843660e-03 -3.330669073875469621e-16
-5.343713345318986015e-03 3.227669867489346700e-16
5.100051146551346122e-03 -1.734723475976807094e-17
-4.860641321228790709e-03 1.585103576173807483e-16
4.662678720724311790e-03 -3.703634621210483147e-16
-4.468379555431438444e-03 8.239936510889833698e-18
4.304039659689672635e-03 2.584737979205442571e-16
-4.142877228198059945e-03 -1.726049858596923059e-16
4.004136446523116379e-03 -2.862293735361731706e-16
-3.868168912296906375e-03 9.853229343548264296e-16
3.749463377780103829e-03 -9.176687187917309529e-16
-3.633192434307076779e-03 2.012279232133096230e-16
3.530526898594593677e-03 6.591949208711866959e-17
-3.430010354460388822e-03 -4.510281037539698445e-17
3.340431803945889504e-03 7.632783294297951215e-17
-3.252759947417922792e-03 -2.775557561562891351e-17
3.174032152466010545e-03 -6.093216209368534919e-17
-3.097004372035416786e-03 -2.602085213965210642e-18
3.027398758884232519e-03 5.475220971051797392e-17
-2.959315993358900901e-03 3.643054824822855586e-16
2.897472751573812629e-03 -7.779150587583494314e-16
-2.836999812234535477e-03 5.069729358542218733e-16
2.781832974926587519e-03 -1.170938346284344789e-17
-2.727904569514239767e-03 -2.801578413702543457e-16
2.678535505853622128e-03 2.099015405931936584e-16
-2.630290470818790610e-03 2.341876692568689577e-16
2.586000252543470268e-03 -3.781697177629439466e-16
-2.542734504153483337e-03 5.984795992119984476e-17
2.502929121573918125e-03 -9.801187639268960083e-17
-2.464061337523245493e-03 3.401142215087027409e-16
2.428245857428343053e-03 -1.895456448047783127e-16
-2.393292008295911689e-03 3.840108569672096017e-17
2.361051078308789436e-03 -1.882043549637345776e-17
-2.329605233735676864e-03 -3.449118161219510981e-18
2.300588172108050146e-03 -4.990040498864534158e-17
-2.272307836090635413e-03 3.241764495731658258e-17
2.246217088851700308e-03 2.038300084272748336e-17
-2.220811857897710823e-03 -1.214306433183764966e-17
2.197393966062055615e-03 1.040834085586084257e-17
-2.174616662034238937e-03 -4.163336342344337027e-17
2.153655125900898193e-03 -8.326672684688674053e-17
-2.133294797683298744e-03 3.083470978548774610e-16
2.114604393665659929e-03 1.318389841742373392e-16
-2.096480748656192120e-03 -1.132774429812855033e-15
2.079902972041345645e-03 8.559776151773057506e-16
-2.063861915278723206e-03 3.807853555040652260e-16
2.049261306233229017e-03 -5.429684479807406206e-16
-2.035171347941122644e-03 -4.770489558936219510e-18
2.022432518544794999e-03 1.955900719163849999e-16
-2.010181870728364184e-03 -2.896988204881267848e-16
1.999207095166750589e-03 1.578598363138894456e-16
-1.988701321602944633e-03 5.204170427930421283e-17
1.979408584367278734e-03 5.724587470723463412e-17
-1.970568700722707955e-03 -1.387778780781445676e-17
1.962890122386799600e-03 -5.551115123125782702e-17
-1.955651067538657917e-03 -6.938893903907228378e-17
1.949531646454283340e-03 -1.821459649775647449e-17
-1.943841064618902215e-03 -2.081668171172168513e-17
1.939237687440312913e-03 -2.107689023311820620e-16
-1.935054975093802865e-03 1.006356456501045216e-15
1.931935660543834116e-03 -1.044737213407032073e-15
-1.929231243459107042e-03 2.968545548265311140e-16
1.927574593027087113e-03 -1.291284787430235781e-16
-1.926329407931359761e-03 2.669305748659311917e-16
1.926124244943358543e-03 0.000000000000000000e+00
