1.259306983121696311e-01 0.000000000000000000e+00
-1.547681933733968118e-01 -4.867474824284988462e-03
2.191294046604090606e-01 -8.824257137999801104e-02
-1.008527746741312708e-01 2.438184970405586349e-01
-9.050069720041326038e-02 -1.622835608017024756e-01
6.596079402553840787e-02 1.168691230746565085e-02
2.467274297144166767e-02 2.503048420440658756e-03
-6.252692345530398710e-02 6.346034168372763351e-02
-6.807842783577491667e-03 -1.245243216382848628e-01
8.201997756589697597e-02 6.277298850832455090e-02
-5.076403427094384330e-02 1.724779976144414501e-04
2.125668826192726041e-02 1.166043802730306993e-04
-1.121017192989518310e-02 8.288432721733360667e-05
1.887894127096521012e-03 6.123325604059991038e-05
1.712461321110123058e-02 4.664252462900642104e-05
-3.577839203888349973e-02 3.753642094021768238e-02
-1.023573258247201592e-02 -7.497097100323768526e-02
5.644915957120688610e-02 3.752353982178242842e-02
-3.945061618622641708e-02 1.937114974383431776e-05
2.257213329986141118e-02 1.614382667752822798e-05
-1.866306174370471749e-02 1.360325584382924766e-05
1.483082985167114877e-02 1.157387368918563406e-05
-1.295598437481026120e-02 9.931771837845288636e-06
1.113269741399058703e-02 8.587691428125045559e-06
-1.000268347716421966e-02 7.476155638461937786e-06
8.908608169616968192e-03 6.548347615383085137e-06
-8.147763900041037066e-03 5.767336813139066140e-06
7.412772086346662223e-03 5.104814109322948316e-06
-6.866011324841452337e-03 4.538817736518638724e-06
6.338348887123431731e-03 4.052122914627499404e-06
-5.928206541809777699e-03 3.631084151764474820e-06
5.532499702339584678e-03 3.264791403646166609e-06
-5.215359813620715213e-03 2.944447155504847924e-06
4.909352040020174314e-03 2.662901182479171411e-06
-4.658565231969257966e-03 2.414299297952260913e-06
4.416517836230016668e-03 2.193815490103746433e-06
-4.214809955762661639e-03 1.997445734705602816e-06
4.020075073302783672e-03 1.821847895955536027e-06
-3.855738857778007091e-03 1.664216396288871122e-06
3.697050023866793426e-03 1.522183352691106224e-06
-3.561871772828081786e-03 1.393740027779647589e-06
3.431332037558029648e-03 1.277173997065285740e-06
-3.319389189367078288e-03 1.171018564887372354e-06
3.211307944420723967e-03 1.074011792121746384e-06
-3.118235874412720633e-03 9.850631174502903764e-07
3.028421357103707606e-03 9.032260128369329344e-07
-2.950947804047102108e-03 8.276754631230537340e-07
2.876258742925037054e-03 7.576893230679115909e-07
-2.811898223799829538e-03 6.926328059986275321e-07
2.749950029165972726e-03 6.319455151462816112e-07
-2.696797763560021544e-03 5.751305470237666473e-07
2.645764663457418446e-03 5.217452909093544394e-07
-2.602354555715041991e-03 4.713936217434246123e-07
2.560833413778168186e-03 4.237192403771551652e-07
-2.526038563809292203e-03 3.783999622860440004e-07
2.492953618048535103e-03 3.351427900130654614e-07
-2.465915901114642921e-03 2.936796357003168545e-07
2.440451471352092505e-03 2.537635809402027931e-07
-2.420531579107354156e-03 2.151655808958069516e-07
2.402084478008006951e-03 1.776715342106938156e-07
-2.388826833772256242e-03 1.410796512252288082e-07
2.376973131679269158e-03 1.051980635519145224e-07
-2.370082042588234073e-03 6.984262447551348174e-08
2.364554718182934612e-03 3.483485562418703330e-08
-2.363879439769581148e-03 0.000000000000000000e+00
-3.719328621960704337e-03 0.000000000000000000e+00
-7.295614341020823304e-03 7.875739705077544617e-03
-1.045475132070797647e-01 1.427794797475255284e-01
2.861520884896687766e-01 -3.945066152975394425e-01
-1.910761823717523900e-01 2.625803171925148449e-01
1.353634493088621236e-02 -1.890982133701908652e-02
2.799617196100904516e-03 -4.050017419759520919e-03
1.024340960574817057e-03 1.234461345149152067e-01
4.803180789837488266e-04 -2.507696637569679643e-01
2.599779006416851404e-04 1.245582953149926841e-01
1.547051893557608248e-04 -2.790752624515622669e-04
9.851645123882635073e-05 -1.886698505188217181e-04
6.602721255896170716e-05 -1.341096585722945848e-04
4.606362584787697726e-05 -9.907748951565208053e-05
3.319436962003425369e-05 -7.546919017082801071e-05
2.456973315715532159e-05 7.494106968082549225e-02
1.860063587376219185e-05 -1.500469699034207849e-01
1.435572539616367625e-05 7.496191176826708102e-02
1.126598985180957962e-05 -3.134317868670066396e-05
8.971324664970834096e-06 -2.612126027269579689e-05
7.236825014206195987e-06 -2.201053031296871374e-05
5.905165317384593711e-06 -1.872692101060671868e-05
4.868510295689362663e-06 -1.606994440226583367e-05
4.051414809698071735e-06 -1.389517661553030779e-05
3.400119380605521682e-06 -1.209667392820246970e-05
2.875681304544374309e-06 -1.059544901178138899e-05
2.449468190525194337e-06 -9.331746988359964159e-06
2.100141768477270368e-06 -8.259762735136762067e-06
1.811602275966633407e-06 -7.343961366319058832e-06
1.571564238110207026e-06 -6.556472602554308698e-06
1.370554719166124991e-06 -5.875217573627714300e-06
1.201198911052199255e-06 -5.282543457214199617e-06
1.057704099407738574e-06 -4.764215575655400547e-06
9.354824985707766640e-07 -4.308664621998194683e-06
8.308725485276090999e-07 -3.906418323123631302e-06
7.409308657964240182e-07 -3.549668027980834756e-06
6.632754503439757980e-07 -3.231935089421174474e-06
5.959664688350201222e-07 -2.947811818021714809e-06
5.374148506592114482e-07 -2.692758693839307004e-06
4.863116588358843501e-07 -2.462944401676715143e-06
4.415731107373716231e-07 -2.255118736493875272e-06
4.022974859026514912e-07 -2.066510936741988475e-06
3.677311263077659601e-07 -1.894747839578854950e-06
3.372414498850666684e-07 -1.737787583847254095e-06
3.102954020021682614e-07 -1.593865605212331423e-06
2.864421569254397713e-07 -1.461450388248304670e-06
2.652991587059811459e-07 -1.339207030978839015e-06
2.465408032133794419e-07 -1.225967077633782765e-06
2.298892183821149571e-07 -1.120703421814139844e-06
2.151067238639284979e-07 -1.022509322504139284e-06
2.019896407134097298e-07 -9.305807730953526797e-07
1.903631891658347502e-07 -8.442016142240347425e-07
1.800772747148675574e-07 -7.627309019864940507e-07
1.710029956488497843e-07 -6.855921326546739799e-07
1.630297451388792833e-07 -6.122640002532043092e-07
1.560628040036052266e-07 -5.422724254286470646e-07
1.500213387736607819e-07 -4.751836322203217833e-07
1.448367438526901307e-07 -4.105980990973256972e-07
1.404512670279047665e-07 -3.481452231527890073e-07
1.368168813676434725e-07 -2.874785811415869752e-07
1.338943657197555481e-07 -2.282716707879828277e-07
1.316525674310842220e-07 -1.702140424719722489e-07
1.300678256072052008e-07 -1.130077401795270831e-07
1.291235386478156721e-07 -5.636398045689994252e-08
1.288098633745599075e-07 0.000000000000000000e+00
6.018000125662770899e-03 0.000000000000000000e+00
1.180455197258303141e-02 -3.008264880792552685e-03
1.691614298083333190e-01 -5.453690836752726756e-02
-4.630038051280515043e-01 1.506881182569806965e-01
3.091677575180685755e-01 -1.002967563908122445e-01
-2.190226618161621869e-02 7.222909029553324645e-03
-4.529875778779760345e-03 1.546968999318871921e-03
-1.657418490279250270e-03 1.255935238013570765e-01
-7.771709772059087360e-04 -2.497060146047473395e-01
-4.206530795624625202e-04 1.251687161766828760e-01
-2.503182546135813286e-04 1.065972648374561877e-04
-1.594029665553287241e-04 7.206547024549188741e-05
-1.068342741032692305e-04 5.122533135484786879e-05
-7.453251226660600321e-05 3.784423347539981957e-05
-5.370961828054188691e-05 2.882666554149809762e-05
-3.975466334295556931e-05 7.502250937895679761e-02
-3.009646105544411254e-05 -1.499820590933415299e-01
-2.322805162441841931e-05 7.501454840995058770e-02
-1.822875449720610542e-05 1.197202894301028082e-05
-1.451590823207901421e-05 9.977433595163286319e-06
-1.170942884377834512e-05 8.407274468835491366e-06
-9.554758192543320332e-06 7.153047321941627027e-06
-7.877415133137337822e-06 6.138172563942293289e-06
-6.555326864249716096e-06 5.307485187486474056e-06
-5.501508724050625953e-06 4.620518289957690832e-06
-4.652950091246925004e-06 4.047101396240903109e-06
-3.963322786833411060e-06 3.564410175300792284e-06
-3.398100762482198631e-06 3.154948625667187689e-06
-2.931234056699285698e-06 2.805143630011996656e-06
-2.542844352929683016e-06 2.504349687930506593e-06
-2.217604118841015269e-06 2.244133421522474738e-06
-1.943580665194378782e-06 2.017752053824861868e-06
-1.711401183220051525e-06 1.819768420115858154e-06
-1.513642478365787508e-06 1.645763439476178652e-06
-1.344380023869901410e-06 1.492119025191427918e-06
-1.198851324143370600e-06 1.355852537866907834e-06
-1.073202222648592360e-06 1.234489354670409132e-06
-9.642940026593267134e-07 1.125963922180629450e-06
-8.695554944768687747e-07 1.028542297396143325e-06
-7.868687930045936914e-07 9.407610491265810353e-07
-7.144803018388875701e-07 8.613787086330137409e-07
-6.509310057179037394e-07 7.893369398828146494e-07
-5.950014611781131618e-07 7.237292743792234761e-07
-5.456681281687850003e-07 6.637757920196687012e-07
-5.020685071787671827e-07 6.088024874580663328e-07
-4.634731455848451021e-07 5.582243756221948476e-07
-4.292630561029171386e-07 5.115315677689982851e-07
-3.989113991683529425e-07 4.682777545589322798e-07
-3.719685689115848071e-07 4.280706159265346145e-07
-3.480499905740216948e-07 3.905638074133688242e-07
-3.268261039824484429e-07 3.554502257290120273e-07
-3.080141102315762632e-07 3.224563235998796846e-07
-2.913711510872345873e-07 2.913372801924134800e-07
-2.766886589978780541e-07 2.618728921874216142e-07
-2.637876690443489210e-07 2.338640381141713471e-07
-2.525149210372973352e-07 2.071296351935369984e-07
-2.427396253323497663e-07 1.815039968738885179e-07
-2.343507743089029427e-07 1.568345179142616175e-07
-2.272549237303418679e-07 1.329796422814850249e-07
-2.213743642929394406e-07 1.098070469447709474e-07
-2.166456347374445812e-07 8.719201959050959516e-08
-2.130183287818443461e-07 6.501597882291321184e-08
-2.104541627634404222e-07 4.316511581850535073e-08
-2.089262741249153787e-07 2.152912472450953241e-08
-2.084187371610701778e-07 0.000000000000000000e+00
-6.018000125662947841e-03 0.000000000000000000e+00
-1.180455197258270181e-02 -3.008264880793085679e-03
-1.691614298083339296e-01 -5.453690836752693449e-02
4.630038051280520595e-01 1.506881182569804745e-01
-3.091677575180690196e-01 -1.002967563908120363e-01
2.190226618161638522e-02 7.222909029553456484e-03
4.529875778779638915e-03 1.546968999318711676e-03
1.657418490278846947e-03 1.255935238013570210e-01
7.771709772069867583e-04 -2.497060146047468954e-01
4.206530795619967469e-04 1.251687161766821821e-01
2.503182546133392262e-04 1.065972648377439078e-04
1.594029665552168073e-04 7.206547024552766609e-05
1.068342741037801608e-04 5.122533135510084026e-05
7.453251226641058932e-05 3.784423347492678894e-05
5.370961828029211383e-05 2.882666554172633573e-05
3.975466334270316704e-05 7.502250937895664495e-02
3.009646105632188262e-05 -1.499820590933413078e-01
2.322805162408188295e-05 7.501454840995036566e-02
1.822875449702125912e-05 1.197202894323090072e-05
1.451590823208426581e-05 9.977433594929286691e-06
1.170942884394430260e-05 8.407274469324132815e-06
9.554758192566322359e-06 7.153047321284985063e-06
7.877415132740641800e-06 6.138172564281083598e-06
6.555326864750380330e-06 5.307485187270453549e-06
5.501508723503237687e-06 4.620518290256550314e-06
4.652950091613073630e-06 4.047101395845125271e-06
3.963322786680230234e-06 3.564410175567515336e-06
3.398100762644170812e-06 3.154948625504620890e-06
2.931234056511654771e-06 2.805143630125895483e-06
2.542844352977440004e-06 2.504349687741943083e-06
2.217604118997184004e-06 2.244133421975694116e-06
1.943580664931023110e-06 2.017752053259239947e-06
1.711401183348421062e-06 1.819768420303208289e-06
1.513642478492967176e-06 1.645763439523781480e-06
1.344380023561077009e-06 1.492119025297702812e-06
1.198851324373169580e-06 1.355852537664466536e-06
1.073202222447645440e-06 1.234489355041047033e-06
9.642940028616462503e-07 1.125963921616907848e-06
8.695554943238709076e-07 1.028542297985741784e-06
7.868687929836541899e-07 9.407610485226359560e-07
7.144803020620455998e-07 8.613787091122840407e-07
6.509310056318375687e-07 7.893369395974052038e-07
5.950014610054946234e-07 7.237292746293264709e-07
5.456681283374699177e-07 6.637757917286197102e-07
5.020685070405652871e-07 6.088024876483344967e-07
4.634731458849039826e-07 5.582243755200342038e-07
4.292630556441793410e-07 5.115315679531889876e-07
3.989113994216225700e-07 4.682777541634153273e-07
3.719685691093432833e-07 4.280706162040903706e-07
3.480499903424361108e-07 3.905638075729633840e-07
3.268261039043553933e-07 3.554502258132680886e-07
3.080141105102501028e-07 3.224563229672544932e-07
2.913711508261112703e-07 2.913372806327350873e-07
2.766886592910869792e-07 2.618728920501616191e-07
2.637876688331463378e-07 2.338640383865093803e-07
2.525149209739799283e-07 2.071296349853701813e-07
2.427396254806144134e-07 1.815039964991882471e-07
2.343507744884468225e-07 1.568345188024400372e-07
2.272549232107921868e-07 1.329796417505512210e-07
2.213743649434607441e-07 1.098070469556129691e-07
2.166456341545774933e-07 8.719201974316526105e-08
2.130183292259335559e-07 6.501597861474639473e-08
2.104541624581290904e-07 4.316511609606110689e-08
2.089262741847633387e-07 2.152912452046268355e-08
2.084187372894397150e-07 0.000000000000000000e+00
3.719328621960768522e-03 0.000000000000000000e+00
7.295614341020689730e-03 7.875739705077926256e-03
1.045475132070800700e-01 1.427794797475250566e-01
-2.861520884896691097e-01 -3.945066152975389984e-01
1.910761823717524455e-01 2.625803171925145119e-01
-1.353634493088607532e-02 -1.890982133701881590e-02
-2.799617196100997324e-03 -4.050017419760042203e-03
-1.024340960575146654e-03 1.234461345149156369e-01
-4.803180789831531117e-04 -2.507696637569681863e-01
-2.599779006417406516e-04 1.245582953149929617e-01
-1.547051893560955180e-04 -2.790752624518626993e-04
-9.851645123851719048e-05 -1.886698505185649519e-04
-6.602721255931796244e-05 -1.341096585724223852e-04
-4.606362584743288127e-05 -9.907748951562198036e-05
-3.319436962042614535e-05 -7.546919017084941016e-05
-2.456973315745705506e-05 7.494106968082539511e-02
-1.860063587295207599e-05 -1.500469699034205351e-01
-1.435572539643722046e-05 7.496191176826673408e-02
-1.126598985205170568e-05 -3.134317868640694004e-05
-8.971324664774132717e-06 -2.612126027305702934e-05
-7.236825014314844056e-06 -2.201053031246233711e-05
-5.905165317320871423e-06 -1.872692101095997208e-05
-4.868510295663321482e-06 -1.606994440214130627e-05
-4.051414809635783473e-06 -1.389517661562102502e-05
-3.400119380878939682e-06 -1.209667392815525608e-05
-2.875681304369484452e-06 -1.059544901188877244e-05
-2.449468190401741402e-06 -9.331746988081385187e-06
-2.100141768563629612e-06 -8.259762735335174453e-06
-1.811602276000276709e-06 -7.343961366188204948e-06
-1.571564238032645066e-06 -6.556472602615402644e-06
-1.370554719512472316e-06 -5.875217573467693683e-06
-1.201198910720293207e-06 -5.282543457276166853e-06
-1.057704099582945645e-06 -4.764215575492336541e-06
-9.354824982825189642e-07 -4.308664622613538708e-06
-8.308725487502510748e-07 -3.906418322561154838e-06
-7.409308655409189649e-07 -3.549668028263973306e-06
-6.632754506433994038e-07 -3.231935089207053863e-06
-5.959664686723332569e-07 -2.947811818079616287e-06
-5.374148508958550895e-07 -2.692758693858233108e-06
-4.863116585319905279e-07 -2.462944401811854167e-06
-4.415731110377947277e-07 -2.255118735863794568e-06
-4.022974856873842086e-07 -2.066510937658434078e-06
-3.677311264384318036e-07 -1.894747838981075000e-06
-3.372414498017702954e-07 -1.737787584188798108e-06
-3.102954020322976468e-07 -1.593865604879427146e-06
-2.864421568029528779e-07 -1.461450388748313301e-06
-2.652991586546755133e-07 -1.339207030525520534e-06
-2.465408038061127696e-07 -1.225967077758682855e-06
-2.298892178911882134e-07 -1.120703421564339664e-06
-2.151067239921896149e-07 -1.022509322684550526e-06
-2.019896407343788774e-07 -9.305807737065513257e-07
-1.903631890686936236e-07 -8.442016135555631168e-07
-1.800772746361612559e-07 -7.627309020934777001e-07
-1.710029957780256969e-07 -6.855921327435650055e-07
-1.630297452232302123e-07 -6.122640004225295834e-07
-1.560628038301328790e-07 -5.422724248874133401e-07
-1.500213388440797130e-07 -4.751836323868552370e-07
-1.448367438977929411e-07 -4.105980995067204375e-07
-1.404512667843929585e-07 -3.481452235365965764e-07
-1.368168813520309612e-07 -2.874785802794294076e-07
-1.338943660389446677e-07 -2.282716711488053107e-07
-1.316525673755730708e-07 -1.702140422499276440e-07
-1.300678259125165326e-07 -1.130077405542273539e-07
-1.291235380051006243e-07 -5.636398004490311697e-08
-1.288098640112034232e-07 0.000000000000000000e+00
7.227138567815380863e-16 0.000000000000000000e+00
-3.443272985840970388e-16 -9.734949648569669878e-03
-2.719395994430742690e-16 -1.764851427599963274e-01
7.561379064886899617e-16 4.876369940811171588e-01
-8.368025481216114916e-16 -3.245671216034047291e-01
4.207399644302991650e-16 2.337382461493121150e-02
-1.803659596038521458e-16 5.006096840881387768e-03
-5.518435943978225875e-16 1.269206833674549340e-01
1.227305364872483262e-15 -2.490486432765696423e-01
-5.657213822056370442e-16 1.255459770166493239e-01
-4.973315034650497965e-17 3.449559952288495067e-04
-6.627687518661141697e-17 2.332087605460267583e-04
-8.791700253156141675e-17 1.657686544344930363e-04
3.931504072723320944e-16 1.224665120811596511e-04
-3.265901651999217269e-16 9.328504925843515239e-05
-5.681066269851051540e-16 7.507284188043497619e-02
1.215375323958951400e-15 -1.499419420064754260e-01
-4.219561741340591563e-16 7.504707964356513439e-02
-1.169003828435416436e-16 3.874229948759389333e-05
-3.092510810000591337e-17 3.228765335511177737e-05
-3.071536932364447439e-16 2.720651168752396615e-05
6.651699560853671225e-16 2.314774737837469013e-05
-4.457142769243123045e-16 1.986354367593274738e-05
7.540420831824728964e-17 1.717538285600119896e-05
9.315491930095613178e-17 1.495231127689226430e-05
-1.245895878909128177e-16 1.309669523080170161e-05
7.985907893514032787e-17 1.153467362655756337e-05
8.298748253677820235e-17 1.020962821841501578e-05
-3.138772290135125664e-16 9.077635473156129723e-06
5.405096820182283855e-16 8.104245829091494345e-06
-4.265364530859033361e-16 7.262168303647523241e-06
3.005141734429187980e-17 6.529582807416130471e-06
1.398467688533309026e-16 5.888894310662751153e-06
-3.626540210682463013e-16 5.325802364996271262e-06
7.153245226686222034e-16 4.828598596300651183e-06
-6.103016791316965322e-16 4.387630980043989250e-06
2.111201964782805502e-17 3.994891469335768878e-06
3.020433317074227363e-16 3.643695791799887122e-06
8.810802352396869731e-18 3.328432792727069071e-06
-2.088803775710300074e-16 3.044366705417743787e-06
-2.258995220401629398e-16 2.787480055069716911e-06
5.417542910551001730e-16 2.554347994603324286e-06
-1.389596010102729774e-16 2.342037130064997488e-06
-4.838607300511924423e-16 2.148023583857359246e-06
6.250111474145963051e-16 1.970126234953401727e-06
-6.217339769416694171e-16 1.806452025437750353e-06
4.386481984698198456e-16 1.655350926499228018e-06
1.400942320824263176e-16 1.515378646399501150e-06
-4.777147885944124230e-16 1.385265611539288066e-06
2.923162170993911648e-16 1.263891030521546721e-06
4.540489515167975344e-16 1.150261094020550213e-06
-8.515204630046050303e-16 1.043490581709163802e-06
5.167967591722286567e-16 9.427872434167555542e-07
-2.173197903409982534e-16 8.474384813241263347e-07
-1.502657967902233783e-16 7.567999240420486638e-07
3.224570374944881881e-16 6.702855800400087105e-07
-2.021067793324057834e-16 5.873592712757336187e-07
-5.449047004939153591e-16 5.075271620191834643e-07
1.653453594938130054e-15 4.303311619780966768e-07
-1.260207083791227008e-15 3.553430681993430262e-07
4.330150362934113015e-16 2.821593024782131920e-07
-3.818406937520954922e-16 2.103961276034294059e-07
3.699080866683443559e-16 1.396852483265265121e-07
-4.878756662211778259e-16 6.966971119112819189e-08
6.949582811659091728e-16 0.000000000000000000e+00
-3.719328621960111061e-03 0.000000000000000000e+00
-7.295614341020978562e-03 7.875739705077397165e-03
-1.045475132070797786e-01 1.427794797475256394e-01
2.861520884896684991e-01 -3.945066152975398865e-01
-1.910761823717520569e-01 2.625803171925151780e-01
1.353634493088577695e-02 -1.890982133701875345e-02
2.799617196101289625e-03 -4.050017419760395219e-03
1.024340960574015615e-03 1.234461345149162337e-01
4.803180789849726198e-04 -2.507696637569685194e-01
2.599779006413225832e-04 1.245582953149927674e-01
1.547051893552794390e-04 -2.790752624515427513e-04
9.851645123925504427e-05 -1.886698505187863460e-04
6.602721255894427861e-05 -1.341096585722908986e-04
4.606362584765283201e-05 -9.907748951578316057e-05
3.319436961965258742e-05 -7.546919017078378882e-05
2.456973315729171423e-05 7.494106968082520082e-02
1.860063587496262050e-05 -1.500469699034199245e-01
1.435572539523798444e-05 7.496191176826622060e-02
1.126598985177958957e-05 -3.134317868609456107e-05
8.971324665035112039e-06 -2.612126027297944112e-05
7.236825014504964836e-06 -2.201053031320989451e-05
5.905165317280913490e-06 -1.872692101005701463e-05
4.868510294529019005e-06 -1.606994440245180822e-05
4.051414810875860037e-06 -1.389517661647548306e-05
3.400119380981088891e-06 -1.209667392707974786e-05
2.875681304081863826e-06 -1.059544901217162723e-05
2.449468190379884140e-06 -9.331746987795843604e-06
2.100141768160417365e-06 -8.259762735564188445e-06
1.811602276232813934e-06 -7.343961366884014562e-06
1.571564238524368233e-06 -6.556472601994354699e-06
1.370554718477399114e-06 -5.875217573681551714e-06
1.201198911632904504e-06 -5.282543457089135202e-06
1.057704099185693969e-06 -4.764215575797647872e-06
9.354824983144646000e-07 -4.308664622102981129e-06
8.308725488763291762e-07 -3.906418322872157384e-06
7.409308658263520215e-07 -3.549668027726192088e-06
6.632754502304509367e-07 -3.231935090124908082e-06
5.959664687277331292e-07 -2.947811817503716892e-06
5.374148503914406166e-07 -2.692758694025022366e-06
4.863116595343172252e-07 -2.462944401893481038e-06
4.415731108146487682e-07 -2.255118735870752944e-06
4.022974852487494674e-07 -2.066510937624713696e-06
3.677311264577407667e-07 -1.894747838988432328e-06
3.372414499367051850e-07 -1.737787583469721346e-06
3.102954019878940621e-07 -1.593865606189034950e-06
2.864421573052510389e-07 -1.461450387282946302e-06
2.652991577471788131e-07 -1.339207031240094469e-06
2.465408045150725702e-07 -1.225967078528900078e-06
2.298892178061867630e-07 -1.120703420731672395e-06
2.151067235631708152e-07 -1.022509323093945266e-06
2.019896408418063720e-07 -9.305807728915362238e-07
1.903631896952913286e-07 -8.442016138277588485e-07
1.800772736567675522e-07 -7.627309024685303366e-07
1.710029970398811716e-07 -6.855921325763674780e-07
1.630297441523501740e-07 -6.122640006034829260e-07
1.560628044112652435e-07 -5.422724249498633853e-07
1.500213387484530814e-07 -4.751836322480773589e-07
1.448367430581867787e-07 -4.105980991667146363e-07
1.404512677098679330e-07 -3.481452228700290807e-07
1.368168816547402078e-07 -2.874785817851693848e-07
1.338943650813773090e-07 -2.282716702051157398e-07
1.316525680694624612e-07 -1.702140427495280051e-07
1.300678253782217020e-07 -1.130077403321827489e-07
1.291235382809216570e-07 -5.636397996423847534e-08
1.288098638915075034e-07 0.000000000000000000e+00
6.018000125662273901e-03 0.000000000000000000e+00
1.180455197258346162e-02 -3.008264880792889655e-03
1.691614298083329304e-01 -5.453690836752719123e-02
-4.630038051280511713e-01 1.506881182569808630e-01
3.091677575180684090e-01 -1.002967563908123139e-01
-2.190226618161602440e-02 7.222909029553660314e-03
-4.529875778779899123e-03 1.546968999318333073e-03
-1.657418490279501805e-03 1.255935238013574096e-01
-7.771709772052817419e-04 -2.497060146047478113e-01
-4.206530795625492564e-04 1.251687161766832923e-01
-2.503182546140486197e-04 1.065972648372235043e-04
-1.594029665550354745e-04 7.206547024554799488e-05
-1.068342741033598563e-04 5.122533135511845854e-05
-7.453251226687432969e-05 3.784423347521957774e-05
-5.370961827935624407e-05 2.882666554111648556e-05
-3.975466334500037460e-05 7.502250937895735272e-02
-3.009646105390801490e-05 -1.499820590933417241e-01
-2.322805162452380376e-05 7.501454840995064322e-02
-1.822875449757199316e-05 1.197202894287095745e-05
-1.451590823195826289e-05 9.977433595563672017e-06
-1.170942884394048756e-05 8.407274468477201511e-06
-9.554758191746907768e-06 7.153047322073259335e-06
-7.877415133404766452e-06 6.138172563454360807e-06
-6.555326866001988400e-06 5.307485187845451701e-06
-5.501508722283603416e-06 4.620518290368752533e-06
-4.652950091471922366e-06 4.047101395567184115e-06
-3.963322787053371964e-06 3.564410175193388507e-06
-3.398100762674777077e-06 3.154948627176691033e-06
-2.931234055873548429e-06 2.805143627984553841e-06
-2.542844353365013906e-06 2.504349689169573493e-06
-2.217604119073670232e-06 2.244133421217924042e-06
-1.943580665473056857e-06 2.017752053811251743e-06
-1.711401182884382532e-06 1.819768419671768944e-06
-1.513642478330838082e-06 1.645763439748797900e-06
-1.344380023512346357e-06 1.492119025577297165e-06
-1.198851324651729282e-06 1.355852537648807014e-06
-1.073202222197573362e-06 1.234489354565039927e-06
-9.642940034659487775e-07 1.125963922311027631e-06
-8.695554930412997598e-07 1.028542296776562441e-06
-7.868687945039110412e-07 9.407610500904405783e-07
-7.144803015395838195e-07 8.613787079060968419e-07
-6.509310051799378680e-07 7.893369403250590215e-07
-5.950014614718120954e-07 7.237292743736529639e-07
-5.456681281409879201e-07 6.637757920515544095e-07
-5.020685068813171637e-07 6.088024874675387023e-07
-4.634731463647904988e-07 5.582243752246077466e-07
-4.292630547013994834e-07 5.115315673712019670e-07
-3.989114010015219758e-07 4.682777553846606544e-07
-3.719685677918208033e-07 4.280706158016345242e-07
-3.480499911755370601e-07 3.905638074272466120e-07
-3.268261029285632736e-07 3.554502256613866108e-07
-3.080141110804184728e-07 3.224563238290325900e-07
-2.913711505213013820e-07 2.913372796511492623e-07
-2.766886599470835036e-07 2.618728924595089256e-07
-2.637876681633262357e-07 2.338640382881790195e-07
-2.525149217069005969e-07 2.071296347772033641e-07
-2.427396249135766772e-07 1.815039968600107301e-07
-2.343507744494155443e-07 1.568345185803954323e-07
-2.272549230225746897e-07 1.329796414669239327e-07
-2.213743652938748863e-07 1.098070476742221691e-07
-2.166456340990663421e-07 8.719201901458140114e-08
-2.130183292259335559e-07 6.501597925312463389e-08
-2.104541626107847563e-07 4.316511569707470741e-08
-2.089262738274103026e-07 2.152912471214962764e-08
-2.084187377135796049e-07 0.000000000000000000e+00
-6.018000125662879320e-03 0.000000000000000000e+00
-1.180455197258252834e-02 -3.008264880792463347e-03
-1.691614298083342072e-01 -5.453690836752704552e-02
4.630038051280521705e-01 1.506881182569801414e-01
-3.091677575180689641e-01 -1.002967563908115783e-01
2.190226618161627767e-02 7.222909029553314236e-03
4.529875778779585138e-03 1.546968999318517387e-03
1.657418490278467042e-03 1.255935238013569655e-01
7.771709772081342778e-04 -2.497060146047467288e-01
4.206530795611675491e-04 1.251687161766821266e-01
2.503182546135495614e-04 1.065972648374323894e-04
1.594029665555094064e-04 7.206547024604224199e-05
1.068342741029429941e-04 5.122533135515215013e-05
7.453251226692199393e-05 3.784423347443946039e-05
5.370961828021089354e-05 2.882666554285324870e-05
3.975466334221180661e-05 7.502250937895565963e-02
3.009646105734797156e-05 -1.499820590933413911e-01
2.322805162373970875e-05 7.501454840995043505e-02
1.822875449675849595e-05 1.197202894349906627e-05
1.451590823247935925e-05 9.977433595152337571e-06
1.170942884321633368e-05 8.407274468649914917e-06
9.554758193695185191e-06 7.153047321483677817e-06
7.877415131220427723e-06 6.138172564695152266e-06
6.555326865490087427e-06 5.307485187382626122e-06
5.501508723763653731e-06 4.620518289324386320e-06
4.652950091495255582e-06 4.047101396540701951e-06
3.963322786417567858e-06 3.564410175535290815e-06
3.398100763386258918e-06 3.154948625313646724e-06
2.931234056303119071e-06 2.805143630745575470e-06
2.542844352547296345e-06 2.504349687225968728e-06
2.217604118696140024e-06 2.244133421078718412e-06
1.943580665764602210e-06 2.017752055057083048e-06
1.711401182806319976e-06 1.819768419317885355e-06
1.513642478107814095e-06 1.645763438876531629e-06
1.344380024458866076e-06 1.492119026048714199e-06
1.198851324137179001e-06 1.355852537786870420e-06
1.073202222323114020e-06 1.234489354772548600e-06
9.642940027648752772e-07 1.125963921985815684e-06
8.695554943844373632e-07 1.028542298075815267e-06
7.868687933478033948e-07 9.407610482884012764e-07
7.144803016056600127e-07 8.613787087491093472e-07
6.509310058080648910e-07 7.893369393487557175e-07
5.950014609491707440e-07 7.237292750848116620e-07
5.456681286111318634e-07 6.637757919201567295e-07
5.020685065576972148e-07 6.088024871406509002e-07
4.634731461351268325e-07 5.582243761732965059e-07
4.292630558618413974e-07 5.115315681883947905e-07
3.989113990378150010e-07 4.682777537540205870e-07
3.719685690252091947e-07 4.280706155795899193e-07
3.480499908363986206e-07 3.905638078435802463e-07
3.268261037808783184e-07 3.554502263347625573e-07
3.080141103249802803e-07 3.224563229378963312e-07
2.913711509867425984e-07 2.913372797125964205e-07
2.766886591294459878e-07 2.618728935537467445e-07
2.637876686341410291e-07 2.338640365811772378e-07
2.525149215950109327e-07 2.071296364980490523e-07
2.427396248239673676e-07 1.815039962632658543e-07
2.343507745318149094e-07 1.568345176089502857e-07
2.272549239766726015e-07 1.329796430752294353e-07
2.213743643154908458e-07 1.098070464963449289e-07
2.166456343211109470e-07 8.719201975704304886e-08
2.130183290871556778e-07 6.501597871189090938e-08
2.104541623887401514e-07 4.316511552360235981e-08
2.089262749480416681e-07 2.152912500661893769e-08
2.084187361644715408e-07 0.000000000000000000e+00
3.719328621961363532e-03 0.000000000000000000e+00
7.295614341020508452e-03 7.875739705077029404e-03
1.045475132070800284e-01 1.427794797475261113e-01
-2.861520884896695538e-01 -3.945066152975396090e-01
1.910761823717526675e-01 2.625803171925146229e-01
-1.353634493088587062e-02 -1.890982133701875345e-02
-2.799617196100770075e-03 -4.050017419760133276e-03
-1.024340960576406064e-03 1.234461345149155953e-01
-4.803180789812540774e-04 -2.507696637569679088e-01
-2.599779006431700637e-04 1.245582953149928229e-01
-1.547051893550728443e-04 -2.790752624516272106e-04
-9.851645123918003103e-05 -1.886698505191161061e-04
-6.602721255917059226e-05 -1.341096585723725119e-04
-4.606362584762111910e-05 -9.907748951513875146e-05
-3.319436962063026673e-05 -7.546919017171808649e-05
-2.456973315722102424e-05 7.494106968082658859e-02
-1.860063587206910174e-05 -1.500469699034211457e-01
-1.435572539746450202e-05 7.496191176826652591e-02
-1.126598985137717947e-05 -3.134317868613830863e-05
-8.971324665229373963e-06 -2.612126027245014717e-05
-7.236825014154563399e-06 -2.201053031394916454e-05
-5.905165317023135954e-06 -1.872692100932191200e-05
-4.868510297503871560e-06 -1.606994440390502538e-05
-4.051414807412830207e-06 -1.389517661452703284e-05
-3.400119381336676710e-06 -1.209667392816573049e-05
-2.875681304550049853e-06 -1.059544901201278823e-05
-2.449468190762771832e-06 -9.331746987848935630e-06
-2.100141768151809816e-06 -8.259762736134241618e-06
-1.811602276867348338e-06 -7.343961365351045016e-06
-1.571564237114141596e-06 -6.556472602405806035e-06
-1.370554719793885461e-06 -5.875217574322607425e-06
-1.201198910083587858e-06 -5.282543457211574662e-06
-1.057704100059994601e-06 -4.764215575308455852e-06
-9.354824996300272575e-07 -4.308664622181185140e-06
-8.308725467271755607e-07 -3.906418322944223795e-06
-7.409308664039114951e-07 -3.549668027998865546e-06
-6.632754508032840724e-07 -3.231935089618894834e-06
-5.959664682714348923e-07 -2.947811817702539242e-06
-5.374148511929353786e-07 -2.692758694649270401e-06
-4.863116583097917630e-07 -2.462944400582785644e-06
-4.415731107907452867e-07 -2.255118737234291336e-06
-4.022974865572531641e-07 -2.066510936349336188e-06
-3.677311257887698150e-07 -1.894747839912562214e-06
-3.372414495374557818e-07 -1.737787583496164020e-06
-3.102954027823842851e-07 -1.593865605304603804e-06
-2.864421560701550291e-07 -1.461450388335723552e-06
-2.652991603526877343e-07 -1.339207031634256169e-06
-2.465408013500695883e-07 -1.225967076586009785e-06
-2.298892188400819547e-07 -1.120703422119451176e-06
-2.151067240961646032e-07 -1.022509322559650435e-06
-2.019896414010886746e-07 -9.305807733297029793e-07
-1.903631883253442854e-07 -8.442016137107124477e-07
-1.800772749847593594e-07 -7.627309026750301929e-07
-1.710029946971235648e-07 -6.855921318809059944e-07
-1.630297465429617542e-07 -6.122640007551899150e-07
-1.560628031362434887e-07 -5.422724256090583062e-07
-1.500213392071248104e-07 -4.751836322758329345e-07
-1.448367438110567673e-07 -4.105980987503810020e-07
-1.404512672319516153e-07 -3.481452230114090440e-07
-1.368168806581415708e-07 -2.874785814555719243e-07
-1.338943663997671507e-07 -2.282716707047161009e-07
-1.316525671812840415e-07 -1.702140424164610977e-07
-1.300678250590325824e-07 -1.130077400546269928e-07
-1.291235395472697944e-07 -5.636398065465841878e-08
-1.288098626459760476e-07 0.000000000000000000e+00
6.223014242120812063e-16 0.000000000000000000e+00
-3.526061338063119783e-16 -9.734949648570093150e-03
-4.755077204174460869e-16 -1.764851427599956057e-01
7.698141652593064870e-16 4.876369940811167147e-01
2.822956229206270651e-16 -3.245671216034048401e-01
-6.442023080962883959e-16 2.337382461493181865e-02
2.123352719260351870e-17 5.006096840881240316e-03
-1.252873407729650585e-15 1.269206833674548229e-01
2.406132593560875369e-15 -2.490486432765696700e-01
-9.198065003421036230e-16 1.255459770166494349e-01
-3.661654615636233090e-16 3.449559952289701784e-04
-3.189958664592613902e-16 2.332087605453620610e-04
1.129369227756395561e-15 1.657686544348785786e-04
-6.885631176098906132e-16 1.224665120813418241e-04
9.460710630912352879e-16 9.328504925862419659e-05
-2.669600386516459426e-15 7.507284188043442108e-02
2.932953094213188453e-15 -1.499419420064750097e-01
-1.431441505538013165e-15 7.504707964356482908e-02
1.179659140762794456e-16 3.874229948810555544e-05
3.688406264903822174e-16 3.228765335434711668e-05
6.651736773938302161e-17 2.720651168819781813e-05
-5.568720447578958678e-17 2.314774737829730520e-05
8.192791709753986273e-16 1.986354367524870390e-05
-2.112879511604097985e-15 1.717538285618272489e-05
1.216555488344730022e-15 1.495231127794613931e-05
-2.344073446981842647e-16 1.309669522962440205e-05
3.602419471886657459e-16 1.153467362698562502e-05
-5.118614569008028837e-16 1.020962821858034645e-05
1.955922716484928145e-16 9.077635472825004216e-06
1.986582607389556172e-16 8.104245829429504536e-06
4.430441361009158809e-16 7.262168303376410017e-06
-7.141046020409559890e-16 6.529582807127686107e-06
-1.964880564489717423e-16 5.888894311592562936e-06
-1.246644836963240498e-17 5.325802364421597524e-06
1.152514485798144858e-15 4.828598596570771684e-06
-7.823314648159545761e-16 4.387630979715863933e-06
-1.236624929846518991e-16 3.994891469365465853e-06
2.538825854384494568e-16 3.643695791746641784e-06
4.080442515669621855e-16 3.328432793418375857e-06
-9.529496290187435138e-16 3.044366704740044584e-06
9.636542702923212931e-17 2.787480055526847040e-06
3.842888133824061962e-16 2.554347994382394376e-06
-1.934842427386781161e-16 2.342037129598854929e-06
7.201475413641033323e-16 2.148023583881999434e-06
-1.066646697229208989e-15 1.970126235797256607e-06
3.034259660398271108e-16 1.806452024499620706e-06
1.472388537394850872e-15 1.655350927149671394e-06
-1.799202882445096467e-15 1.515378645781939593e-06
3.249544237996679419e-17 1.385265612691144455e-06
4.945352336652369112e-16 1.263891029779085073e-06
-2.300172435124157455e-16 1.150261093224278256e-06
7.779626222118928562e-16 1.043490582717051694e-06
-9.082532301585493344e-16 9.427872439445451717e-07
7.856977270862191269e-16 8.474384793146795807e-07
-4.539316274263248930e-16 7.567999254344895139e-07
1.071497974361661769e-16 6.702855802481755276e-07
-3.277916045785728088e-16 5.873592715532893749e-07
3.430721901690119418e-16 5.075271613669274373e-07
-2.333371429069929471e-16 4.303311618289104579e-07
3.229060297607815100e-16 3.553430684977154641e-07
-4.393493430857246862e-16 2.821593024782131920e-07
3.812361066405016978e-16 2.103961270205623180e-07
-5.622438942162864416e-16 1.396852492147049318e-07
9.583027129459114328e-16 6.966971121194487360e-08
-1.098544263956911431e-15 0.000000000000000000e+00
-3.719328621960237696e-03 0.000000000000000000e+00
-7.295614341021104329e-03 7.875739705076972158e-03
-1.045475132070793345e-01 1.427794797475265831e-01
2.861520884896667782e-01 -3.945066152975411633e-01
-1.910761823717497809e-01 2.625803171925161772e-01
1.353634493088539184e-02 -1.890982133701948550e-02
2.799617196100541525e-03 -4.050017419759908630e-03
1.024340960574146586e-03 1.234461345149160394e-01
4.803180789856491620e-04 -2.507696637569680753e-01
2.599779006407301751e-04 1.245582953149923233e-01
1.547051893552093182e-04 -2.790752624515345113e-04
9.851645123790618835e-05 -1.886698505193181742e-04
6.602721256202117662e-05 -1.341096585722361464e-04
4.606362584655422350e-05 -9.907748951483129883e-05
3.319436961867801842e-05 -7.546919017096898410e-05
2.456973315749836316e-05 7.494106968082529796e-02
1.860063587580049194e-05 -1.500469699034208959e-01
1.435572539449487227e-05 7.496191176826733082e-02
1.126598985249320636e-05 -3.134317868704554868e-05
8.971324663449811951e-06 -2.612126027289389418e-05
7.236825016384810467e-06 -2.201053031312627203e-05
5.905165316662715811e-06 -1.872692100943412015e-05
4.868510294192215835e-06 -1.606994440255506154e-05
4.051414811039270480e-06 -1.389517661664554186e-05
3.400119381048253521e-06 -1.209667392768361967e-05
2.875681303519574980e-06 -1.059544901143151356e-05
2.449468191291449987e-06 -9.331746988545464375e-06
2.100141767912417976e-06 -8.259762734742146358e-06
1.811602276591841978e-06 -7.343961367014763414e-06
1.571564237381524275e-06 -6.556472602199799152e-06
1.370554719460551950e-06 -5.875217573205162597e-06
1.201198910819162069e-06 -5.282543458110884789e-06
1.057704100162343286e-06 -4.764215575311925299e-06
9.354824971146267601e-07 -4.308664621684042868e-06
8.308725496140220284e-07 -3.906418323575380231e-06
7.409308663308177399e-07 -3.549668027765103087e-06
6.632754496632560759e-07 -3.231935089173189485e-06
5.959664691544092474e-07 -2.947811818716506289e-06
5.374148495889455088e-07 -2.692758692674325841e-06
4.863116601018104534e-07 -2.462944402256650650e-06
4.415731101923995187e-07 -2.255118736641158208e-06
4.022974856768797295e-07 -2.066510936927410763e-06
3.677311271826887377e-07 -1.894747839374013584e-06
3.372414492243695346e-07 -1.737787584138326803e-06
3.102954021064490286e-07 -1.593865604787022628e-06
2.864421565729605629e-07 -1.461450388571302049e-06
2.652991582895018220e-07 -1.339207029425929467e-06
2.465408045838109879e-07 -1.225967080194234615e-06
2.298892179918021750e-07 -1.120703420592894517e-06
2.151067231453192979e-07 -1.022509322282094679e-06
2.019896424200557576e-07 -9.305807731426509995e-07
1.903631876158796532e-07 -8.442016149714362864e-07
1.800772752983174040e-07 -7.627309010121215583e-07
1.710029947510219653e-07 -6.855921333866188665e-07
1.630297455018430656e-07 -6.122639991194269923e-07
1.560628046792800205e-07 -5.422724272050039040e-07
1.500213382037499099e-07 -4.751836311378543343e-07
1.448367442369313807e-07 -4.105980992638591509e-07
1.404512667852603203e-07 -3.481452228956162520e-07
1.368168815272380323e-07 -2.874785816515956771e-07
1.338943655948554579e-07 -2.282716702606268910e-07
1.316525672645507683e-07 -1.702140425274834001e-07
1.300678254059772776e-07 -1.130077407346385954e-07
1.291235399449551513e-07 -5.636397984540991724e-08
1.288098614472821257e-07 0.000000000000000000e+00
-5.809668478227376226e-02 0.000000000000000000e+00
-7.939934845306960767e-03 -6.296653870561139121e-02
2.170379985551170732e-01 -9.034258892801763641e-02
-4.190256741606023239e-01 1.811858371053696737e-01
2.953723185451175848e-01 -5.784915199952159193e-02
-5.675061574673886250e-02 3.574179149053096933e-03
-3.899291617723873830e-03 -2.643576487523918717e-02
2.387166882450557359e-02 1.253939997693512831e-01
2.775176863694868087e-03 -2.246126857346781858e-01
-2.249927396978982155e-02 1.341466847845228794e-01
-1.252255519303490695e-02 -1.525762243300611901e-02
8.093726463398840873e-03 -1.061598880233781926e-02
5.518655221619012986e-03 4.724983386570218852e-03
-5.777145323121935482e-03 8.224157384496978262e-04
9.400417815297759747e-04 -9.449146130720896194e-03
1.308413363067531705e-02 7.413493727747513806e-02
5.093517742773122185e-03 -1.355926020541551591e-01
-1.253585192621257602e-02 8.443224807531127252e-02
-1.170447877486543997e-02 -8.485103581550194202e-03
4.409709481523063114e-03 -1.129046686015952421e-02
9.322057744923829131e-03 1.919715778858169805e-03
-1.072217873559232204e-03 7.396111090390366551e-03
-6.230234803372683774e-03 -9.332515858003840713e-04
7.792749361988570919e-04 -5.569633027584467745e-03
4.996890924530351941e-03 5.477766278852860089e-04
-4.141988357336553019e-04 4.443991421494807373e-03
-4.017063575014313478e-03 -3.792187604146826782e-04
3.347344003357489235e-04 -3.708741736017324552e-03
3.430634244252426992e-03 2.637210235851808102e-04
-2.188942028832215026e-04 3.163065116350532134e-03
-2.942365698460152300e-03 -2.048509730937591005e-04
1.845152040143868504e-04 -2.767942252784831927e-03
2.606295354169969186e-03 1.526685547740651294e-04
-1.324443927800385095e-04 2.450788556340051036e-03
-2.318717389739239666e-03 -1.254955145499835306e-04
1.142273805090772388e-04 -2.209482842509922530e-03
2.106536739044025195e-03 9.701836456800196551e-05
-8.626139405445840862e-05 2.007435558519397086e-03
-1.921946601947955788e-03 -8.234870875084684873e-05
7.539467067340873980e-05 -1.849410605058990223e-03
1.780357859706912854e-03 6.498076855809907081e-05
-5.857297918737425788e-05 1.713862230537348784e-03
-1.656026079284512662e-03 -5.613446212193273603e-05
5.152422683837518114e-05 -1.606286529212487373e-03
1.558711755250606797e-03 4.470333514211576910e-05
-4.051560353275033416e-05 1.512932494888508464e-03
-1.473013444422821040e-03 -3.884221323440309459e-05
3.561793510480429359e-05 -1.438564334682389256e-03
1.405648183006934053e-03 3.086397176096933315e-05
-2.787658606333461020e-05 1.374061490710683231e-03
-1.346625539846250117e-03 -2.660527712033781966e-05
2.424848649960117258e-05 -1.323154888370237829e-03
1.300941553642635980e-03 2.074874738749185946e-05
-1.841506918882386545e-05 1.279769141820581366e-03
-1.261645093854546137e-03 -1.733857041185012104e-05
1.554438563785773275e-05 -1.246607662951787487e-03
1.232761570076538679e-03 1.282450948671132185e-05
-1.081722196165368910e-05 1.219782378336017881e-03
-1.209114278489666940e-03 -9.801664848624325188e-06
8.376772847949742751e-06 -1.201040814916072997e-03
1.194238146884601948e-03 6.133376844737886691e-06
-4.228666452055218627e-06 1.188209032327081083e-03
-1.183989709369601129e-03 -3.172790727042074099e-06
1.983850836667286344e-06 -1.182143169041478814e-03
1.181771105584358827e-03 0.000000000000000000e+00
-6.411468490793592601e-02 0.000000000000000000e+00
-1.974448681789040677e-02 5.995827382481914297e-02
4.787656874678418439e-02 3.580568056048922393e-02
4.397813096744952743e-02 -3.049771884838640285e-02
-1.379543897295154239e-02 -4.244760439129312279e-02
-3.484834956512364995e-02 3.648729880500710399e-03
6.305841610566745130e-04 2.798273387455840755e-02
2.552908731478494703e-02 1.995240320060401480e-04
3.552347840900568765e-03 -2.509332887006923002e-02
-2.207862089022705893e-02 -8.977968607839646037e-03
-1.227223693842173849e-02 1.536421969784163184e-02
8.253129429955756435e-03 1.068805427258561619e-02
5.625489495719818503e-03 -4.673758055215391366e-03
-5.702612810854372494e-03 -7.845715049756537066e-04
9.937513998106370372e-04 9.477972796262092159e-03
1.312388829401875748e-02 8.875721014830356172e-04
5.123614203827497708e-03 -1.438945703918652688e-02
-1.251262387458769616e-02 -9.417699665360629302e-03
-1.168625002036738011e-02 8.497075610491889447e-03
4.424225389753855438e-03 1.130044429375511722e-02
9.333767173767165345e-03 -1.911308504387376284e-03
-1.062663115366125656e-03 -7.388958043069981767e-03
-6.222357388238883291e-03 9.393897583630857629e-04
7.858302630632780323e-04 5.574940512773584461e-03
5.002392433253542887e-03 -5.431561095953559449e-04
-4.095458856422633936e-04 -4.439944320098586014e-03
-4.013100252226252385e-03 3.827831705892954946e-04
3.381325010958977344e-04 3.711896684642816517e-03
3.433565478310780274e-03 -2.609158799542063076e-04
-2.163513585313972954e-04 -3.160560766663491564e-03
-2.940148094340747954e-03 2.070951065158767074e-04
1.864587846802396719e-04 2.769960004838798763e-03
2.608006755352087688e-03 -1.508487863542996854e-04
-1.309307503006389422e-04 -2.449142792899586772e-03
-2.317373009716266162e-03 1.269876335737196477e-04
1.154262318333407623e-04 2.210838695047846660e-03
2.107609941267246309e-03 -9.578387521263969436e-05
-8.529710005262985712e-05 -2.006309594597418568e-03
-1.921077046452397685e-03 8.337725104783430671e-05
7.618153946542700894e-05 1.850351366109071090e-03
1.781072340009384226e-03 -6.411938985068023518e-05
-5.792204818184660663e-05 -1.713072893596228425e-03
-1.655431077823300932e-03 5.685819139540659352e-05
5.206989496603104534e-05 1.606950305005023193e-03
1.559213823758670917e-03 -4.409453265523410360e-05
-4.005213038825884003e-05 -1.512374270512106128e-03
-1.472584181366150269e-03 3.935374480072955511e-05
3.601684650485562078e-05 1.439032612438786128e-03
1.406020151575115319e-03 -3.043590114606715274e-05
-2.752853607324978052e-05 -1.373670926903133253e-03
-1.346298713741251978e-03 2.696072734643256696e-05
2.455650060835534720e-05 1.323477344693040590e-03
1.301232924795501286e-03 -2.045741010666237217e-05
-1.813838053161404007e-05 -1.279507268928904359e-03
-1.261381306185255756e-03 1.757243445058183362e-05
1.579690056053434377e-05 1.246814792587134114e-03
1.233004309700722750e-03 -1.264300549022254194e-05
-1.058287118739335841e-05 -1.219625543818097114e-03
-1.208887023564993776e-03 9.934644490923807969e-06
8.598147210783779748e-06 1.201150621962420589e-03
1.194454792520550229e-03 -6.046184823981642920e-06
-4.015648124151144360e-06 -1.188144016349019713e-03
-1.183779255206875852e-03 3.215955843537121606e-06
2.192777111179045058e-06 1.182164698165441563e-03
1.181979524321703778e-03 0.000000000000000000e+00
