0.12593069831216963 0.0
-0.15476819337339678 -0.004867474824285001
0.2191294046604091 -0.08824257137999801
-0.10085277467413127 0.24381849704055866
-0.09050069720041329 -0.16228356080170248
0.06596079402553844 0.011686912307465635
0.02467274297144166 0.002503048420440686
-0.062526923455304 0.0634603416837276
-0.006807842783577479 -0.12452432163828488
0.08201997756589698 0.06277298850832459
-0.05076403427094386 1.7247799761442584E-4
0.02125668826192727 1.1660438027303634E-4
-0.011210171929895173 8.288432721733903E-5
0.0018878941270964826 6.123325604062683E-5
0.01712461321110126 4.6642524628982135E-5
-0.03577839203888353 0.03753642094021772
-0.010235732582472016 -0.07497097100323774
0.056449159571206914 0.037523539821782456
-0.03945061618622645 1.9371149743822175E-5
0.022572133299861435 1.6143826677536034E-5
-0.01866306174370474 1.360325584382708E-5
0.01483082985167115 1.1573873689186068E-5
-0.012955984374810253 9.931771837825773E-6
0.011132697413990592 8.587691428176003E-6
-0.010002683477164265 7.476155638437218E-6
0.008908608169617008 6.54834761538547E-6
-0.008147763900041053 5.767336813140801E-6
0.0074127720863466475 5.1048141093552575E-6
-0.006866011324841475 4.5388177364424735E-6
0.006338348887123537 4.0521229146809506E-6
-0.005928206541809882 3.6310841517978547E-6
0.0055324997023396445 3.264791403603849E-6
-0.005215359813620722 2.944447155511788E-6
0.004909352040020177 2.6629011824642653E-6
-0.004658565231969271 2.414299297969459E-6
0.00441651783623 2.1938154900704343E-6
-0.004214809955762658 1.9974457347091265E-6
0.004020075073302777 1.8218478959596018E-6
-0.0038557388577779954 1.6642163962886543E-6
0.003697050023866791 1.522183352679939E-6
-0.0035618717728280796 1.393740027789839E-6
0.0034313320375580036 1.2771739970548774E-6
-0.0033193891893670653 1.1710185648977807E-6
0.003211307944420717 1.074011792120879E-6
-0.0031182358744127215 9.850631174524588E-7
0.003028421357103691 9.032260128256572E-7
-0.0029509478040470657 8.276754631265232E-7
0.0028762587429250197 7.576893230653095E-7
-0.002811898223799812 6.926328059743414E-7
0.0027499500291659753 6.3194551515669E-7
-0.002696797763560026 5.751305470194298E-7
0.002645764663457417 5.217452909158054E-7
-0.002602354555715034 4.7139362173171523E-7
0.002560833413778162 4.237192403853951E-7
-0.0025260385638092827 3.7839996227390094E-7
0.0024929536180485212 3.351427900234738E-7
-0.002465915901114644 2.936796356656224E-7
0.0024404514713521133 2.537635809853056E-7
-0.0024205315791073637 2.1516558089624063E-7
0.002402084478007981 1.7767153421850007E-7
-0.002388826833772218 1.4107965114282944E-7
0.002376973131679304 1.0519806364905904E-7
-0.0023700820425883147 6.984262443734957E-8
0.0023645547181829884 3.483485562201863E-8
-0.002363879439769574 0.0
-0.0037193286219606905 0.0
-0.007295614341020848 0.007875739705077541
-0.10454751320707978 0.14277947974752553
0.28615208848966883 -0.3945066152975395
-0.1910761823717524 0.26258031719251484
0.0135363449308862 -0.01890982133701907
0.0027996171961009067 -0.00405001741975953
0.001024340960574785 0.1234461345149152
4.8031807898375745E-4 -0.25076966375696796
2.599779006416843E-4 0.12455829531499271
1.5470518935575858E-4 -2.790752624515475E-4
9.851645123883246E-5 -1.8866985051885836E-4
6.602721255894427E-5 -1.3410965857228567E-4
4.60636258479277E-5 -9.907748951568207E-5
3.319436962000949E-5 -7.546919017082042E-5
2.4569733157155105E-5 0.0749410696808255
1.860063587375005E-5 -0.15004696990342087
1.4355725396170832E-5 0.07496191176826712
1.126598985181864E-5 -3.134317868670018E-5
8.971324664955947E-6 -2.612126027270108E-5
7.236825014229271E-6 -2.2010530312963374E-5
5.905165317355976E-6 -1.872692101060251E-5
4.86851029568509E-6 -1.6069944402261754E-5
4.0514148097376765E-6 -1.3895176615484204E-5
3.4001193805595545E-6 -1.2096673928272296E-5
2.8756813045703236E-6 -1.0595449011763921E-5
2.4494681905186663E-6 -9.33174698835643E-6
2.100141768455939E-6 -8.259762735135336E-6
1.8116022760879626E-6 -7.3439613663057435E-6
1.5715642379146328E-6 -6.556472602567315E-6
1.3705547192486478E-6 -5.875217573592111E-6
1.2011989110611664E-6 -5.282543457211995E-6
1.0577040994146775E-6 -4.7642155756415245E-6
9.354824985849182E-7 -4.308664621998226E-6
8.308725485189338E-7 -3.906418323119567E-6
7.409308658004957E-7 -3.5496680279672594E-6
6.632754503509143E-7 -3.231935089421177E-6
5.959664688341756E-7 -2.9478118179994234E-6
5.374148506629864E-7 -2.6927586938463115E-6
4.863116588325367E-7 -2.462944401702531E-6
4.41573110754257E-7 -2.2551187364549016E-6
4.02297485887886E-7 -2.066510936755562E-6
3.677311263099276E-7 -1.8947478395847723E-6
3.3724144989064184E-7 -1.7377875838365086E-6
3.102954019816599E-7 -1.5938656052201089E-6
2.8644215695164104E-7 -1.4614503882142794E-6
2.6529915870462843E-7 -1.3392070309951478E-6
2.465408032240046E-7 -1.2259670776268439E-6
2.2988921839772747E-7 -1.1207034218210787E-6
2.1510672383595608E-7 -1.0225093225110782E-6
2.0198964071264062E-7 -9.30580773083562E-7
1.9036318913683234E-7 -8.442016142378583E-7
1.800772747090637E-7 -7.627309019816829E-7
1.7100299565799096E-7 -6.855921326459597E-7
1.6302974514680074E-7 -6.122640002534483E-7
1.5606280398539063E-7 -5.42272425385279E-7
1.500213387614635E-7 -4.751836323174663E-7
1.4483674384141443E-7 -4.105980990747743E-7
1.404512670189059E-7 -3.481452231499701E-7
1.3681688137458237E-7 -2.874785811454901E-7
1.3389436579608338E-7 -2.2827167068042997E-7
1.3165256735128694E-7 -1.7021404265585294E-7
1.3006782564883856E-7 -1.1300774011013814E-7
1.2912353865039065E-7 -5.636398043933587E-8
1.288098633745599E-7 0.0
0.0060180001256627735 0.0
0.011804551972583047 -0.003008264880792561
0.16916142980833332 -0.05453690836752723
-0.46300380512805145 0.15068811825698064
0.3091677575180686 -0.10029675639081229
-0.021902266181616233 0.0072229090295533194
-0.004529875778779759 0.0015469689993188825
-0.0016574184902792381 0.12559352380135708
-7.771709772058794E-4 -0.24970601460474737
-4.2065307956244344E-4 0.1251687161766829
-2.503182546135929E-4 1.0659726483745478E-4
-1.594029665553442E-4 7.206547024550747E-5
-1.0683427410323416E-4 5.122533135481674E-5
-7.453251226663339E-5 3.784423347547318E-5
-5.370961828052662E-5 2.8826665541477152E-5
-3.975466334294603E-5 0.07502250937895681
-3.0096461055430235E-5 -0.1499820590933416
-2.322805162438893E-5 0.07501454840995062
-1.8228754497220407E-5 1.1972028942999547E-5
-1.4515908232055272E-5 9.977433595148106E-6
-1.1709428843762138E-5 8.40727446881882E-6
-9.554758192551072E-6 7.1530473219126585E-6
-7.877415133128158E-6 6.138172563946203E-6
-6.5553268642000435E-6 5.307485187535512E-6
-5.501508724139031E-6 4.620518289891939E-6
-4.652950091208655E-6 4.047101396301004E-6
-3.96332278683232E-6 3.5644101752943176E-6
-3.3981007625018295E-6 3.154948625654604E-6
-2.9312340568324867E-6 2.8051436300657083E-6
-2.5428443527205315E-6 2.5043496878476668E-6
-2.2176041189187733E-6 2.2441334215492782E-6
-1.9435806651768537E-6 2.0177520538298805E-6
-1.7114011832243883E-6 1.8197684201089201E-6
-1.5136424783780945E-6 1.6457634394776152E-6
-1.3443800238681747E-6 1.4921190251912587E-6
-1.1988513241296425E-6 1.3558525378787498E-6
-1.0732022226699706E-6 1.234489354703399E-6
-9.642940026716582E-7 1.125963922183284E-6
-8.695554944724301E-7 1.028542297393152E-6
-7.86868793016127E-7 9.407610491162108E-7
-7.144803018068045E-7 8.613787086202667E-7
-6.509310057467389E-7 7.893369398690965E-7
-5.950014611765678E-7 7.237292743803784E-7
-5.456681281834831E-7 6.637757920162594E-7
-5.020685071778141E-7 6.088024874579562E-7
-4.634731456173661E-7 5.582243756153796E-7
-4.2926305608960813E-7 5.115315677728125E-7
-3.98911399180496E-7 4.682777545832184E-7
-3.719685688907681E-7 4.2807061589877904E-7
-3.480499905783585E-7 3.905638074411244E-7
-3.268261039748599E-7 3.554502257325323E-7
-3.08014110221367E-7 3.2245632361901246E-7
-2.913711510799569E-7 2.9133728020069746E-7
-2.7668865901141533E-7 2.6187289218444006E-7
-2.6378766904979704E-7 2.3386403812274332E-7
-2.5251492100780704E-7 2.0712963523690509E-7
-2.4273962534460125E-7 1.8150399678021345E-7
-2.34350774321046E-7 1.5683451799492626E-7
-2.2725492372550023E-7 1.329796422893997E-7
-2.2137436429516206E-7 1.0980704695864874E-7
-2.1664563485844154E-7 8.719201953499844E-8
-2.1301832858408587E-7 6.501597889230215E-8
-2.1045416285082712E-7 4.316511578728033E-8
-2.0892627413385327E-7 2.1529124730472644E-8
-2.0841873717234588E-7 0.0
-0.006018000125662962 0.0
-0.011804551972582717 -0.0030082648807930753
-0.16916142980833393 -0.05453690836752699
0.463003805128052 0.1506881182569805
-0.3091677575180691 -0.100296756390812
0.02190226618161642 0.007222909029553453
0.004529875778779652 0.0015469689993187238
0.0016574184902788044 0.125593523801357
7.771709772070243E-4 -0.2497060146047469
4.2065307956197853E-4 0.1251687161766822
2.503182546133278E-4 1.0659726483775022E-4
1.5940296655524578E-4 7.206547024552272E-5
1.0683427410378963E-4 5.122533135514146E-5
7.453251226639026E-5 3.784423347487215E-5
5.3709618280303633E-5 2.882666554176005E-5
3.975466334267888E-5 0.07502250937895667
3.009646105633229E-5 -0.1499820590933414
2.322805162407668E-5 0.07501454840995042
1.8228754497015174E-5 1.1972028943234943E-5
1.4515908232106875E-5 9.97743359488143E-6
1.1709428843971043E-5 8.40727446935061E-6
9.554758192556427E-6 7.153047321276182E-6
7.87741513274401E-6 6.138172564298803E-6
6.555326864779256E-6 5.307485187306005E-6
5.5015087234583416E-6 4.620518290210772E-6
4.652950091649733E-6 4.0471013958891125E-6
3.963322786672331E-6 3.564410175576901E-6
3.3981007626464375E-6 3.154948625525593E-6
2.931234056587395E-6 2.805143630000307E-6
2.542844352885485E-6 2.504349687933373E-6
2.217604119041157E-6 2.2441334219103616E-6
1.943580664947845E-6 2.0177520532493606E-6
1.7114011833518905E-6 1.8197684203274953E-6
1.513642478510973E-6 1.6457634395071068E-6
1.3443800235686626E-6 1.4921190253039291E-6
1.198851324349787E-6 1.355852537709873E-6
1.073202222442497E-6 1.2344893550095942E-6
9.642940028887826E-7 1.1259639216435868E-6
8.695554943210621E-7 1.0285422979861052E-6
7.868687929700021E-7 9.407610485048626E-7
7.144803020888762E-7 8.613787091389853E-7
6.509310056195857E-7 7.893369395662609E-7
5.950014610056941E-7 7.237292746309824E-7
5.456681283498637E-7 6.637757917198284E-7
5.020685070124455E-7 6.088024876453431E-7
4.6347314592150766E-7 5.582243755220673E-7
4.292630556199576E-7 5.115315679724041E-7
3.989113994094795E-7 4.6827775415647643E-7
3.719685691336294E-7 4.280706161971515E-7
3.480499903042722E-7 3.905638075833717E-7
3.2682610390684906E-7 3.554502258220696E-7
3.080141105177277E-7 3.224563229801599E-7
2.913711507987826E-7 2.913372806151778E-7
2.7668865931424147E-7 2.618728920438936E-7
2.637876688244456E-7 2.338640383910969E-7
2.5251492094882644E-7 2.0712963504782023E-7
2.4273962546256245E-7 1.8150399641245207E-7
2.3435077447370167E-7 1.5683451885708383E-7
2.2725492319832386E-7 1.329796417573817E-7
2.213743649454123E-7 1.0980704694000046E-7
2.1664563427947758E-7 8.719201970847079E-8
2.130183290142973E-7 6.501597863556308E-8
2.1045416250930343E-7 4.31651160735097E-8
2.0892627419307104E-7 2.1529124512873268E-8
2.084187373102564E-7 0.0
0.003719328621960765 0.0
0.007295614341020715 0.007875739705077904
0.10454751320708001 0.1427794797475251
-0.2861520884896691 -0.39450661529753905
0.19107618237175247 0.2625803171925145
-0.0135363449308861 -0.018909821337018795
-0.0027996171961009934 -0.004050017419760062
-0.0010243409605751458 0.12344613451491565
-4.803180789831607E-4 -0.2507696637569682
-2.599779006417398E-4 0.12455829531499298
-1.5470518935609145E-4 -2.790752624518527E-4
-9.851645123851855E-5 -1.8866985051858346E-4
-6.602721255932775E-5 -1.3410965857243548E-4
-4.606362584738659E-5 -9.907748951554842E-5
-3.319436962042917E-5 -7.546919017087422E-5
-2.4569733157456947E-5 0.07494106968082544
-1.8600635872945137E-5 -0.15004696990342062
-1.4355725396413693E-5 0.07496191176826675
-1.1265989852065716E-5 -3.1343178686396044E-5
-8.971324664766227E-6 -2.6121260273060932E-5
-7.236825014287249E-6 -2.2010530312460074E-5
-5.905165317338268E-6 -1.8726921010960636E-5
-4.868510295645349E-6 -1.6069944402129E-5
-4.051414809599102E-6 -1.3895176615584376E-5
-3.4001193809677083E-6 -1.209667392822501E-5
-2.875681304314315E-6 -1.0595449011852818E-5
-2.4494681904234864E-6 -9.33174698809513E-6
-2.1001417685567797E-6 -8.259762735329001E-6
-1.8116022759812672E-6 -7.34396136599713E-6
-1.5715642380486318E-6 -6.556472602842218E-6
-1.370554719510297E-6 -5.875217573403152E-6
-1.201198910711905E-6 -5.28254345728396E-6
-1.0577040996002929E-6 -4.764215575506216E-6
-9.354824982886763E-7 -4.308664622604453E-6
-8.308725487606264E-7 -3.906418322567416E-6
-7.409308655152002E-7 -3.5496680282638263E-6
-6.632754506257271E-7 -3.2319350892171022E-6
-5.959664686561746E-7 -2.947811818070964E-6
-5.374148508980349E-7 -2.692758693863386E-6
-4.86311658554395E-7 -2.462944401806014E-6
-4.415731110050895E-7 -2.255118735849321E-6
-4.022974857028955E-7 -2.0665109376726553E-6
-3.6773112643785794E-7 -1.8947478389909345E-6
-3.372414498045075E-7 -1.7377875841852567E-6
-3.1029540204469567E-7 -1.593865604896671E-6
-2.8644215676851337E-7 -1.4614503887301114E-6
-2.652991586738176E-7 -1.3392070305371012E-6
-2.465408038138106E-7 -1.2259670777413356E-6
-2.2988921785649374E-7 -1.1207034215643397E-6
-2.1510672400248954E-7 -1.0225093226602644E-6
-2.019896407254071E-7 -9.30580773712733E-7
-1.9036318910045397E-7 -8.442016135522411E-7
-1.800772746255293E-7 -7.627309021053794E-7
-1.7100299578392105E-7 -6.855921327412268E-7
-1.630297452274044E-7 -6.122640004200687E-7
-1.560628038362044E-7 -5.422724248527189E-7
-1.5002133884473023E-7 -4.751836324735914E-7
-1.4483674390039503E-7 -4.1059809947289333E-7
-1.404512667696478E-7 -3.481452235318261E-7
-1.3681688137414869E-7 -2.87478580282682E-7
-1.3389436609098637E-7 -2.2827167102737467E-7
-1.3165256727148966E-7 -1.7021404236788884E-7
-1.3006782595675198E-7 -1.1300774052647178E-7
-1.2912353800987111E-7 -5.636398002983271E-8
-1.288098639869173E-7 0.0
7.320533068622126E-16 0.0
-3.481644226394076E-16 -0.009734949648569647
-2.255140518769849E-16 -0.17648514275999636
7.28583859910259E-16 0.48763699408111727
-8.743006318923108E-16 -0.32456712160340473
4.445228907190568E-16 0.023373824614931208
-1.7596601259439737E-16 0.005006096840881412
-5.828670879282072E-16 0.1269206833674549
1.2351231148954867E-15 -0.24904864327656967
-5.585809592645319E-16 0.12554597701664935
-6.04307185889108E-17 3.449559952288376E-4
-4.9337975111668486E-17 2.3320876054603912E-4
-4.848416590083615E-17 1.6576865443451247E-4
2.9971752618825065E-16 1.224665120811547E-4
-3.0355966763699616E-16 9.328504925847368E-5
-5.655198531684391E-16 0.075072841880435
1.2281842209915794E-15 -0.14994194200647548
-4.3021142204224816E-16 0.07504707964356519
-1.2786639965161467E-16 3.8742299487597525E-5
-1.1590798850227846E-17 3.228765335509157E-5
-3.0775417479179945E-16 2.7206511687534246E-5
6.598234193180494E-16 2.314774737836561E-5
-4.3638713926067926E-16 1.9863543675946964E-5
1.1489409006441506E-16 1.717538285604224E-5
1.3552950672542433E-17 1.4952311276838235E-5
-8.859752870043168E-17 1.3096695230840486E-5
9.619626127025001E-17 1.153467362655946E-5
7.427589562825597E-17 1.0209628218416273E-5
-4.0977632867326454E-16 9.077635473068716E-6
6.662950686724275E-16 8.104245829245283E-6
-4.730878063157872E-16 7.2621683035857474E-6
3.639086475464969E-17 6.529582807402869E-6
1.3530851285101662E-16 5.888894310655815E-6
-3.648021084871726E-16 5.325802364990449E-6
7.426708648560452E-16 4.828598596304722E-6
-6.248450878820646E-16 4.387630980025288E-6
4.4853994447141034E-17 3.994891469326954E-6
3.0135695845766135E-16 3.6436957918039355E-6
1.2910052665576419E-17 3.328432792728532E-6
-2.012164882685217E-16 3.044366705420145E-6
-2.0916843357734506E-16 2.787480055078289E-6
5.396053036636674E-16 2.554347994586316E-6
-1.2392600238098767E-16 2.3420371300662494E-6
-5.017560599320826E-16 2.1480235838857094E-6
6.116712903325369E-16 1.970126234947691E-6
-6.005141723513033E-16 1.8064520254227782E-6
4.404435800450801E-16 1.6553509265183557E-6
1.214306433183765E-16 1.5153786463960317E-6
-4.579669976578771E-16 1.3852656115115325E-6
2.7755575615628914E-16 1.263891030538894E-6
4.628594599612179E-16 1.1502610940117546E-6
-8.484864557917887E-16 1.0434905816946457E-6
4.9351527638824555E-16 9.4278724341435E-7
-2.1625767582938993E-16 8.474384813480872E-7
-1.6528662119541515E-16 7.567999240367632E-7
3.3306690738754696E-16 6.702855800920504E-7
-2.0816681711721685E-16 5.873592711681808E-7
-5.48172618408671E-16 5.07527162085103E-7
1.6499388660884406E-15 4.3033116198712266E-7
-1.2667818183320634E-15 3.553430681971746E-7
4.475586568020162E-16 2.821593022995367E-7
-3.95516952522712E-16 2.1039612781333095E-7
3.625572064791527E-16 1.3968524826667855E-7
-4.786210490437259E-16 6.966971117925618E-8
6.765421556309548E-16 0.0
-0.003719328621960125 0.0
-0.007295614341020992 0.00787573970507739
-0.10454751320707979 0.14277947974752564
0.28615208848966855 -0.3945066152975399
-0.191076182371752 0.2625803171925152
0.013536344930885777 -0.018909821337018715
0.0027996171961012953 -0.004050017419760417
0.0010243409605740078 0.12344613451491626
4.8031807898499257E-4 -0.2507696637569686
2.5997790064130957E-4 0.1245582953149928
1.5470518935529082E-4 -2.7907526245153223E-4
9.851645123927135E-5 -1.8866985051881735E-4
6.602721255891209E-5 -1.3410965857226973E-4
4.6063625847709997E-5 -9.9077489515807E-5
3.3194369619631215E-5 -7.546919017078422E-5
2.4569733157283474E-5 0.07494106968082524
1.8600635874957416E-5 -0.15004696990342004
1.435572539524449E-5 0.07496191176826626
1.1265989851785334E-5 -3.13431786860826E-5
8.971324665004322E-6 -2.6121260272964127E-5
7.236825014538492E-6 -2.201053031320525E-5
5.90516531725729E-6 -1.8726921010069083E-5
4.86851029454246E-6 -1.6069944402451E-5
4.051414810892889E-6 -1.3895176616412162E-5
3.4001193808821563E-6 -1.20966739271495E-5
2.875681304140664E-6 -1.0595449012124863E-5
2.4494681903578304E-6 -9.331746987803631E-6
2.1001417681614935E-6 -8.259762735563655E-6
1.8116022763990325E-6 -7.3439613668603925E-6
1.571564238328869E-6 -6.556472602022258E-6
1.3705547185754449E-6 -5.8752175736496355E-6
1.2011989116444142E-6 -5.282543457097639E-6
1.0577040991926329E-6 -4.7642155757976496E-6
9.354824983289308E-7 -4.308664622107618E-6
8.308725488763619E-7 -3.906418322885357E-6
7.409308658263512E-7 -3.5496680277261946E-6
6.632754502102043E-7 -3.2319350901687556E-6
5.959664687260284E-7 -2.947811817486761E-6
5.374148503895625E-7 -2.692758694029979E-6
4.863116594978787E-7 -2.4629444019162882E-6
4.4157311085145743E-7 -2.255118735852523E-6
4.022974852149397E-7 -2.0665109376309496E-6
3.677311264665965E-7 -1.8947478389761385E-6
3.372414499422829E-7 -1.7377875835104873E-6
3.102954019634042E-7 -1.5938656061812592E-6
2.8644215733800496E-7 -1.4614503872628496E-6
2.652991577304465E-7 -1.3392070312680466E-6
2.4654080451810834E-7 -1.2259670785184917E-6
2.2988921783567706E-7 -1.120703420752489E-6
2.1510672354452254E-7 -1.0225093230870064E-6
2.0198964083542144E-7 -9.305807728795016E-7
1.9036318968517776E-7 -8.442016138577065E-7
1.8007727365493118E-7 -7.62730902473145E-7
1.7100299703181403E-7 -6.855921325582206E-7
1.6302974416685138E-7 -6.122640006053532E-7
1.560628044051937E-7 -5.422724249116995E-7
1.5002133874064683E-7 -4.7518363235216077E-7
1.4483674304344163E-7 -4.1059809913202017E-7
1.404512676935507E-7 -3.4814522287740166E-7
1.3681688166883484E-7 -2.8747858177259264E-7
1.3389436516464404E-7 -2.2827167011837957E-7
1.3165256793762348E-7 -1.702140429264698E-7
1.3006782541638562E-7 -1.130077402879473E-7
1.2912353827479591E-7 -5.636397995982035E-8
1.288098638915075E-7 0.0
0.006018000125662252 0.0
0.011804551972583484 -0.0030082648807928944
0.16916142980833293 -0.05453690836752715
-0.46300380512805117 0.15068811825698084
0.3091677575180684 -0.10029675639081236
-0.021902266181616017 0.00722290902955368
-0.0045298757787799 0.0015469689993183409
-0.0016574184902795018 0.1255935238013574
-7.771709772052826E-4 -0.24970601460474778
-4.2065307956254405E-4 0.1251687161766833
-2.503182546140559E-4 1.0659726483722531E-4
-1.5940296655504442E-4 7.206547024554932E-5
-1.0683427410334269E-4 5.122533135507856E-5
-7.45325122669458E-5 3.784423347527081E-5
-5.370961827933224E-5 2.882666554110454E-5
-3.975466334499647E-5 0.07502250937895738
-3.0096461053903678E-5 -0.1499820590933418
-2.322805162451036E-5 0.07501454840995066
-1.822875449757019E-5 1.1972028942866651E-5
-1.4515908231935014E-5 9.977433595558583E-6
-1.1709428843955372E-5 8.407274468464696E-6
-9.554758191756149E-6 7.153047322080573E-6
-7.877415133395097E-6 6.138172563458559E-6
-6.555326865955037E-6 5.307485187862618E-6
-5.501508722353944E-6 4.6205182903099185E-6
-4.652950091430565E-6 4.047101395610402E-6
-3.96332278705313E-6 3.564410175183092E-6
-3.398100762693576E-6 3.1549486271840602E-6
-2.9312340560258462E-6 2.8051436280553645E-6
-2.5428443531619577E-6 2.5043496890906288E-6
-2.2176041191565215E-6 2.2441334212510998E-6
-1.9435806654634756E-6 2.0177520538133253E-6
-1.7114011828713721E-6 1.819768419664831E-6
-1.5136424783445761E-6 1.6457634397462701E-6
-1.344380023507533E-6 1.492119025595973E-6
-1.1988513246400375E-6 1.355852537639983E-6
-1.0732022222148094E-6 1.2344893546085952E-6
-9.642940034608221E-7 1.1259639223080653E-6
-8.695554930368118E-7 1.0285422967677114E-6
-7.868687945213933E-7 9.407610500909804E-7
-7.144803015024321E-7 8.613787078933498E-7
-6.509310051832296E-7 7.893369403163841E-7
-5.950014614718496E-7 7.237292743710678E-7
-5.456681281428904E-7 6.637757920541658E-7
-5.020685068714746E-7 6.088024874516348E-7
-4.634731463957E-7 5.582243751891196E-7
-4.292630546962241E-7 5.115315673821651E-7
-3.9891140100889455E-7 4.6827775539159955E-7
-3.71968567787484E-7 4.2807061579469563E-7
-3.4804999118898117E-7 3.9056380746541053E-7
-3.2682610292801863E-7 3.554502256634449E-7
-3.0801411109348734E-7 3.224563238121631E-7
-2.9137115052436934E-7 2.913372796327246E-7
-2.766886599540258E-7 2.6187289244487897E-7
-2.637876681612603E-7 2.3386403828762337E-7
-2.5251492169475753E-7 2.071296348396534E-7
-2.427396249213287E-7 1.8150399681837737E-7
-2.3435077446329333E-7 1.5683451864631492E-7
-2.2725492301897988E-7 1.3297964147191126E-7
-2.2137436527912974E-7 1.0980704767942634E-7
-2.1664563422613484E-7 8.719201895907025E-8
-2.1301832899521533E-7 6.501597930863579E-8
-2.1045416265220128E-7 4.3165115676258026E-8
-2.0892627382678689E-7 2.1529124714805923E-8
-2.0841873772138586E-7 0.0
-0.006018000125662858 0.0
-0.011804551972582544 -0.0030082648807924573
-0.16916142980833418 -0.05453690836752712
0.46300380512805217 0.15068811825698022
-0.309167757518069 -0.10029675639081154
0.021902266181616302 0.0072229090295533194
0.0045298757787795955 0.0015469689993185323
0.0016574184902784332 0.12559352380135694
7.771709772081553E-4 -0.24970601460474673
4.2065307956117015E-4 0.12516871617668215
2.5031825461353807E-4 1.0659726483742419E-4
1.5940296655552749E-4 7.206547024603755E-5
1.0683427410292838E-4 5.122533135519564E-5
7.45325122669195E-5 3.7844233474392325E-5
5.370961828021737E-5 2.8826665542882875E-5
3.975466334219316E-5 0.07502250937895569
3.0096461057366186E-5 -0.14998205909334147
2.3228051623722795E-5 0.0750145484099505
1.8228754496755572E-5 1.1972028943500554E-5
1.4515908232468477E-5 9.977433595112644E-6
1.1709428843227345E-5 8.407274468683576E-6
9.554758193705502E-6 7.153047321482913E-6
7.877415131227279E-6 6.138172564701043E-6
6.5553268655130725E-6 5.307485187421936E-6
5.5015087236918414E-6 4.620518289285547E-6
4.652950091544212E-6 4.047101396568185E-6
3.963322786409154E-6 3.5644101755347576E-6
3.3981007633793717E-6 3.154948625322455E-6
2.931234056362674E-6 2.8051436306364764E-6
2.5428443524704645E-6 2.504349687464897E-6
2.2176041187225272E-6 2.2441334210202706E-6
1.943580665800237E-6 2.0177520550795497E-6
1.7114011828037179E-6 1.8197684193144168E-6
1.5136424781153938E-6 1.6457634388733286E-6
1.3443800244650911E-6 1.4921190260480683E-6
1.1988513241254878E-6 1.355852537809574E-6
1.0732022223247708E-6 1.2344893547293338E-6
9.64294002756445E-7 1.1259639220021202E-6
8.695554944065536E-7 1.028542298076992E-6
7.868687933333886E-7 9.40761048283577E-7
7.144803016029203E-7 8.613787087693996E-7
6.509310057939842E-7 7.893369393309077E-7
5.950014609468185E-7 7.237292750877852E-7
5.456681286178903E-7 6.637757919212768E-7
5.020685065502764E-7 6.088024871272627E-7
4.6347314611660815E-7 5.58224376147423E-7
4.2926305584995244E-7 5.115315682003783E-7
3.989113990382487E-7 4.682777537678984E-7
3.71968569029546E-7 4.28070615572651E-7
3.4804999081775034E-7 3.905638078678664E-7
3.268261037798619E-7 3.5545022634402063E-7
3.080141103508453E-7 3.2245632292837907E-7
2.9137115098108103E-7 2.913372796887643E-7
2.7668865914273424E-7 2.618728935527574E-7
2.63787668642137E-7 2.3386403657951028E-7
2.525149215594491E-7 2.0712963652060046E-7
2.427396248241842E-7 1.8150399615918245E-7
2.3435077452921282E-7 1.568345176809413E-7
2.2725492395764485E-7 1.3297964307566312E-7
2.2137436431700873E-7 1.0980704647813033E-7
2.1664563440437767E-7 8.7192019694593E-8
2.1301832885817218E-7 6.501597875352427E-8
2.1045416241996517E-7 4.31651155045204E-8
2.0892627496869572E-7 2.152912501247363E-8
2.0841873613758333E-7 0.0
0.0037193286219613653 0.0
0.007295614341020533 0.007875739705077016
0.10454751320708 0.14277947974752617
-0.28615208848966955 -0.3945066152975396
0.19107618237175275 0.2625803171925146
-0.013536344930885914 -0.01890982133701873
-0.0027996171961007683 -0.004050017419760145
-0.0010243409605764087 0.1234461345149156
-4.8031807898123863E-4 -0.2507696637569679
-2.599779006431692E-4 0.12455829531499282
-1.5470518935507263E-4 -2.7907526245161463E-4
-9.851645123917614E-5 -1.88669850519135E-4
-6.602721255917299E-5 -1.3410965857239542E-4
-4.6063625847596115E-5 -9.907748951507739E-5
-3.319436962063531E-5 -7.546919017174043E-5
-2.4569733157231433E-5 0.07494106968082663
-1.8600635872070836E-5 -0.15004696990342126
-1.4355725397444119E-5 0.07496191176826657
-1.1265989851388703E-5 -3.1343178686129005E-5
-8.971324665223853E-6 -2.612126027245911E-5
-7.236825014158821E-6 -2.201053031394136E-5
-5.905165317027771E-6 -1.8726921009325192E-5
-4.86851029749471E-6 -1.6069944403905554E-5
-4.051414807361742E-6 -1.3895176614483982E-5
-3.400119381401469E-6 -1.2096673928234433E-5
-2.8756813045176292E-6 -1.059544901198131E-5
-2.4494681907839887E-6 -9.331746987860359E-6
-2.1001417681641604E-6 -8.25976273613356E-6
-1.811602276813092E-6 -7.343961365201804E-6
-1.5715642371521048E-6 -6.55647260266701E-6
-1.3705547197572562E-6 -5.8752175742346464E-6
-1.2011989100761018E-6 -5.282543457220338E-6
-1.057704100082546E-6 -4.764215575311927E-6
-9.354824996472117E-7 -4.308664622187985E-6
-8.308725467399335E-7 -3.9064183229387655E-6
-7.409308663922206E-7 -3.549668027986876E-6
-6.632754508291525E-7 -3.2319350896066764E-6
-5.959664682669757E-7 -2.9478118177132152E-6
-5.374148511858368E-7 -2.692758694654894E-6
-4.863116583323809E-7 -2.4629444005766836E-6
-4.415731107448022E-7 -2.255118737191013E-6
-4.0229748656424754E-7 -2.066510936366779E-6
-3.6773112578581113E-7 -1.8947478399182475E-6
-3.372414495233112E-7 -1.7377875834991532E-6
-3.102954027824563E-7 -1.5938656053197945E-6
-2.864421560701364E-7 -1.4614503883180976E-6
-2.652991603500365E-7 -1.3392070316522895E-6
-2.465408013609116E-7 -1.2259670765825403E-6
-2.298892188279389E-7 -1.1207034221055734E-6
-2.151067241031035E-7 -1.0225093225214865E-6
-2.0198964141102268E-7 -9.305807733257685E-7
-1.9036318832127175E-7 -8.442016137096731E-7
-1.8007727499337877E-7 -7.627309026682641E-7
-1.7100299470346615E-7 -6.855921318737054E-7
-1.6302974653343433E-7 -6.122640007604074E-7
-1.5606280313190668E-7 -5.422724255656902E-7
-1.500213392124916E-7 -4.7518363235216077E-7
-1.4483674380671996E-7 -4.1059809870874764E-7
-1.4045126724268522E-7 -3.481452230107585E-7
-1.3681688066117734E-7 -2.87478581463595E-7
-1.3389436647956443E-7 -2.2827167060757159E-7
-1.3165256706332285E-7 -1.7021404260381123E-7
-1.3006782509979858E-7 -1.130077400181978E-7
-1.2912353954914004E-7 -5.6363980650402925E-8
-1.2880986263730243E-7 0.0
5.993469609499869E-16 0.0
-3.4515576161076034E-16 -0.009734949648570078
-4.2674197509029455E-16 -0.17648514275999563
7.632783294297951E-16 0.4876369940811167
2.42861286636753E-16 -0.32456712160340484
-6.188626000547259E-16 0.02337382461493182
3.361026734705064E-17 0.00500609684088126
-1.2628786905111156E-15 0.1269206833674548
2.42861286636753E-15 -0.24904864327656967
-9.332812300755222E-16 0.12554597701664946
-3.89797786062851E-16 3.4495599522895755E-4
-3.209441718464434E-16 2.3320876054536472E-4
1.1718328130766453E-15 1.6576865443490322E-4
-7.597885536871074E-16 1.2246651208133461E-4
9.720719509279802E-16 9.32850492586451E-5
-2.6680047060523293E-15 0.07507284188043442
2.942091015256665E-15 -0.1499419420064751
-1.457167719820518E-15 0.07504707964356486
1.1464082721318603E-16 3.874229948810691E-5
3.687812045755773E-16 3.228765335432664E-5
5.501733102300857E-17 2.7206511688193187E-5
-6.069668693434865E-17 2.3147747378280365E-5
8.281085371467448E-16 1.9863543675263473E-5
-2.0790898028807264E-15 1.717538285621308E-5
1.1320104060944317E-15 1.4952311277879576E-5
-1.9879820920411066E-16 1.3096695229656145E-5
3.6153144958002773E-16 1.1534673626990914E-5
-5.151084755543626E-16 1.0209628218580103E-5
1.0877533581168681E-16 9.077635472714046E-6
3.0931525651358913E-16 8.10424582958563E-6
3.903396753908569E-16 7.262168303312981E-6
-6.866483704224418E-16 6.529582807128491E-6
-2.1597299103428681E-16 5.888894311582157E-6
-1.0365036296432466E-18 5.325802364435794E-6
1.1623185154966114E-15 4.828598596555387E-6
-7.45497202042796E-16 4.387630979725522E-6
-1.0109465280422163E-16 3.99489146934304E-6
2.761638692657135E-16 3.643695791741379E-6
4.0221571258607265E-16 3.3284327934063E-6
-9.46154436807893E-16 3.0443667047482142E-6
1.2120702662030136E-16 2.7874800555306367E-6
3.858171547272294E-16 2.554347994357527E-6
-2.0014541510671863E-16 2.342037129605638E-6
7.159579867984864E-16 2.1480235839027873E-6
-1.077529246927035E-15 1.9701262358140194E-6
2.7777767878846976E-16 1.806452024480249E-6
1.4670949459623384E-15 1.6553509271637982E-6
-1.8006429680639258E-15 1.515378645792348E-6
5.551115123125783E-17 1.3852656126703278E-6
4.718447854656915E-16 1.263891029779085E-6
-2.386904964044728E-16 1.1502610932216999E-6
8.017302371033513E-16 1.0434905827188643E-6
-8.977803851902E-16 9.427872439494342E-7
7.896176659576148E-16 8.474384793052538E-7
-4.599998767312874E-16 7.567999254431021E-7
1.0061396160665481E-16 6.702855802984825E-7
-3.3306690738754696E-16 5.873592714665532E-7
3.2959746043559335E-16 5.075271614163671E-7
-2.2302038688026826E-16 4.3033116183579514E-7
3.135512682828079E-16 3.5534306850346174E-7
-4.475586568020162E-16 2.821593023533131E-7
3.5388358909926865E-16 2.103961272157187E-7
-5.516420653606247E-16 1.3968524914152129E-7
9.568084172184577E-16 6.966971120671529E-8
-1.0868042576994696E-15 0.0
-0.003719328621960243 0.0
-0.007295614341021118 0.007875739705076953
-0.10454751320707935 0.14277947974752658
0.2861520884896668 -0.39450661529754116
-0.19107618237174978 0.2625803171925162
0.013536344930885394 -0.018909821337019458
0.0027996171961005476 -0.004050017419759932
0.0010243409605741327 0.12344613451491607
4.8031807898566564E-4 -0.2507696637569681
2.599779006407267E-4 0.12455829531499235
1.5470518935520785E-4 -2.79075262451521E-4
9.851645123791047E-5 -1.8866985051932777E-4
6.602721256199475E-5 -1.3410965857224306E-4
4.606362584661364E-5 -9.907748951484149E-5
3.3194369618671466E-5 -7.54691901709661E-5
2.4569733157474294E-5 0.07494106968082535
1.86006358758109E-5 -0.15004696990342098
1.4355725394502028E-5 0.07496191176826737
1.1265989852499898E-5 -3.134317868702236E-5
8.971324663436735E-6 -2.6121260272879156E-5
7.236825016402746E-6 -2.201053031310382E-5
5.9051653166540346E-6 -1.872692100940404E-5
4.868510294186147E-6 -1.6069944402566222E-5
4.051414811075174E-6 -1.3895176616593046E-5
3.4001193809837456E-6 -1.209667392775555E-5
2.8756813035596794E-6 -1.05954490114085E-5
2.4494681912870967E-6 -9.331746988547983E-6
2.1001417679130465E-6 -8.259762734736981E-6
1.8116022767305953E-6 -7.3439613669814115E-6
1.571564237168225E-6 -6.556472602240845E-6
1.370554719552067E-6 -5.875217573192834E-6
1.2011989108368072E-6 -5.282543458107193E-6
1.0577041001606086E-6 -4.764215575301519E-6
9.354824971312625E-7 -4.308664621677465E-6
8.308725496033397E-7 -3.906418323570536E-6
7.409308663189755E-7 -3.549668027723622E-6
6.63275449627874E-7 -3.2319350891871062E-6
5.959664691526567E-7 -2.947811818725417E-6
5.374148495821142E-7 -2.692758692672698E-6
4.863116600722681E-7 -2.4629444022758224E-6
4.415731102225124E-7 -2.255118736618168E-6
4.022974856626483E-7 -2.0665109369320593E-6
3.6773112719422744E-7 -1.8947478393807644E-6
3.3724144922184876E-7 -1.7377875841460128E-6
3.1029540208949863E-7 -1.5938656047849728E-6
2.86442156619015E-7 -1.4614503885521337E-6
2.652991582607095E-7 -1.3392070294346776E-6
2.4654080457708893E-7 -1.2259670801907652E-6
2.298892180160883E-7 -1.1207034206067723E-6
2.1510672313859724E-7 -1.0225093222786252E-6
2.019896424135048E-7 -9.305807731402895E-7
1.9036318762254072E-7 -8.442016149908435E-7
1.8007727528543573E-7 -7.627309010120538E-7
1.7100299475802185E-7 -6.855921333850264E-7
1.6302974551635105E-7 -6.122639991086798E-7
1.5606280466887168E-7 -5.422724271685747E-7
1.500213381994131E-7 -4.7518363126622387E-7
1.448367442161147E-7 -4.105980992040112E-7
1.4045126677414725E-7 -3.4814522289615835E-7
1.3681688152853907E-7 -2.874785816598356E-7
1.3389436570240831E-7 -2.282716701287879E-7
1.3165256716740625E-7 -1.7021404270789464E-7
1.3006782544761064E-7 -1.1300774065310659E-7
1.291235399511622E-7 -5.636397983383606E-8
1.2880986142126127E-7 0.0
-0.05809668478227376 0.0
-0.007939934845306938 -0.0629665387056114
0.21703799855511705 -0.09034258892801761
-0.4190256741606024 0.1811858371053697
0.2953723185451176 -0.05784915199952163
-0.056750615746738876 0.003574179149053121
-0.0038992916177238873 -0.02643576487523919
0.02387166882450558 0.12539399976935128
0.0027751768636948768 -0.22461268573467819
-0.022499273969789808 0.1341466847845229
-0.012522555193034905 -0.015257622433006133
0.008093726463398836 -0.010615988802337818
0.005518655221619056 0.004724983386570198
-0.005777145323121993 8.224157384497546E-4
9.400417815298176E-4 -0.009449146130720947
0.01308413363067534 0.07413493727747515
0.0050935177427731335 -0.13559260205415524
-0.012535851926212576 0.08443224807531131
-0.011704478774865452 -0.008485103581550225
0.004409709481523077 -0.011290466860159528
0.00932205774492384 0.0019197157788581796
-0.0010722178735592333 0.007396111090390364
-0.006230234803372696 -9.33251585800385E-4
7.79274936198913E-4 -0.005569633027584427
0.0049968909245302826 5.477766278852206E-4
-4.1419883573360424E-4 0.004443991421494865
-0.004017063575014337 -3.7921876041470035E-4
3.3473440033578617E-4 -0.003708741736017355
0.003430634244252324 2.6372102358526733E-4
-2.188942028830525E-4 0.0031630651163504385
-0.0029423656984602625 -2.048509730937313E-4
1.8451520401438224E-4 -0.002767942252784846
0.002606295354169957 1.5266855477406174E-4
-1.3244439278003528E-4 0.0024507885563400753
-0.0023187173897392466 -1.2549551454998017E-4
1.142273805091017E-4 -0.0022094828425099147
0.002106536739044029 9.701836456804781E-5
-8.626139405445089E-5 0.002007435558519359
-0.001921946601947966 -8.234870875083061E-5
7.539467067339521E-5 -0.001849410605058965
0.0017803578597069202 6.498076855809246E-5
-5.8572979187396484E-5 0.001713862230537346
-0.001656026079284511 -5.6134462121923846E-5
5.1524226838365315E-5 -0.00160628652921249
0.0015587117552506116 4.470333514211642E-5
-4.051560353276389E-5 0.001512932494888518
-0.0014730134444228115 -3.884221323438261E-5
3.5617935104804294E-5 -0.0014385643346823754
0.0014056481830069592 3.0863971760955455E-5
-2.787658606337104E-5 0.0013740614907107006
-0.0013466255398462382 -2.6605277120338687E-5
2.4248486499607678E-5 -0.0013231548883702346
0.001300941553642617 2.0748747387486167E-5
-1.84150691888269E-5 0.0012797691418205636
-0.0012616450938545357 -1.7338570411849687E-5
1.554438563787161E-5 -0.0012466076629517459
0.0012327615700765335 1.2824509486628055E-5
-1.0817221961664097E-5 0.0012197823783360443
-0.001209114278489657 -9.80166484862541E-6
8.376772847955597E-6 -0.0012010408149160786
0.00119423814688447 6.13337684471707E-6
-4.228666451892155E-6 0.0011882090323271574
-0.0011839897093696753 -3.1727907270837075E-6
1.983850836663817E-6 -0.0011821431690415233
0.0011817711055843796 0.0
-0.06411468490793593 0.0
-0.019744486817890414 0.059958273824819136
0.047876568746784164 0.03580568056048923
0.043978130967449514 -0.030497718848386396
-0.013795438972951546 -0.04244760439129311
-0.03484834956512365 0.0036487298805007104
6.305841610566706E-4 0.027982733874558408
0.025529087314784947 1.9952403200603885E-4
0.0035523478409005705 -0.02509332887006923
-0.02207862089022706 -0.00897796860783965
-0.012272236938421742 0.015364219697841627
0.008253129429955756 0.010688054272585625
0.005625489495719816 -0.00467375805521539
-0.005702612810854364 -7.845715049756587E-4
9.937513998106364E-4 0.009477972796262085
0.013123888294018747 8.875721014830321E-4
0.0051236142038275 -0.01438945703918653
-0.012512623874587701 -0.009417699665360631
-0.01168625002036738 0.008497075610491893
0.004424225389753856 0.011300444293755122
0.009333767173767167 -0.0019113085043873785
-0.0010626631153661276 -0.007388958043069982
-0.0062223573882388816 9.393897583630887E-4
7.858302630632825E-4 0.005574940512773583
0.005002392433253543 -5.431561095953579E-4
-4.0954588564226643E-4 -0.004439944320098579
-0.004013100252226245 3.827831705893032E-4
3.381325010959047E-4 0.0037118966846428052
0.0034335654783107777 -2.6091587995422463E-4
-2.1635135853141874E-4 -0.0031605607666634916
-0.0029401480943407493 2.0709510651590308E-4
1.8645878468026344E-4 0.0027699600048388096
0.0026080067553520894 -1.508487863542928E-4
-1.3093075030063198E-4 -0.0024491427928995837
-0.002317373009716264 1.269876335737181E-4
1.1542623183333934E-4 0.0022108386950478462
0.0021076099412672463 -9.578387521263761E-5
-8.529710005262999E-5 -0.002006309594597421
-0.0019210770464523946 8.3377251047829E-5
7.61815394654243E-5 0.0018503513661090726
0.001781072340009384 -6.411938985067568E-5
-5.792204818184086E-5 -0.0017130728935962278
-0.0016554310778232949 5.685819139540551E-5
5.206989496603061E-5 0.001606950305005018
0.0015592138237586714 -4.4094532655234754E-5
-4.005213038826014E-5 -0.0015123742705121027
-0.0014725841813661461 3.9353744800729555E-5
3.601684650485649E-5 0.0014390326124387827
0.001406020151575118 -3.043590114607149E-5
-2.752853607325325E-5 -0.0013736709269031363
-0.0013462987137412544 2.6960727346427796E-5
2.4556500608355456E-5 0.001323477344693039
0.0013012329247954965 -2.0457410106664324E-5
-1.8138380531621413E-5 -0.0012795072689289052
-0.0012613813061852549 1.75724344505827E-5
1.579690056053738E-5 0.0012468147925871293
0.001233004309700714 -1.2643005490230782E-5
-1.0582871187398563E-5 -0.0012196255438180936
-0.0012088870235649916 9.934644490936602E-6
8.598147210803512E-6 0.0012011506219624232
0.0011944547925205554 -6.046184823994653E-6
-4.015648124170877E-6 -0.0011881440163490327
-0.001183779255206894 3.2159558435496984E-6
2.1927771111853334E-6 0.0011821646981654845
0.0011819795243217038 0.0
