0.0398224453086167 0.0
-0.03984293596087109 -1.5070410197548512E-17
0.041279739986482156 3.0574501264091225E-17
-0.042759141305966405 5.204170427930421E-18
0.04655942571176106 4.7704895589362195E-18
-0.05040748461631546 -4.2934406030425976E-17
0.06051382842157225 -4.85722573273506E-17
-0.07067780431635891 7.979727989493313E-17
0.1234178831540582 -1.734723475976807E-18
-0.1762325256858091 0.1250000000000001
0.016938088668954944 -0.2500000000000001
0.14225290397811013 0.12499999999999993
-0.08916391711907892 6.418476861114186E-17
0.03592025683592545 2.688821387764051E-17
-0.025060699847859105 -3.0791341698588326E-17
0.013948461142737898 2.0383000842727483E-17
-0.008853150444492903 -1.8865117801247777E-17
0.003293914388068746 1.3552527156068805E-17
2.827438516830581E-4 4.9873299934333204E-18
-0.004873895875362713 -1.3660947373317356E-17
0.008579596660552458 -1.5178830414797062E-17
-0.015320293889362655 3.7730235602495554E-17
0.02159614251658143 -3.122502256758253E-17
-0.04909569504084078 -4.163336342344337E-17
0.07632642681824106 -0.06250000000000001
0.0025434536878540664 0.1250000000000001
-0.08157778186461137 -0.06250000000000003
0.05450643873518139 -1.9081958235744878E-17
-0.027537710738558423 -4.7704895589362195E-17
0.021787528519278235 -1.9949319973733282E-17
-0.016099301290923494 1.1535911115245767E-16
0.013440709337420913 -2.862293735361732E-17
-0.01081377379464601 -6.765421556309548E-17
0.00919565370617927 0.0
-0.007582539410269385 2.233456475320139E-17
0.006427224438680547 8.239936510889834E-18
-0.00524805448913132 -1.5612511283791264E-17
0.004314837635308045 4.2825985813177425E-18
-0.0033187362061326514 1.6940658945086007E-17
0.002469787284819881 -1.7381116077658243E-17
-0.001493044014153991 2.710505431213761E-19
6.111929120955715E-4 -1.577514160966409E-17
5.297852451977271E-4 5.399326818977812E-17
-0.0016060920673714573 -2.8189256484623115E-17
0.0032753741011269646 -2.190088388420719E-17
-0.004898665542090385 4.5102810375396984E-17
0.00832995728083527 8.673617379884035E-19
-0.01172741986984923 -1.6046192152785466E-17
0.027848251306249266 -6.938893903907228E-18
-0.043943506048858216 0.03750000000000002
-0.0036307514562669025 -0.0750000000000001
0.05122479239180909 0.03750000000000008
-0.03516319888665449 8.673617379884035E-19
0.019117205152106614 3.0357660829594124E-17
-0.015808987269445584 -2.8406096919120216E-17
0.012513274610488602 -8.348356728138384E-18
-0.011041072150170078 6.494371013188172E-17
0.00957903843443797 -3.0357660829594124E-17
-0.008727262219045838 -4.1362312880321994E-17
0.007883858932096267 4.141652298894627E-17
-0.007319469208719994 -5.719166459861036E-18
0.006762050476262467 -2.5383883363316873E-17
-0.006356005238915407 4.0427188506553247E-17
0.005955821402589994 -1.0475256458693932E-17
-0.0056472811658971524 -2.0816681711721716E-17
0.005343713345318957 -4.501980114656606E-18
-0.005100051146551326 -1.7245590806097555E-17
0.00486064132122907 1.8580514730970332E-17
-0.0046626787207243 5.0659346509385195E-17
0.004468379555431125 -1.9705374484924043E-17
-0.004304039659689708 -3.65376132127615E-17
0.004142877228198531 3.1712913545201005E-17
-0.004004136446523908 9.215718466126788E-18
0.003868168912297308 -1.8106176280507924E-17
-0.0037494633777796086 7.589415207398531E-18
0.003633192434306407 -3.0357660829594124E-18
-0.0035305268985942537 2.949029909160572E-17
0.003430010354460132 -6.938893903907228E-18
-0.003340431803945774 -8.326672684688674E-17
0.003252759947418001 2.0816681711721685E-17
-0.00317403215246604 1.0408340855860843E-17
0.003097004372035418 2.211772431870429E-17
-0.0030273987588844767 9.540979117872439E-18
0.002959315993359315 9.107298248878237E-18
-0.002897472751573795 -3.5128150388530344E-17
0.002836999812234009 4.3042826247674526E-17
-0.0027818329749260593 -3.2526065174565133E-19
0.0027279045695139514 -4.3747557659790104E-17
-0.0026785355058537453 -5.421010862427522E-19
0.0026302904708190174 1.6927106417929938E-17
-0.0025860002525433024 -9.974659986866641E-18
0.002542734504153257 1.4365678785432934E-17
-0.0025029291215739715 4.119968255444917E-18
0.0024640613375231423 -2.5587171270657905E-17
-0.002428245857428 2.2551405187698492E-17
0.0023932920082956107 -1.452830911130576E-17
-0.002361051078308531 -2.1250362580715887E-17
0.0023296052337355 1.0842021724855044E-17
-0.002300588172107877 2.0383000842727483E-17
0.002272307836090388 -1.8214596497756474E-17
-0.0022462170888514653 6.938893903907228E-18
0.002220811857897449 -1.5612511283791264E-17
-0.0021973939660617434 -7.112366251504909E-17
0.002174616662034074 1.734723475976807E-16
-0.0021536551259009346 -9.367506770274758E-17
0.0021332947976829917 -1.5612511283791264E-17
-0.002114604393664701 -8.673617379884035E-19
0.0020964807486557177 5.4643789493269423E-17
-0.002079902972042205 -2.42861286636753E-17
0.002063861915279528 -2.0599841277224584E-17
-0.0020492613062330816 -1.360673726469308E-17
0.002035171347940783 -1.0272815584300155E-17
-0.00202243251854459 1.5395670849294163E-17
0.0020101818707283364 -1.734723475976807E-18
-0.0019992070951669466 2.47198095326695E-17
0.001988701321602983 -1.1275702593849246E-17
-0.0019794085843671864 1.734723475976807E-17
0.001970568700722597 1.7520707107365752E-16
-0.001962890122386842 -4.2327252813834093E-16
0.0019556510675390274 2.185751579730777E-16
-0.001949531646454685 -2.949029909160572E-17
0.001943841064619326 2.949029909160572E-17
-0.0019392376874410942 0.0
0.0019350549750943278 -4.90059381963448E-17
-0.001931935660543329 3.209238430557093E-17
0.0019292312434583527 1.5395670849294163E-17
-0.0019275745930267048 -3.2959746043559335E-17
0.0019263294079308912 2.927345865710862E-17
-0.0019261242449426508 0.0
1.0243000024556803E-16 0.0
-4.959551042972957E-17 -2.519992195334045E-17
-2.0160731324677436E-17 1.137482742448991E-16
9.38512015821438E-17 -1.2214762805814823E-16
-1.7713940858641597E-16 1.3198225071265715E-16
3.60193098206511E-17 -1.5440336426324685E-16
1.1496575867921783E-16 9.158548211576068E-17
-4.3786117092873726E-17 -2.0647270320069422E-16
4.9480500519070994E-17 1.5675888614246895E-16
2.8102520310824275E-16 0.2500000000000002
-5.828670879282072E-16 -0.5000000000000003
1.5959455978986625E-16 0.24999999999999994
5.812298277012985E-17 -2.7515523943158713E-17
1.0455843147746763E-16 1.819182858193191E-17
-9.840712101788832E-17 -5.1101668998604124E-17
1.0071042654335416E-16 7.743264676790355E-17
-3.3045243544960656E-17 1.9702561571123007E-17
-4.113185936354757E-17 -9.361104840062149E-18
-3.897534777096269E-17 -3.0701986474604525E-17
1.4611400815403834E-17 -3.543549837045853E-17
7.977524721196655E-17 2.994945223617774E-17
1.7631066381448258E-19 2.2861553848575597E-17
-9.732384649152683E-17 7.624127617471025E-18
2.2516306791696997E-17 -3.5330714303788904E-17
-1.3877787807814457E-17 0.1250000000000001
1.5959455978986625E-16 -0.25000000000000033
-2.0816681711721685E-16 0.12500000000000025
1.201119494214446E-16 -6.545009386280295E-17
7.123835842353603E-17 4.994120380052846E-18
-2.410294785017485E-16 4.1424088098215757E-17
8.79727486471234E-18 -9.293673947950582E-17
1.6316401168686243E-16 6.668439964487336E-17
1.4227783306901246E-17 -2.367674522344788E-16
2.637254181894895E-17 2.911244241932586E-16
-5.344288862273039E-17 -4.887329797105891E-18
-5.570060965292086E-18 -5.832810568747388E-17
-9.295469966939012E-18 7.015484946513175E-17
-5.2749541308710446E-17 -6.959045740943851E-17
1.0463108835258382E-17 2.3885781216847572E-17
-3.1869983334716266E-17 -6.330370001640659E-17
1.1931448733012853E-16 1.4524248216007295E-17
-1.475936955013406E-16 8.237592124442232E-18
1.2304130642607485E-16 -5.339384220251995E-18
-8.533733937038394E-17 2.7315284505716167E-17
1.817653792801291E-16 -6.524780546975725E-17
-3.575447347602029E-17 1.7343976214672435E-16
-2.2874119537111777E-16 -9.702747982360294E-17
1.6642490388342081E-16 -5.501124838789495E-17
-1.1864990405236453E-17 8.69213973477287E-17
-1.4224732503009818E-16 0.07500000000000002
2.255140518769849E-16 -0.1500000000000002
-1.6306400674181987E-16 0.07500000000000011
6.297766279603113E-17 -7.657355187795402E-17
9.304428396796668E-17 1.4845834552768733E-16
-2.043750822689286E-16 -1.3632181104499042E-16
1.4438842739081367E-16 4.338319625052391E-17
-1.4925163947039353E-16 -9.07405192886422E-17
2.702907820958118E-16 7.565077531185893E-17
-7.819260882895113E-17 2.869914617794799E-17
-1.6360026685731602E-16 3.6735319029766844E-17
1.3293490590036995E-16 -9.44710173052437E-17
-1.5399326358494202E-16 5.3916630133107544E-17
1.153347422019031E-16 -9.163082051676254E-17
7.537394820426288E-18 6.503589798765324E-17
9.961107459710573E-17 -3.881443777498112E-17
-7.904687726504514E-17 1.5099046909719273E-16
-1.738887996958272E-16 2.0899596833612835E-17
1.9986727259692798E-16 -4.1698115670518133E-16
-9.619303914078107E-17 5.064977342410056E-16
4.052444810537202E-17 -3.6490998359837753E-16
8.232781836548522E-17 2.741724321358894E-16
-1.4799522019701585E-16 -1.7147792360738848E-16
6.474256996439052E-17 2.992822406262244E-17
4.43991866954081E-17 1.0491763347865073E-16
-9.494898904387029E-17 -1.1824509876679484E-17
1.433463530925644E-16 -1.8096924744605567E-17
-1.2197765593824026E-16 -1.1958120913274083E-16
1.8041124150158794E-16 2.5673907444456745E-16
-1.0408340855860843E-17 -1.8041124150158794E-16
-2.255140518769849E-16 1.3183898417423734E-16
1.5948750183537627E-16 -1.0097293555556882E-16
-4.5406825912785456E-17 6.829023537549178E-18
-3.06462412060425E-17 -3.199501562206466E-17
2.0588940341333368E-16 -3.302793841197693E-17
1.7332848729740358E-17 1.7825288390000664E-16
-2.0128836469337668E-16 7.716872939902763E-17
2.440507212969356E-17 -2.7534459510498083E-16
-7.20226025853716E-17 3.15238565847036E-16
9.480175140827313E-17 -4.404715390159878E-16
1.7112458354492017E-16 3.693323864651412E-16
-1.5769398906794238E-16 2.6569791399847488E-17
-2.3797405712228853E-16 2.0473230115440882E-17
2.1537154336344911E-16 -3.71545028554002E-16
2.877107440322882E-18 4.035190927415945E-16
-9.309430949867792E-17 -2.9742522671926575E-16
9.694075248472995E-17 1.5605577490594297E-16
4.274704085721216E-17 -9.105068025242722E-17
-6.409875664174492E-17 1.063805973330232E-16
-1.1326376868771138E-17 -7.194652247139322E-17
2.1464717879155698E-17 4.4924626554382076E-17
-4.24148926353307E-18 -8.724403861083577E-17
5.368121361830057E-17 1.2003385721420654E-16
-1.942890293094024E-16 1.1796119636642288E-16
2.3592239273284576E-16 -4.510281037539698E-16
-4.85722573273506E-17 3.2959746043559335E-16
-1.7608457165672459E-16 -3.594897437968429E-17
1.838803879008683E-16 -8.4367020848948E-17
-1.3405858477041387E-18 6.303304693882266E-17
2.2121484814232236E-17 -9.603802014947841E-17
-1.6144108066731974E-17 1.955383044494742E-16
-3.3064752781403974E-17 -6.763391104418515E-17
-5.126743215248855E-17 -5.640649341043053E-17
2.3658509106722793E-17 1.683445830073265E-16
-5.488484123033844E-17 -3.4147137636235007E-16
1.5942124243771495E-16 2.8450036044987265E-16
-1.167314073269563E-16 -7.109612227907962E-17
-5.87448204999544E-17 4.346351622209704E-19
5.551115123125783E-17 3.434752482434078E-16
-1.3877787807814457E-17 -8.500145032286355E-16
6.938893903907228E-17 4.81385764583564E-16
-6.063815573378442E-18 -7.319403995108816E-17
-2.4861826703113535E-17 1.3209334309973582E-16
-5.033343310241342E-17 -1.5393298239824456E-16
-6.719155591086527E-18 6.412604289034008E-17
5.963233910048159E-17 -7.438794110290694E-17
8.040723607885993E-17 3.0056294360252317E-17
-5.931316449549857E-17 8.581727821585145E-17
1.1565102051698425E-17 -5.4906836934873696E-17
-5.586351693731562E-17 0.0
8.57603918436034E-17 0.0
-3.645470854824993E-17 -4.125804518511078E-17
-2.399484994036493E-17 2.3890348107376022E-17
2.1648118092382263E-17 -5.58977395367046E-18
4.477427513125418E-18 -1.5317374722348204E-16
-3.591386375591735E-17 3.2597933985648973E-16
4.73784131122159E-17 -1.8480149423772695E-16
-2.2862008142746538E-17 -1.1353052768168692E-16
-2.0876062739361289E-16 6.54133299565837E-16
5.238864897449957E-16 0.24999999999999914
-7.979727989493313E-16 -0.4999999999999998
6.453171330633722E-16 0.25000000000000017
-1.9236021069453113E-16 -9.603256831707709E-17
6.713230072072519E-17 -6.18769235753186E-17
2.7693678115602513E-17 2.6879794019605326E-16
-1.5453162894010515E-16 -3.023234821344013E-16
6.377551951000927E-17 1.6608751980725994E-16
1.4216204984427008E-16 -4.9858308420059506E-17
-1.2357841944554674E-16 -4.519815728598175E-18
-7.016234599057157E-18 2.197074342760372E-17
4.068721982291082E-17 3.534072286695511E-17
7.963762834894914E-17 -7.258118013377178E-17
-1.759721425727079E-16 3.050067916860646E-17
1.0070447976181039E-16 -1.1605676260816017E-17
1.5265566588595902E-16 -0.12500000000000003
-2.914335439641036E-16 0.25000000000000017
8.326672684688674E-17 -0.1250000000000002
-2.555905617617285E-17 1.112082000903099E-16
4.206865487072413E-17 -2.525083764350084E-16
9.507665473427476E-17 5.495663916698196E-16
-5.938580560355174E-17 -7.307023058749644E-16
-3.80299748040995E-17 4.970794575701168E-16
6.397111976985007E-17 7.8173631226797045E-19
1.2623234897464163E-16 -5.882313604848909E-16
-7.526491941600547E-17 9.396061692048347E-16
-9.535317303984714E-17 -5.658743563021304E-16
-2.6088089452644635E-16 3.53694535678042E-16
1.4047001180826588E-16 -5.404507874162547E-16
2.243500002648325E-16 2.279628526695795E-16
-1.7395064708241601E-16 7.776427482085307E-17
7.280794764031905E-17 -7.583154826379227E-17
-8.358579370090407E-17 4.3901761270718254E-17
1.543132034542584E-16 -1.0409557399343853E-16
-1.0353077701460132E-16 6.27909907148869E-17
3.350329338880756E-17 1.8637182728563693E-16
1.7345861343875292E-17 -2.5319075952586397E-16
-8.346061167911774E-17 -9.614063534815594E-17
-5.43100517819527E-17 2.7469347198657584E-16
6.107186935295384E-17 -2.594469587115332E-16
-8.500145032286355E-17 0.07500000000000026
2.42861286636753E-16 -0.15000000000000036
-8.500145032286355E-17 0.07500000000000032
6.799933551056773E-17 -1.9392956567563206E-16
7.00109466609571E-18 3.202691989131763E-16
-2.795713897902362E-16 -4.907371778792061E-16
3.7249576338781297E-16 3.240556145029068E-16
-2.8225214446123473E-16 1.3840623531728523E-16
-1.1059010763826499E-16 -7.068264024305116E-16
3.9093044571995986E-16 5.987624167736224E-16
-1.412181385087781E-16 -9.054207833477836E-17
9.914864740899655E-18 -8.811639817678196E-17
-1.8678373133981144E-17 1.3561074638517574E-16
4.3501324652908314E-17 -1.368424534068579E-16
-4.6442680225111167E-17 -7.96983283809388E-17
5.019856058607876E-17 3.248269708766576E-16
6.32982536164154E-17 -2.2697003889853976E-16
-6.489398518299347E-17 -1.570191145498748E-16
-2.564792178876892E-16 3.8002670872422884E-16
1.0729629406657237E-16 -4.2359790645037457E-16
2.2042205631540013E-16 1.2407549678878392E-16
-3.007841199327833E-17 1.8206042844243752E-16
-6.704903049151287E-17 -7.894438439756212E-17
8.048849451881688E-17 -4.8959970101778825E-17
2.310402440456447E-17 7.67671229217235E-17
-1.4897643261588294E-16 -1.2336547926712918E-16
3.268208891466149E-17 8.512465834716588E-17
8.521469537792973E-17 1.0434691658058947E-17
-5.551115123125783E-17 -1.8735013540549517E-16
6.938893903907228E-18 2.0816681711721685E-16
5.551115123125783E-17 6.938893903907228E-18
9.877256765717398E-18 -6.026015192190996E-17
-1.335694674568433E-16 -4.1191728394874635E-17
1.924290983182166E-16 2.202218719168487E-16
-1.601868646042896E-16 -6.791256103358481E-16
5.320281429745822E-17 1.0350558935535914E-15
1.0371051890904779E-16 -6.787893135743253E-16
-3.1014612521572923E-16 2.7551775801020806E-16
3.2041374268180013E-16 -4.14388834446912E-16
2.5819507098733016E-18 6.499175789086876E-16
-1.5286003988260924E-16 -8.337623458469995E-16
-1.5376155099575464E-16 6.192810625999484E-16
2.2993266036034603E-16 -7.88036055194093E-18
1.1516519665514526E-16 -2.985361597272594E-16
-8.334506367829263E-17 3.124950512129853E-16
-1.1341766867030641E-16 -2.223003799076316E-16
-1.04165529110348E-17 5.360664735344676E-17
6.765102396989015E-17 7.710956925524759E-17
-2.474729775278746E-17 -1.0222595205916191E-16
2.7370818870472485E-17 2.895373126955564E-18
-5.426045986437547E-17 3.6633202794023823E-17
1.3269176670483523E-16 5.965551875401329E-17
-1.6252263283723996E-16 -1.0987755437857827E-16
3.226585665316861E-16 -1.2836953722228372E-16
-5.551115123125783E-16 5.551115123125783E-16
1.5612511283791264E-16 -5.828670879282072E-16
3.6061555024811465E-16 3.0215409089240215E-16
-2.6508504031894553E-16 8.799000880987221E-17
2.0873046346936345E-16 -4.428130360614757E-16
-3.109810776058751E-16 9.47800712911482E-16
4.623741821834109E-17 -1.2828347727830576E-15
1.965621172286236E-16 7.463743840870346E-16
9.966236591471191E-17 -2.4286433012462195E-16
-2.774056515277733E-16 3.2017151622148693E-16
-6.791985212820619E-17 -3.820565076064111E-16
2.0234837610604156E-16 2.994462202881107E-16
5.2536595971372525E-17 -1.7660190576216847E-16
-1.0498800114892366E-16 2.6221436755194916E-17
-5.551115123125783E-17 4.423544863740858E-16
1.5959455978986625E-16 -7.858297346174936E-16
-1.1102230246251565E-16 3.183217578417441E-16
7.100905065425992E-17 1.2894472885673623E-16
7.697063597542078E-18 -2.6113586932980218E-17
2.5857952310533337E-17 -1.376729619020466E-16
-1.681113108453809E-16 2.5318967037938405E-16
1.8392751493070753E-16 -2.664580358077711E-16
1.7524867831560806E-17 5.3614021937626645E-17
-2.510716309066759E-16 2.5551987645306846E-16
9.669076384871403E-17 -3.640276825504229E-16
1.117812439832555E-16 0.0
-1.656118818471608E-16 0.0
1.492108908566519E-16 -1.1345200342280977E-16
-7.995765642008873E-17 1.434600465523255E-16
1.5598069293064795E-17 -1.2972518142148512E-16
6.969298182765088E-17 2.5812918906280077E-16
-1.7845522561469873E-16 -2.213804043863002E-16
1.6183889336284147E-16 -3.3792428613685017E-16
3.247500040766016E-16 7.271788794165408E-16
-8.596903742621398E-16 -7.89627229592126E-16
9.783840404509192E-16 0.25000000000000083
-9.020562075079397E-16 -0.5000000000000004
6.453171330633722E-16 0.24999999999999997
-3.9633384983999536E-16 2.202381326796175E-16
3.02822823114353E-16 -3.0075774032788944E-16
-3.3436018679862253E-16 2.8334080677580053E-16
1.9987572237795073E-16 -1.6363816810581847E-16
2.0018826792037808E-16 -2.0831562303071475E-17
-2.0560209886166017E-16 1.613589775165736E-16
-2.4355853096122783E-17 -2.4443519196460007E-16
1.9582410862788438E-16 2.3951433165632355E-16
-2.5570211878487895E-16 -1.1910546291968853E-16
2.7043630094910354E-16 -4.887875104238147E-17
-2.1120627928848805E-16 1.747833588712203E-16
2.0732177504014608E-17 -1.335785405028401E-16
-1.3877787807814457E-16 0.12500000000000008
4.371503159461554E-16 -0.25
-3.677613769070831E-16 0.1249999999999999
1.676234628491604E-16 1.0223039494786622E-16
9.986858738835155E-17 2.582301851603207E-18
7.537579893369489E-17 1.359606279785172E-16
-4.2951815853353505E-16 6.722331151710127E-17
2.715286492772189E-16 -7.828641434566647E-16
2.614429472094173E-16 9.557033126429717E-16
-5.755665463148278E-16 -6.323979118041053E-16
-1.449250409471763E-16 4.788625379179854E-16
7.054584156659642E-16 -3.255637539169698E-16
-2.574941246074336E-16 -4.0235035705738055E-16
-8.083247058675984E-17 9.722059481206529E-16
1.5434115940301114E-16 -4.378477960699928E-16
-1.702716111179902E-16 4.8420613966619424E-17
4.4946230162193164E-17 -2.3818741883223934E-16
9.299976102378861E-17 2.9275372243909165E-16
-1.949187218991955E-16 -8.036451130565013E-17
2.460415212211242E-16 -2.5088910757205907E-16
-9.489945421907547E-17 2.0656372689334197E-16
-6.492153889889315E-17 1.8544822111885788E-16
2.587077111880925E-16 -3.604862925432397E-16
-2.3090463092068604E-16 7.60901663917281E-16
-5.032069313033036E-16 -6.919891417531731E-16
3.1051550219984847E-16 0.07499999999999969
6.210310043996969E-16 -0.14999999999999958
-4.996003610813204E-16 0.0749999999999999
2.90873629191606E-17 1.4342595302239238E-16
3.0141054692196696E-16 -2.0187402251288846E-17
-2.4695231577529726E-16 -1.2519966763418266E-16
-4.68097341384307E-17 2.0178150913677054E-16
-5.3210351102237396E-17 -8.006056158094616E-16
2.277164819650611E-16 1.1408659312845303E-15
-2.1987802906576992E-16 -2.6417688976515937E-16
1.433573505582744E-16 -2.478933733471749E-16
-5.43698028542279E-17 1.1885050449669423E-16
-2.906233052489667E-17 -2.3344580520627997E-17
1.1606735201678588E-16 -1.5285665676424794E-16
-6.627917958947741E-17 3.0155704232391397E-16
-3.481915276937197E-16 -1.7260498585969258E-16
4.1121057277875887E-16 -7.554817290657334E-17
-2.0419293872286122E-17 2.7152543366481484E-18
-1.8647146988502365E-16 5.531583192233503E-16
1.509953916145579E-16 -9.731210770599889E-16
2.2279857151054703E-17 3.5676071842727505E-16
-1.32353196441207E-16 3.5227341887462654E-16
3.050435561797988E-16 -2.76204704738664E-16
-3.5780900686928645E-16 5.670348849175246E-16
-2.0878471802629735E-16 -6.570235619526393E-16
3.182971131717532E-16 -1.6250556267358178E-16
1.7649339332083523E-16 2.959937439361183E-16
-1.9285175363483848E-16 1.8916042051213837E-17
1.9081958235744878E-17 -7.632783294297951E-17
1.3877787807814457E-17 1.3877787807814457E-16
8.847089727481716E-17 -1.3183898417423734E-16
-1.9297057903388624E-16 8.060346972518577E-17
2.1130022312604695E-16 -1.751916349317936E-16
1.0751441727214612E-16 2.811989702382815E-16
-4.406947008968685E-16 -7.64309795934252E-17
-8.347007881437105E-17 -1.1838694201747247E-16
5.438964533242122E-16 -2.9955840353438856E-17
-1.555935517069236E-16 -6.732786149805377E-17
4.6806999114723394E-17 -2.3941532912437E-17
-1.1338437883000389E-16 4.823507662949628E-16
-1.875503887812062E-16 -3.0146750318340026E-16
1.4914237967229368E-16 -6.661722187444116E-17
2.558631183926326E-16 -3.866615394133831E-17
-3.2412731871841154E-16 5.011953108062825E-16
1.620576285516484E-16 -7.4525946690663865E-16
-2.639903417213024E-17 3.6505726391821656E-16
-1.9794945084326538E-17 -4.3200460559055476E-17
1.7955952640096657E-17 -1.4874472166051554E-17
1.0495064545941079E-17 8.539102478157206E-17
-7.001529574341924E-17 -5.77254607134219E-17
1.1186956492260376E-16 -8.386163669782123E-17
-1.227432493424198E-16 1.4734460688851923E-16
8.619038816758942E-17 -9.327824808008413E-17
-1.8735013540549517E-16 1.8735013540549517E-16
3.2612801348363973E-16 -4.163336342344337E-17
1.3877787807814457E-17 -2.706168622523819E-16
-5.381616139381046E-16 1.8793351137888968E-16
3.5869160718780043E-16 -7.931921836310841E-16
7.958221977645226E-16 9.998512193131598E-16
-1.1175784513234325E-15 -8.956849499088944E-17
-3.4111079390016785E-16 1.7232857515855356E-16
9.422489618506001E-16 -6.826457526206521E-16
-1.214816228482907E-16 4.480801918213263E-16
-3.6768620818514114E-16 -4.0703423277722096E-16
4.1717728500657526E-16 5.393113878181609E-16
-2.8245933741675977E-16 -1.5617985271065254E-16
5.82471355146007E-17 -2.479881910476151E-16
1.265076444169586E-16 2.2677170914619757E-16
-2.3592239273284576E-16 3.5561831257524545E-16
1.942890293094024E-16 -1.0234868508263162E-15
4.163336342344337E-17 6.539907504432563E-16
-2.6745024591719925E-16 -1.3266454478449584E-16
4.573925982897168E-16 -1.0430239091461748E-16
-3.106806123117832E-16 6.151464746203328E-16
-4.040450489317116E-16 -4.911541597883352E-16
4.597112591666603E-16 -4.222195917751222E-16
2.944360471987237E-16 4.107117235583706E-16
-5.779665563167208E-16 -1.8196818725209588E-17
5.117300756313186E-17 4.797858435067334E-18
3.7995865134754503E-16 0.0
-0.03982244530861696 0.0
0.039842935960871316 1.9081958235744878E-17
-0.04127973998648236 2.992397996059992E-17
0.042759141305966655 -3.7513395167998453E-17
-0.04655942571176142 -2.0816681711721685E-17
0.050407484616315675 2.246466901389965E-16
-0.06051382842157216 -5.898059818321144E-17
0.07067780431635913 -2.3245294578089215E-16
-0.12341788315405862 7.979727989493313E-17
0.1762325256858095 0.12499999999999996
-0.016938088668955652 -0.25000000000000017
-0.14225290397810966 0.12500000000000044
0.08916391711907867 -4.145989107584569E-16
-0.03592025683592524 4.588343593958655E-16
0.025060699847858973 -5.178149575790769E-16
-0.013948461142737961 5.126107871511465E-16
0.008853150444493111 -2.886146183156413E-16
-0.0032939143880687883 1.4943016442281465E-16
-2.827438516830337E-4 -2.0133634343055817E-16
0.004873895875362663 1.2685165418080402E-16
-0.008579596660552455 -1.4224732503009818E-16
0.015320293889362653 1.3747683547116196E-16
-0.021596142516581533 -1.3270634591222574E-16
0.04909569504084085 2.671474153004283E-16
-0.07632642681824091 -0.06250000000000029
-0.0025434536878542226 0.12500000000000014
0.08157778186461141 -0.06250000000000006
-0.05450643873518151 -2.6020852139652106E-17
0.027537710738558416 1.8648277366750676E-16
-0.02178752851927779 -1.5959455978986625E-16
0.01609930129092305 -3.0184188481996443E-16
-0.013440709337420996 4.0549161250957866E-16
0.010813773794645994 -3.426078865054194E-17
-0.00919565370617892 2.690989792109022E-16
0.007582539410269421 -6.327403878625404E-16
-0.006427224438681099 4.141652298894627E-16
0.005248054489131915 1.5276408610320757E-16
-0.004314837635308174 -4.714653147053216E-16
0.003318736206132387 2.541098841762901E-16
-0.002469787284819653 3.583288180064592E-17
0.0014930440141539384 -9.025983085941824E-17
-6.111929120954974E-4 1.7780915628762273E-17
-5.297852451978273E-4 -7.22078646875346E-17
0.0016060920673713573 3.0466081046842675E-17
-0.003275374101126968 1.936385080059111E-16
0.004898665542090711 -1.6024508109335756E-16
-0.00832995728083583 4.7704895589362195E-17
0.011727419869850108 3.7860339863193815E-16
-0.027848251306249766 -1.2984405217686401E-15
0.04394350604885747 0.03750000000000131
0.0036307514562680526 -0.07500000000000032
-0.05122479239180969 0.037499999999999846
0.03516319888665487 1.4137996329210978E-16
-0.01911720515210696 -2.255140518769849E-16
0.0158089872694457 2.242130092700023E-16
-0.012513274610488699 -5.637851296924623E-17
0.011041072150170462 2.358139725155972E-16
-0.009579038434438136 -6.744821715032323E-16
0.008727262219045424 4.759105436125122E-16
-0.007883858932095833 -5.805902633659876E-17
0.007319469208719693 1.5449880957918438E-17
-0.006762050476262179 2.6481638062958446E-17
0.0063560052389152 -1.0564194918155634E-17
-0.0059558214025896665 4.7289002412260334E-17
0.005647281165896836 -3.348016308635243E-16
-0.005343713345318986 3.2356743288409E-16
0.005100051146551344 -1.8248477815646647E-17
-0.004860641321228801 1.5402447112872197E-16
0.004662678720724308 -3.7456474553942964E-16
-0.0044683795554314246 8.40256683676266E-18
0.0043040396596896666 2.653584817158272E-16
-0.004142877228198034 -1.7574917215990027E-16
0.00400413644652311 -3.0401028916493544E-16
-0.0038681689122969315 1.0253299945195415E-15
0.0037494633777801064 -9.011888457699513E-16
-0.0036331924343070733 2.0426368929626904E-16
0.0035305268985945694 5.811323644522304E-17
-0.0034300103544603507 0.0
0.0033404318039458956 0.0
-0.003252759947417961 8.673617379884035E-18
0.003174032152466047 -6.331740687315346E-17
-0.0030970043720354445 -7.37257477290143E-18
0.0030273987588842572 6.418476861114186E-17
-0.0029593159933589113 3.43908929112402E-16
0.002897472751573809 -7.641456911677835E-16
-0.002836999812234521 5.103339625889269E-16
0.0027818329749265966 -3.350184712980209E-17
-0.002727904569514267 -2.509928029303943E-16
0.002678535505853647 2.0079424234431542E-16
-0.0026302904708188023 2.344926011178805E-16
0.0025860002525434542 -3.7456474553942964E-16
-0.002542734504153491 5.919743861770854E-17
0.002502929121573921 -9.443400922348744E-17
-0.002464061337523248 3.3415110956003247E-16
0.0024282458574283444 -1.8366384801904445E-16
-0.0023932920082959048 3.599551212651875E-17
0.0023610510783087725 -2.47198095326695E-17
-0.0023296052337356517 -5.204170427930421E-18
0.0023005881721080345 -5.2909066017292616E-17
-0.0022723078360906103 3.2959746043559335E-17
0.0022462170888516665 1.6479873021779667E-17
-0.0022208118578976276 6.938893903907228E-18
0.0021973939660619706 -8.673617379884035E-17
-0.0021746166620342684 1.491862189340054E-16
0.002153655125901016 -1.5265566588595902E-16
-0.0021332947976833785 3.0704605524789486E-16
0.002114604393665703 1.3791051634015616E-16
-0.002096480748656209 -1.154024792393571E-15
0.0020799029720413474 8.552186736565659E-16
-0.002063861915278728 3.8033812210791496E-16
0.0020492613062332325 -5.358669237509606E-16
-0.0020351713479411205 -1.463672932855431E-18
0.0020224325185447863 1.8279648628105605E-16
-0.0020101818707283616 -2.892651396191326E-16
0.001999207095166738 1.726049858596923E-16
-0.001988701321602888 3.729655473350135E-17
0.0019794085843671456 4.163336342344337E-17
-0.0019705687007225223 1.97758476261356E-16
0.0019628901223868525 -4.440892098500626E-16
-0.0019556510675389598 1.1449174941446927E-16
0.001949531646454492 1.0408340855860843E-17
-0.0019438410646190403 -4.5102810375396984E-17
0.0019392376874403968 -1.942890293094024E-16
-0.0019350549750938781 9.99634403031635E-16
0.0019319356605439072 -1.0364972768961422E-15
-0.0019292312434591706 2.896988204881268E-16
0.0019275745930271524 -1.1015494072452725E-16
-0.001926329407931412 2.5717275531356165E-16
0.0019261242449433585 0.0
