-4.210510000000012784e-04
-8.366541585092725913e-04
-2.199669643896224984e-03
-4.829108638017351116e-03
-9.159068283458972684e-03
-1.559727466043298039e-02
-2.434026334836343619e-02
-3.516465884921039786e-02
-4.722484217849902410e-02
-5.889698361840668694e-02
-6.771425207621190046e-02
-7.043453525596567177e-02
-6.326818192568303689e-02
-4.226942112574692823e-02
-3.864267536769389576e-03
5.454464816043304298e-02
1.339828929555426096e-01
2.334200821402050152e-01
3.494956899743265066e-01
4.765319869661963637e-01
6.068721525762119651e-01
7.315309360666857330e-01
8.410917537737521155e-01
9.267378564727700718e-01
9.812754562130495684e-01
1.000000003000000026e+00
9.812754562130494573e-01
9.267378564727697388e-01
8.410917537737514493e-01
7.315309360666853999e-01
6.068721525762114100e-01
4.765319869661959751e-01
3.494956899743260070e-01
2.334200821402042936e-01
1.339828929555419712e-01
5.454464816043293890e-02
-3.864267536769540497e-03
-4.226942112574698374e-02
-6.326818192568317567e-02
-7.043453525596571341e-02
-6.771425207621190046e-02
-5.889698361840668694e-02
-4.722484217849904492e-02
-3.516465884921031460e-02
-2.434026334836338068e-02
-1.559727466043291447e-02
-9.159068283458972684e-03
-4.829108638017332034e-03
-2.199669643896159498e-03
-8.366541585093029490e-04
-4.210510000000012784e-04
