1.4223941738734733E-5
3.840464269458356E-4
0.0017779927173418293
0.004878812016385977
0.01036925352753756
0.01893206645425581
0.03125
0.04800580336822939
0.06988222576240324
0.09756201638598092
0.13172792444242148
0.17306269913518432
0.22224908966772866
0.279912949476559
0.3453715293582158
0.41663347746927626
0.4916505461993628
0.5683744879380974
0.6447570550751024
0.71875
0.7883050751024124
0.8513740327719618
0.9059086253982704
0.9498606053709604
0.9811817250796541
0.9978237369139736
0.9978237369139736
0.9811817250796541
0.9498606053709604
0.9059086253982704
0.8513740327719618
0.7883050751024124
0.71875
0.6447570550751024
0.5683744879380974
0.4916505461993628
0.41663347746927626
0.3453715293582158
0.279912949476559
0.22224908966772866
0.17306269913518432
0.13172792444242148
0.09756201638598092
0.06988222576240324
0.04800580336822939
0.03125
0.01893206645425581
0.01036925352753756
0.004878812016385977
0.0017779927173418293
3.840464269458356E-4
