1.5077157352752808E-5
4.070832485243235E-4
0.001884644669094088
0.005171464971994175
0.010991247710156735
0.020067696436513863
0.0331245147039977
0.05088540606554038
0.0740740740740741
0.10341422228253086
0.13962955424384285
0.18344377351094218
0.23558058363676118
0.29656014654996954
0.3651310581902888
0.4391297464775991
0.516385100753104
0.5947260103580071
0.6719813646335119
0.7459800529208224
0.8145509645611416
0.8755229888956736
0.9267250152656219
0.9659859330121899
0.9911346314765814
1.0
0.9911346314765814
0.9659859330121899
0.9267250152656219
0.8755229888956736
0.8145509645611416
0.7459800529208224
0.6719813646335119
0.5947260103580071
0.516385100753104
0.4391297464775991
0.3651310581902888
0.29656014654996954
0.23558058363676118
0.18344377351094218
0.13962955424384285
0.10341422228253086
0.0740740740740741
0.05088540606554038
0.0331245147039977
0.020067696436513863
0.010991247710156735
0.005171464971994175
0.001884644669094088
4.070832485243235E-4
1.5077157352752808E-5
