-4.210510000000013E-4
-8.20144979400781E-4
-0.00212496090268494
-0.004631802229465311
-0.008747773961264785
-0.014864812815692106
-0.02319439361075673
-0.033579220867504554
-0.045307445693099004
-0.05696348873558015
-0.06635437087518815
-0.07054862557524458
-0.06605449596406222
-0.04914511886741703
-0.016312873001061406
0.03519282716753031
0.10681476635819655
0.19821053000000013
0.3069370875001285
0.4283722223604159
0.5559184979905835
0.6814946658526011
0.7962735524090426
0.8915825741889197
0.9598512005196043
0.9954753542313988
0.9954753542313988
0.9598512005196043
0.89158257418892
0.7962735524090429
0.6814946658526013
0.5559184979905837
0.428372222360416
0.30693708750012866
0.1982105299999996
0.10681476635819656
0.035192827167530506
-0.016312873001061573
-0.04914511886741706
-0.06605449596406227
-0.07054862557524456
-0.06635437087518815
-0.05696348873558013
-0.04530744569309904
-0.03357922086750462
-0.023194393610756633
-0.014864812815692206
-0.00874777396126469
-0.0046318022294652515
-0.0021249609026848886
-8.201449794007793E-4
