0.000000000000000000e+00
2.102192583210843457e-04
1.673796788214249043e-03
5.604506159928607234e-03
1.313788836492188472e-02
2.529445788273843032e-02
4.294564079446552829e-02
6.678326548143181940e-02
9.729335147506368298e-02
1.347348511230473111e-01
1.791238937062838987e-01
2.302239645615186403e-01
2.875423249603136777e-01
3.503328444896271487e-01
4.176052791472435466e-01
4.881408880812312390e-01
5.605141426881199429e-01
6.331201464540603396e-01
7.042072552301215094e-01
7.719142682158770530e-01
8.343114522576857706e-01
8.894445684087853854e-01
9.353809920481799267e-01
9.702569579168454084e-01
9.923249205727988631e-01
1.000000000000000000e+00
9.923249205727988631e-01
9.702569579168452973e-01
9.353809920481798157e-01
8.894445684087854964e-01
8.343114522576857706e-01
7.719142682158770530e-01
7.042072552301215094e-01
6.331201464540601176e-01
5.605141426881197209e-01
4.881408880812310169e-01
4.176052791472435466e-01
3.503328444896271487e-01
2.875423249603136777e-01
2.302239645615186403e-01
1.791238937062837877e-01
1.347348511230473389e-01
9.729335147506368298e-02
6.678326548143181940e-02
4.294564079446552829e-02
2.529445788273843032e-02
1.313788836492185697e-02
5.604506159928565601e-03
1.673796788214262921e-03
2.102192583210843457e-04
0.000000000000000000e+00
