0.0
1.9810645512208236E-4
0.0015776436993029386
0.0052841784248338075
0.012392364970239877
0.023872512249607347
0.040559532540907994
0.06312499057092022
0.09205290845309275
0.12761990570130055
0.1698801652080703
0.21865561742247536
0.2735316278724645
0.3338583596966041
0.3987578651568433
0.4671368404611578
0.5377048589435878
0.6089977810442293
0.6794059278795171
0.747206500689084
0.8105996331633327
0.8677473795086601
0.9168148698114076
0.9560128073040033
0.9836404407461912
0.9981281202572626
0.9981281202572626
0.9836404407461912
0.9560128073040032
0.9168148698114076
0.8677473795086601
0.8105996331633329
0.747206500689084
0.679405927879517
0.6089977810442295
0.5377048589435878
0.46713684046115755
0.3987578651568433
0.3338583596966041
0.27353162787246454
0.21865561742247536
0.1698801652080703
0.12761990570130055
0.09205290845309275
0.06312499057092011
0.040559532540907994
0.023872512249607347
0.01239236497023996
0.0052841784248338075
0.0015776436993029386
1.9810645512197134E-4
