-4.210510000000013E-4
-8.366541585093108E-4
-0.002199669643896204
-0.0048291086380174075
-0.009159068283459006
-0.015597274660432996
-0.024340263348363374
-0.035164658849210335
-0.04722484217849904
-0.05889698361840672
-0.0677142520762119
-0.07043453525596569
-0.06326818192568308
-0.042269421125746956
-0.0038642675367695214
0.054544648160432786
0.13398289295554247
0.2334200821402049
0.34949568997432645
0.4765319869661957
0.6068721525762117
0.7315309360666856
0.8410917537737518
0.9267378564727696
0.9812754562130493
1.000000003
0.9812754562130493
0.9267378564727701
0.8410917537737519
0.7315309360666855
0.6068721525762125
0.4765319869661965
0.34949568997432623
0.23342008214020438
0.13398289295554203
0.05454464816043305
-0.003864267536769452
-0.042269421125746956
-0.06326818192568306
-0.07043453525596574
-0.06771425207621193
-0.05889698361840681
-0.047224842178499045
-0.03516465884921047
-0.024340263348363353
-0.01559727466043301
-0.009159068283459079
-0.004829108638017259
-0.0021996696438960923
-8.366541585092604E-4
-4.210510000000013E-4
