0.000000000000000000e+00
1.981064551220823589e-04
1.577643699302938574e-03
5.284178424833807508e-03
1.239236497023987749e-02
2.387251224960734719e-02
4.055953254090793880e-02
6.312499057092021970e-02
9.205290845309269110e-02
1.276199057013003568e-01
1.698801652080703106e-01
2.186556174224753568e-01
2.735316278724644889e-01
3.338583596966041012e-01
3.987578651568433052e-01
4.671368404611577763e-01
5.377048589435877712e-01
6.089977810442293027e-01
6.794059278795170354e-01
7.472065006890840078e-01
8.105996331633328333e-01
8.677473795086600994e-01
9.168148698114075845e-01
9.560128073040032870e-01
9.836404407461911692e-01
9.981281202572626077e-01
9.981281202572626077e-01
9.836404407461911692e-01
9.560128073040031760e-01
9.168148698114075845e-01
8.677473795086600994e-01
8.105996331633329444e-01
7.472065006890840078e-01
6.794059278795170354e-01
6.089977810442295247e-01
5.377048589435877712e-01
4.671368404611578873e-01
3.987578651568433052e-01
3.338583596966041012e-01
2.735316278724645445e-01
2.186556174224753568e-01
1.698801652080703106e-01
1.276199057013005511e-01
9.205290845309269110e-02
6.312499057092010868e-02
4.055953254090793880e-02
2.387251224960734719e-02
1.239236497023996075e-02
5.284178424833807508e-03
1.577643699302938574e-03
1.981064551219713366e-04
