0.038461538461538436
0.07692307692307687
0.11538461538461542
0.15384615384615385
0.1923076923076923
0.23076923076923073
0.2692307692307693
0.3076923076923077
0.34615384615384615
0.3846153846153846
0.42307692307692313
0.46153846153846156
0.5
0.5384615384615384
0.5769230769230769
0.6153846153846154
0.6538461538461539
0.6923076923076923
0.7307692307692308
0.7692307692307692
0.8076923076923077
0.8461538461538461
0.8846153846153846
0.9230769230769231
0.9615384615384616
1.0
0.9615384615384616
0.9230769230769231
0.8846153846153846
0.8461538461538461
0.8076923076923077
0.7692307692307692
0.7307692307692308
0.6923076923076923
0.6538461538461539
0.6153846153846154
0.5769230769230769
0.5384615384615384
0.5
0.46153846153846156
0.42307692307692313
0.3846153846153846
0.34615384615384615
0.3076923076923077
0.2692307692307693
0.23076923076923073
0.1923076923076923
0.15384615384615385
0.11538461538461542
0.07692307692307687
0.038461538461538436
