0.0
2.1021925832108435E-4
0.001673796788214249
0.005604506159928607
0.013137888364921885
0.02529445788273843
0.04294564079446553
0.06678326548143182
0.09729335147506368
0.1347348511230473
0.1791238937062839
0.23022396456151864
0.2875423249603137
0.35033284448962715
0.41760527914724355
0.48814088808123124
0.5605141426881199
0.6331201464540603
0.7042072552301215
0.771914268215877
0.8343114522576858
0.8894445684087854
0.9353809920481799
0.9702569579168454
0.9923249205727989
1.0
0.9923249205727989
0.9702569579168453
0.9353809920481798
0.8894445684087855
0.8343114522576858
0.771914268215877
0.7042072552301215
0.6331201464540601
0.5605141426881197
0.48814088808123146
0.41760527914724355
0.35033284448962715
0.2875423249603137
0.23022396456151864
0.1791238937062838
0.13473485112304745
0.09729335147506368
0.06678326548143182
0.04294564079446553
0.02529445788273843
0.013137888364921857
0.005604506159928649
0.001673796788214263
2.1021925832108435E-4
0.0
