2.056229569385312761e-01
6.208694103368248562e-01
3.687185992160480486e-01
1.464133580405965196e+00
1.430494825989448104e+00
1.634642649590800190e+00
9.336237142218164475e-01
1.619027072683146606e+00
3.700708436862896189e-01
9.057121230550204682e-01
5.983712511188259420e-01
2.452253520458357594e-01
-2.952149015918899000e-01
1.278963296496956059e-01
-6.630794937581958592e-01
-8.161807231514408567e-01
-6.687528344696287430e-01
-7.588622332662878778e-01
-5.203926668425856716e-01
-8.385799395773110287e-01
-6.940241899491543798e-01
-4.348115208726489600e-01
-8.320251765434171221e-01
-2.586056953394357261e-01
2.137105973604281062e-01
4.333687472334717692e-04
1.880111143484733405e-02
8.552775187917582844e-02
5.950690595576849651e-01
7.105047757827315236e-01
9.701918339809696423e-01
1.758975356118088751e+00
6.247573415688369991e-01
9.127822839860901816e-01
2.914453715354293761e-01
4.646589435759132525e-01
6.207790674025094324e-01
3.238647153895916064e-01
1.987765957674993145e-01
-2.092173040999050215e-01
-4.342980743607004479e-01
-1.640660032220478071e+00
-5.269788570351996437e-01
-1.499558086679112945e+00
-1.810664926175145295e+00
-8.988944446809419286e-01
-1.040663223415465355e+00
-5.866533910657670825e-01
2.820904335954050324e-01
1.455526213894612064e-01
8.376434888207582308e-01
-9.997420888815494733e-02
6.662060696975697915e-01
8.630131804977291266e-01
3.151409158559872470e-01
5.258985615786624379e-01
1.160857533936447084e+00
1.803271061263734820e-01
6.701539249669998810e-01
8.386138922950860941e-01
7.054226417370170754e-01
1.381231465000368086e+00
8.291765768496101030e-01
-6.161575513700383588e-01
1.331525674162342687e-01
-9.621430492555864689e-01
-8.148053448119657594e-01
-8.564235772461501472e-01
-6.974915990899051010e-01
5.663927915533095714e-02
-1.646976920779043896e+00
-2.205731504189599956e+00
-3.614853600867299899e-01
-1.548949077803789098e+00
-3.690249416315925512e-01
1.055504966281588519e-01
-1.501435398196196758e+00
4.380531076941894808e-01
6.027798105303308063e-01
1.755765397317420096e+00
9.102485116905495444e-01
1.371219927431118535e+00
9.777638523977425500e-01
4.395992552865634617e-01
1.278407612624791856e+00
8.626960640184059281e-01
-3.087459651692162077e-01
-6.489396650030604397e-02
-1.322807175405228686e-02
-2.845531220283170626e-01
-6.161555595470378233e-01
-8.730646974081832656e-01
-1.198430079924512448e+00
-6.313753277474341008e-01
-9.007669079999899298e-01
-3.395272362512286035e-01
-1.309716576318205705e+00
-1.318368683148988030e+00
-1.386209403742997726e+00
-3.039890371152267345e-01
-4.250224718902564369e-01
4.405191249172297208e-01
1.182867416764904256e+00
4.637476876009726801e-01
1.278516703183278036e+00
1.673793907806260250e-01
8.138822042047160199e-01
1.766284109180116024e+00
1.394700302834459560e-01
1.400467089089581840e+00
4.346612457633485249e-01
1.090189606929197641e+00
6.321091985165037119e-01
-4.912241421359909155e-01
-4.459467154763818164e-01
-1.194012824465803035e+00
-5.051740184741768669e-01
-4.278764360625964547e-01
-6.938545614997033706e-01
-7.867800169350369632e-01
-1.098181609561312833e+00
-1.799720423535679181e+00
-9.262544843706131958e-01
-2.862822329387771925e-01
4.824986728871322184e-02
-3.083627319263360089e-01
4.954022923750009966e-01
1.589122227022308431e+00
2.954168592836108886e-01
1.739960948362812676e+00
3.789505568435418414e-01
9.450158068438179182e-01
1.122825074621184083e+00
1.598579286880034811e+00
6.188961078617483125e-01
1.988056525306705069e-01
5.859103896147606072e-01
1.545171780298105757e-01
-1.110403219886019421e+00
2.887347894915348601e-01
1.904132995300973352e-01
-7.034660149217411007e-01
-9.216894426225318293e-01
-1.314152770711555451e+00
-3.615799074127133972e-01
-1.229618023052584608e+00
-6.448662934434832295e-01
-7.003185745556032016e-01
-1.240175122547641173e+00
-4.470720521562132066e-01
-1.470969510336196384e-01
1.653272053721360546e+00
3.527068935046200338e-01
1.569692441739702904e+00
1.394684275386476990e+00
9.854566213258266760e-01
1.484087453866008932e+00
6.721342871795960017e-01
3.142689739428412565e-01
8.545981194394225433e-01
1.075644902872151532e+00
-3.957365147764096980e-02
4.221364866688212536e-01
-1.161394216373475619e+00
-7.748514079258874698e-01
-5.672588414682169233e-01
-1.162900374923328206e+00
-9.874912436789512471e-01
-8.343638880131540869e-01
-4.615215515933714929e-01
-9.912179303140600251e-01
-5.293917342575883422e-01
-4.544701022825096137e-01
-2.450144710286819294e-01
-3.499527628134304624e-01
-3.317775526480651882e-01
7.782716479454311331e-01
-6.442707433968075659e-03
1.478021590599356561e-01
1.847038233050003919e+00
4.515052788020383345e-01
8.051809078766981598e-01
6.746179386007966627e-01
1.340390529936504205e+00
1.018948246449947082e+00
6.510097072019709330e-01
-5.704172438701793357e-02
-1.045150391993288741e+00
5.068874613422206243e-01
-4.793394619927090483e-01
-7.249026603109789413e-01
-1.320975611515145864e+00
-9.077390010192343262e-02
-1.073417161555631383e+00
-8.227715077812843836e-01
-9.376958985362746635e-01
-3.990659696457929395e-01
5.446059485207921380e-02
-8.969988547497067533e-01
1.154389273737924659e-01
6.956847800546147598e-01
7.806076333886370344e-01
1.059810325228415451e+00
9.131461951679916700e-01
2.440152280563509635e+00
-1.411120106737460134e-01
1.132368394371706666e+00
4.245021107739010979e-01
1.055949154995739159e+00
1.096372513719869879e+00
4.688011070097142241e-01
1.089159959074055273e+00
5.983949234222483149e-01
1.068226148936817665e+00
1.617382195895967212e-01
-1.492936656514691762e+00
-4.538467868584677989e-01
-1.120259447494584393e+00
-1.133198522061747759e+00
-1.290676578739807789e+00
-1.399711824728613774e+00
-3.581810286896092155e-02
-1.770631052968237862e+00
-6.413807532325064287e-01
-5.655513827920626291e-01
-7.223315845143418734e-01
3.609700578554907446e-01
6.667130401166392328e-01
6.503310094111502959e-02
8.150435566239829788e-01
9.403873250772991632e-01
8.076876132806887210e-01
1.450661486025069946e+00
2.220859076840010271e+00
1.836046893101669353e-01
1.306753525831922946e+00
-2.407465879321918356e-02
-5.477818739496362332e-02
5.762886569624343647e-01
-6.414660362604347466e-01
-5.073702546474201380e-02
-1.038366876849556641e+00
-3.325573456967009234e-01
-2.035025018149431375e+00
-6.587553590847414764e-01
-1.192597555492985073e+00
-5.924642024460013978e-01
-6.224133382516463531e-01
-3.231214619947105904e-01
3.644684762881092999e-01
