0.32982698478572947
0.46245708504353444
0.5443724438423057
0.5438693608631513
0.4588667516759347
0.31755854895536634
0.16805693847276237
0.060081017875043066
0.02509934050652363
0.0625383473234867
0.13865834038836602
0.1999264442955875
0.19557927708409215
0.09917312975799267
-0.0801277290036066
-0.30039022741594446
-0.5020488159763424
-0.6294054057764474
-0.6503639207486456
-0.5670931363476394
-0.41404583124012506
-0.24454465529655853
-0.11159655862337978
-0.050507590945974554
-0.06883616078134394
-0.14600031268836242
-0.24228417716741857
-0.31371534771692755
-0.32679251114552055
-0.26841854536017673
-0.1493698519158696
-6.197786572002886E-4
0.1370793484952797
0.22710692666084412
0.2495505872653875
0.20819463886703243
0.12899335138601348
0.04970611770205734
0.004090396223234353
0.0072024777664755225
0.04921023959654719
0.10154718618785945
0.13205216817231263
0.12068840140912528
0.06850053007299456
-0.0028313149786355803
-0.0592842816513738
-0.06698411174268845
-0.004938228764781019
0.12565524946543935
0.29872332736848867
0.4691750198008149
0.5867722306880788
0.6140797140802712
0.5415191985982237
0.392550362493416
0.2160744808471881
0.06870897780201746
-0.006494696922231296
0.0034042670424451783
0.07698672800677697
0.16924259195827096
0.232218131405464
0.23517430312516938
0.17528249715278707
0.07579386246106862
-0.025477496250728066
-0.09153999289211236
-0.10006382079206033
-0.05196304686518867
0.02798406473897605
0.09961274694280017
0.12255402913598717
0.0726717385675849
-0.04624175434601048
-0.20079114158907696
-0.3389487772988904
-0.4101799337869914
-0.3859517842731218
-0.27209225299751844
-0.10824077153288977
0.04585699949176204
0.13241170911560632
0.11729386494309565
0.002671305312166229
-0.1737227935619468
-0.35120274680229535
-0.46579932704974114
-0.4713980588781736
-0.3559837434948085
-0.14647612200202514
0.10045240430672536
0.31731068421332026
0.44626677249154734
0.45430150098502986
0.33940171601070107
0.12655127872319977
-0.14526231920636434
-0.4402112311177232
-0.7392146244872351
