2.771211456278658281e-01
-2.910863533655453361e-01
1.587161313505592197e+00
1.896583130480292034e+00
2.414918877971821698e-01
9.820116508579608272e-01
-2.540084368278505700e-01
-1.056223554289563271e+00
-7.370741407744940688e-01
-1.366061446223286069e+00
8.160514167556774945e-01
8.205427056994649693e-01
1.359896485560934121e+00
9.084866937707704038e-01
1.776282163227447253e-01
9.229774475643359732e-02
-1.854904228469368643e+00
-1.092505881813226720e+00
-1.481095651020039039e+00
-1.488985530372365584e+00
3.879667678250036111e-01
1.508449439736444520e-01
3.716427308705666510e-01
6.388144828892677873e-01
5.847618773855283170e-01
-1.970391431300406171e-01
-1.142716730440505923e+00
-3.603869129219705592e-01
-4.653135874134791128e-01
-1.308636749331049565e+00
-2.986881000188291724e-01
4.807495158095242971e-01
2.126235338722115564e-02
9.779397821874675767e-01
1.130856336235372073e+00
1.942788967565915736e-01
6.957427736324824918e-01
-9.687212363158370643e-01
-7.216248380745452495e-01
-1.393743504075345196e+00
7.000377105421933255e-01
5.391235537231890973e-01
8.292115865249792828e-01
7.224677749455286069e-01
2.196819515283766067e-01
-1.274017337942919270e-01
3.955090599118915584e-02
-8.077562103120996539e-01
-2.831034343845643120e-01
-6.621117850111981618e-01
3.786478904435829421e-03
4.501591712428799630e-01
1.426662742430253150e+00
1.747431698022240631e+00
1.059757471603287593e+00
7.887016506164529206e-01
-1.930406680818912979e-01
-4.498494377639060682e-01
-1.680868772208046202e+00
-7.102545189916414925e-01
1.718462432313804800e-01
1.209744357783943070e+00
9.964779333778388537e-01
1.121383100781902842e+00
1.454939967627283948e-01
-6.484811059628795005e-02
-4.524688172928665875e-01
-2.402519377460889949e-01
-1.021641017995597700e+00
-6.993527992540246041e-01
1.991234714388589733e-01
3.928939350865939262e-01
4.848709893600860465e-01
1.086398437469343614e+00
1.358630824802864456e+00
-8.826062049925992303e-01
-8.254247536826264664e-01
-1.081402221306820843e+00
-1.603590868590749174e+00
-8.312016060699165543e-01
-1.355501269481440840e-01
6.985777978627660811e-01
1.416293937491468036e+00
7.860836999877961473e-01
3.032730830108604780e-01
-9.015612458240862548e-02
-4.160390768271691186e-01
-1.101577928549497987e+00
-2.032648611651421078e+00
-9.620922241319761481e-01
-2.621575260152263567e-02
6.097083051646102758e-01
8.414074127380585244e-01
9.632432729569404550e-01
1.283996831997000321e+00
6.453265879860858867e-01
7.848146021749280443e-02
-1.089188529817395557e+00
-1.690984151265441993e+00
-6.795820180716837244e-01
