-0.6997237353193503
-0.24094195693933068
0.15731206921221322
0.4684564401930854
0.6905701637705985
0.8239885409053552
0.8704431221966061
0.8365093587417842
0.733598525748225
0.5795550528822144
0.39303791235594837
0.18214377937150228
-0.05532366281434573
-0.3165224299946046
-0.5803482192900772
-0.8101782841143069
-0.9715997373000875
-1.051894225980315
-1.0620420236498365
-1.0173394730524943
-0.9207221706917983
-0.7687435171943036
-0.5666373527108995
-0.3322059782858925
-0.08803707379816456
0.1477398240387566
0.36751609746397335
0.5747510795161573
0.773173764255642
0.9547344339320722
1.1001618151539587
1.1874215973438753
1.200801890861463
1.1349276248418645
0.9917178888195521
0.7771132581936334
0.5038082190440051
0.19704490979236633
-0.10941264509507305
-0.38770437650436007
-0.6252304373773069
-0.8232240215128692
-0.9847397197168664
-1.0986100250831805
-1.1426281001745584
-1.106304026939322
-0.9984762543597716
-0.8331808328206896
-0.623582829971709
-0.38638276194576693
-0.13411980848019922
0.13127590894186136
0.404770389963428
0.6708970233126313
0.9114140768408328
1.1067496780309949
1.236288006671257
1.284857461229692
1.2481761381784704
1.1337920627077156
0.9548399671639679
0.7223312828026485
0.4464065319735953
0.14166116863687775
-0.17227590463222014
-0.47387084442644795
-0.7405901814921731
-0.9452665184132893
-1.0577051022410024
-1.059962103368556
-0.9637222686230016
-0.8100865420460738
-0.645951178792991
-0.4951411751847885
-0.352538375540898
-0.20235801060680275
-0.035153362105137906
0.14750321065462185
0.3348945076469515
0.5114061170527967
0.6580697008634702
0.7536331195191711
0.7822915995068073
0.7423287145939544
0.6449785818196095
0.5025214825500974
0.32139157240837185
0.10935195814389666
-0.11934983252613537
-0.3487414158778298
-0.5653188668765018
-0.753222063763074
-0.8920489736659705
-0.9714525405776703
-1.0000610167209454
-0.9891484126703681
-0.9359216110313638
-0.8285526518335666
-0.6571644785184226
-0.41749390569205636
-0.11865465743518311
0.20892030773893974
0.5221427426795271
0.7843660507230623
0.9764643513818353
1.0921729286254958
1.1296710786034234
1.094525254636407
1.0019635728636287
0.862638443693572
0.6714663147040832
0.4214304601221426
0.12345242814465919
-0.19174080540724425
-0.4847989463955319
-0.7221486413700171
-0.8878560563747693
-0.984407956761769
-1.0210140288980067
-1.001501371855546
-0.923517014120289
-0.7875126116965199
-0.6048252244408268
-0.39250060223281996
-0.16297996215251231
0.07264856795225764
0.3010766505927159
0.5150828813397688
0.7110370897499245
0.874042720499173
0.9791546801625594
1.0078714812617489
0.9565368418494359
0.8351964205503498
0.6657042252693953
0.4726167688830294
0.2693004178676958
0.0586195449168746
-0.15180928591154616
-0.33867943707910736
-0.47226926203651
-0.5413303756735067
-0.5609199000851752
-0.5522930285521124
-0.5269371205948975
-0.4913276150335777
-0.45089605707061137
-0.39934766234686864
-0.3144670881602133
-0.17522637585902745
0.019121635593028864
0.24324722288520192
0.45454621790724037
0.6157440347201785
0.7102100259699817
0.7357317021852684
0.7000953110259205
0.6252953019014057
0.5352473787394454
0.43522533617680137
0.31243446238364153
0.1537919359581703
-0.03767614219260652
-0.2413784122248751
-0.4327072884897696
-0.5930626083911777
-0.7110572745891166
-0.7854218817208701
-0.8279672889216075
-0.8561658619921756
-0.8782947387790776
-0.884913217841162
-0.8517561951881147
-0.7511428913225241
-0.5657147395282731
-0.2969688502203327
0.030968736489687267
0.37200213796554826
0.671608935169463
0.891603376491153
1.0227950932809098
1.0725648157794532
1.0507505101477213
0.9689840259077118
0.8384415199798119
0.6654502301916245
0.4539758693103873
0.2093300132634355
-0.059845254900603884
-0.3388349181184661
-0.6038770672863063
-0.8227988423089764
-0.966458419859136
-1.024767372355664
-1.0074176616805108
-0.9294067874755071
-0.8009450808635309
-0.6283020961262957
-0.4165147352178308
-0.17317250040893734
0.08424924154060598
0.33072415814292055
0.5473972214901051
0.7266393358622396
0.8634384875646088
0.9488202979762193
0.9742458752048822
0.9378975105533847
0.8427792599718607
0.6904752456707837
0.4802710355621234
0.21565651624817023
-0.08739986701666319
-0.3977758916077895
-0.678025440690599
-0.8984256298463936
-1.0452575000966948
-1.1211398956326415
-1.133173462883831
-1.0776887236449266
-0.9482112720714766
-0.7582692568929421
-0.5395893767049965
-0.3153019897036147
-0.08763515247700046
0.14592898603490112
0.3756889152935357
0.5793825382640022
0.7294859735666972
0.8027207717204163
0.7917017093583452
0.7131645234019975
0.601185256991618
0.48738397432605296
0.3853738228111007
0.28311367317090286
0.15216066693698038
-0.02009526427999446
-0.21663257976824812
-0.41638413657955575
-0.6123993300843386
-0.8008288619502908
-0.9674282766394131
-1.0854446098476465
-1.1248186514331828
-1.0625841636451003
-0.885287313473691
-0.5949540752683623
-0.21689521708945128
0.20659090396557933
