-5.267357409485906583e-01
-2.160955471133461370e-01
3.352935335703412234e-02
1.779498351163803505e-01
1.982440747678167470e-01
1.088665533762276094e-01
-4.135844528681667520e-02
-1.850756508193759364e-01
-2.658495643066425274e-01
-2.614208507760971134e-01
-1.854225642514938377e-01
-7.812115548882185567e-02
4.244973271294173733e-03
9.207262951050619246e-03
-8.435964429361765549e-02
-2.496084327980882256e-01
-4.218162855441234260e-01
-5.278667083303202334e-01
-5.200782170202199461e-01
-4.024570141611754637e-01
-2.277575319930450481e-01
-6.678747115603661522e-02
2.106655390490088861e-02
7.103327834718824868e-03
-9.690597281992724410e-02
-2.428263344793281375e-01
-3.624167913857721524e-01
-3.917407744822249960e-01
-2.949918452708740757e-01
-8.125410219406435652e-02
1.903791141277584864e-01
4.293788307950115457e-01
5.510859851359040107e-01
5.106297999906097562e-01
3.233461491817336553e-01
6.101141486015772275e-02
-1.850329880609412614e-01
-3.435675651037316536e-01
-3.746140722736926443e-01
-2.744701947908773643e-01
-8.948486506071426372e-02
9.517961481866869800e-02
1.987684491223733751e-01
1.812352155643605633e-01
5.392634414681399257e-02
-1.261907682541438258e-01
-2.780022510953404358e-01
-3.322820373601146349e-01
-2.627032010404656281e-01
-9.107275249317484112e-02
1.298144036114571853e-01
3.330926065400162117e-01
4.507304858218685317e-01
4.375999541635358092e-01
2.990426659480710514e-01
9.235168333292867460e-02
-1.058151526045137958e-01
-2.365592066258545567e-01
-2.729324289722319663e-01
-2.187683378652353627e-01
-1.094029697136657542e-01
-7.288509697288683697e-03
2.248992610957451649e-02
-5.197582093775381107e-02
-2.084784803893690308e-01
-3.860433648033843035e-01
-5.240940812798866588e-01
-5.798245636312771012e-01
-5.212306490847778973e-01
-3.385330281090189186e-01
-6.674529784165915414e-02
2.213439447635555668e-01
4.477154904904546151e-01
5.592110775909019393e-01
5.474615611305120311e-01
4.538406829905156092e-01
3.491527924351962575e-01
2.970137420320098642e-01
3.246631056792956271e-01
4.167826009715250302e-01
5.283845929805912611e-01
6.029627086367884692e-01
5.900829795713345982e-01
4.625330560842735861e-01
2.310835695989480187e-01
-5.340708814531626436e-02
-3.170575957710827786e-01
-4.884602464252648657e-01
-5.220354060272381913e-01
-4.131625085973292810e-01
-2.020927640731894626e-01
3.516626681962215645e-02
2.166130270130172120e-01
2.902983282060236370e-01
2.486874999870602732e-01
1.262328866610211708e-01
-7.304320288657840249e-03
-7.199841627276182265e-02
-2.425005621650880988e-02
1.088345592702728987e-01
