1.001528259670477095e+00
1.001181632991394066e+00
9.996232937953445363e-01
9.963664678417626375e-01
9.909352685787479187e-01
9.828122599367060674e-01
9.714066122169656703e-01
9.560433525829461487e-01
9.359708384975304885e-01
9.103818868591879720e-01
8.784437579847123034e-01
8.393329996491517564e-01
7.922724989559513098e-01
7.365695014547219976e-01
6.716544860665343286e-01
5.971214302016205622e-01
5.127701067755811026e-01
4.186506817236131939e-01
3.151101539283256980e-01
2.028392514687167858e-01
8.291741316431555653e-02
-4.314744001413817198e-02
-1.733884176737274518e-01
-3.053631051877880864e-01
-4.361559170955594533e-01
-5.624043763196587831e-01
-6.803540494361398627e-01
-7.859461995822462077e-01
-8.749411109925285812e-01
-9.430784378100168786e-01
-9.862737954819076336e-01
-1.000848137031751905e+00
-9.837832760060756243e-01
-9.329933299832209315e-01
-8.475980313855737691e-01
-7.281800327848890753e-01
-5.770048502922944245e-01
-3.981793479287383253e-01
-1.977231431625866565e-01
1.647246818095781870e-02
2.348209740827851832e-01
4.463701296106923899e-01
6.392936539156005571e-01
8.015425306813495077e-01
9.216382548632943150e-01
9.895726239367790278e-01
9.977593164276024051e-01
9.419632403312993008e-01
8.221168078831095904e-01
6.429207845100566310e-01
4.141243750638148313e-01
1.503879026107944328e-01
-1.293456240576362493e-01
-4.030052209066464219e-01
-6.470545083756459315e-01
-8.385782018048278941e-01
-9.576369691866889466e-01
-9.896662809491258983e-01
-9.276398678014339261e-01
-7.736893770120087943e-01
-5.398802196890029048e-01
-2.478978952838915839e-01
7.249768017930879882e-02
3.862446301577121544e-01
6.567944140964352417e-01
8.505985425857204296e-01
9.417285218962713200e-01
9.159777376019113682e-01
7.737656403050269249e-01
5.312437823791524849e-01
2.191979852303351239e-01
-1.203606661185270127e-01
-4.396552260976732129e-01
-6.920086316329659981e-01
-8.391417002983548867e-01
-8.577241042594822007e-01
-7.439793344054737023e-01
-5.153453533611819237e-01
-2.086103700389179694e-01
1.254704258008178253e-01
4.304079379876616929e-01
6.537756973378791026e-01
7.568463186922204100e-01
7.222034907035398410e-01
5.576907394966622578e-01
2.956505938847066028e-01
-1.271429650115571582e-02
-3.070201566632256296e-01
-5.296566186200698523e-01
-6.376233174315694141e-01
-6.117011635135848335e-01
-4.608196921414507430e-01
-2.204174343259324709e-01
5.511330462849031026e-02
3.044281152522237965e-01
4.730761065883202776e-01
5.260006111160906439e-01
4.556625216592273264e-01
2.836776824204174097e-01
5.537773510444003039e-02
-1.715316684924910462e-01
-3.414770475295978436e-01
-4.150187789390137327e-01
-3.786802571159963438e-01
-2.479327394700580334e-01
-6.244385250449411423e-02
1.251921348837219117e-01
2.641678749623472822e-01
3.194970352723386364e-01
2.813573600316150447e-01
1.670312878052314376e-01
1.488750903706541687e-02
-1.277639283702652895e-01
-2.192191012041767306e-01
-2.358306954862029459e-01
-1.784946367592026573e-01
-7.119541825626772569e-02
4.779771459532593941e-02
1.390758580843679537e-01
1.751287860179530087e-01
1.488859831593522254e-01
7.494518815196993256e-02
-1.675163236882721424e-02
-9.235868162861657349e-02
-1.264386076413086257e-01
-1.106439490120412483e-01
-5.567992402115242573e-02
1.396138131681105322e-02
7.023885896203857504e-02
9.263632584168808581e-02
7.569667675674331131e-02
3.015096493391643956e-02
-2.256244559578417935e-02
-5.987327364890332460e-02
-6.759156929417271809e-02
-4.533595486268858499e-02
-5.719348639172255021e-03
3.208781244433250857e-02
5.133075130752873944e-02
4.504674997626948590e-02
1.855889850523017442e-02
-1.385044698525042008e-02
-3.627599774909141123e-02
-3.888049858141021109e-02
-2.222692764326811982e-02
3.711880452984742899e-03
2.514338589425671455e-02
3.164584376444720681e-02
2.124337751297783114e-02
8.521648789078528369e-04
-1.793093457386398318e-02
-2.527401383967744705e-02
-1.825334522538593629e-02
-1.973549773008579245e-03
1.377065159467759370e-02
2.024667780792061347e-02
1.462068535550308836e-02
1.175945300817248136e-03
-1.162649450514746143e-02
-1.635382233759948012e-02
-1.091412208084151757e-02
5.494577126192541280e-04
1.056974166000112202e-02
1.313156034668424947e-02
7.289697436184842082e-03
-2.573077194545603155e-03
-9.861727824715366131e-03
-1.012453847429058140e-02
-3.788189448272494177e-03
4.437365304910231151e-03
8.945057938730393080e-03
7.030150884666455310e-03
5.275766878265902588e-04
-5.731185229379372019e-03
-7.440008353210701697e-03
-3.783596954885961282e-03
2.211828931481668592e-03
6.076055050432374767e-03
5.199549280203144032e-03
6.101824658762226026e-04
-4.011537832315585292e-03
-5.228270205633924091e-03
-2.404123459321322927e-03
1.991041886394823678e-03
4.463851512527918994e-03
3.257083986771352590e-03
-3.898663888225444170e-04
-3.403802291419289350e-03
-3.434397208998898107e-03
-6.951046886543970618e-04
2.369190104299011453e-03
3.220478932486150938e-03
1.329148042834122799e-03
-1.508915491431763118e-03
-2.827281853205846750e-03
-1.625164097302382636e-03
8.653230838287190134e-04
2.383343316719499592e-03
1.677573504955037981e-03
-4.524880302269588704e-04
-1.993204054531112854e-03
-1.598775564300622919e-03
2.296118677051958430e-04
1.712447765427886192e-03
1.507828359199356360e-03
-6.935585022293395670e-05
-1.444674252579021892e-03
-1.350007892990523831e-03
-1.259571476930157767e-05
1.159807455787882375e-03
1.025100155626368706e-03
-1.820832335361638617e-04
-1.158056655190357670e-03
-8.902320293959452291e-04
3.389864656177897636e-04
1.302520045619807781e-03
1.115389669587796284e-03
9.524973965762998057e-05
-6.708293232389580174e-04
-5.335361661947543924e-04
5.555398205818243003e-05
1.154766523063651903e-04
-7.195105829743852653e-04
-1.746102099877545714e-03
-1.905549303357615375e-03
-8.556515296430537232e-04
7.636915467052053479e-04
2.090399664106469633e-03
2.891798983116608632e-03
3.525641969522788806e-03
4.114746597713180888e-03
3.983090001198248860e-03
2.104215403636531742e-03
-1.863448180776404017e-03
-7.048863240372372010e-03
-1.183911102741171985e-02
-1.472098977416187726e-02
-1.458494176672956409e-02
-1.043955464843442614e-02
-1.370078291008312767e-03
1.265166395077177777e-02
2.958617534224752474e-02
4.487353332500557124e-02
5.221002667967063887e-02
4.499190202754858176e-02
1.760503660490689640e-02
-3.355913783461361016e-02
-1.089398289885274568e-01
-2.045650213370276416e-01
-3.117285683270701879e-01
