0.27449204480661166
0.3369894208269144
0.34075191325307536
0.26279697703735977
0.12010121811353595
-0.04134895656967501
-0.1641068668148491
-0.19661563801382292
-0.11294344171405217
0.07457501201238181
0.3153918108111012
0.5331090898894603
0.656092625078099
0.6547560453118165
0.553292100246695
0.4021474841417659
0.2459038726637295
0.1198102198032413
0.054222381923110824
0.06616910668175577
0.15065328897933808
0.27976230382337675
0.4061438866092839
0.4727567592310336
0.43424674323617535
0.28401974305011923
0.06720519161329326
-0.13466798670152938
-0.24184202118272613
-0.21564845718967404
-0.07530610272259258
0.11161714078697432
0.25508652439764173
0.28226201179140387
0.17572333314863942
-0.01966583168963939
-0.22538923081179207
-0.36915445469784447
-0.4106153889834256
-0.34935193936643827
-0.22365765380267047
-0.09036439039805083
0.007689805164681977
0.04925214751107655
0.02572406195040578
-0.04969709142192719
-0.13654448407428257
-0.18941731088166444
-0.18083370530668202
-0.10711634660949697
0.011672147199108786
0.1383617496761802
0.2314510588665541
0.2518404199908117
0.17189237275490868
-1.1802228677145962E-4
-0.2053515145698011
-0.3607300077156174
-0.4054757756963769
-0.3260300146807832
-0.1556895757465521
0.03691249747960859
0.1700740624860734
0.18299452192987115
0.06906209805306904
-0.12056745254704947
-0.30922895757232155
-0.42709367949822946
-0.42815608157410795
-0.3048354620164619
-0.0946324057776062
0.13358321995734895
0.3057935414476888
0.36650645041332663
0.2972891540501663
0.12799016458123766
-0.0712028606070264
-0.21899625493426483
-0.2573277176891449
-0.17227427869334816
0.0034339187277191707
0.2020330701844849
0.3479540994278532
0.3922266855700986
0.3304826680470695
0.2004705200506867
0.066520320189469
-0.008417297911718781
0.00793197322196566
0.10491068660467713
0.24218916731459758
0.37291245747312746
0.4545064675612929
0.45548667195210274
0.3717066720916791
0.23325910950551834
0.08463969101626784
-0.039287479644211976
-0.11649345752692503
-0.1334882413712998
