-6.997237353193507259e-01
-2.409419569393310978e-01
1.573120692122128572e-01
4.684564401930851885e-01
6.905701637705984330e-01
8.239885409053552268e-01
8.704431221966063559e-01
8.365093587417844478e-01
7.335985257482253719e-01
5.795550528822147607e-01
3.930379123559486487e-01
1.821437793715023901e-01
-5.532366281434576705e-02
-3.165224299946047815e-01
-5.803482192900775161e-01
-8.101782841143075897e-01
-9.715997373000880843e-01
-1.051894225980315456e+00
-1.062042023649836908e+00
-1.017339473052494725e+00
-9.207221706917988469e-01
-7.687435171943040046e-01
-5.666373527108998776e-01
-3.322059782858928223e-01
-8.803707379816488876e-02
1.477398240387563511e-01
3.675160974639731792e-01
5.747510795161572261e-01
7.731737642556418821e-01
9.547344339320722462e-01
1.100161815153958722e+00
1.187421597343875090e+00
1.200801890861462606e+00
1.134927624841864269e+00
9.917178888195518072e-01
7.771132581936330830e-01
5.038082190440048569e-01
1.970449097923661352e-01
-1.094126450950732160e-01
-3.877043765043602375e-01
-6.252304373773069912e-01
-8.232240215128693306e-01
-9.847397197168665794e-01
-1.098610025083180730e+00
-1.142628100174558847e+00
-1.106304026939322505e+00
-9.984762543597720530e-01
-8.331808328206898873e-01
-6.235828299717091072e-01
-3.863827619457669282e-01
-1.341198084801991652e-01
1.312759089418614189e-01
4.047703899634280122e-01
6.708970233126313465e-01
9.114140768408327542e-01
1.106749678030994888e+00
1.236288006671257156e+00
1.284857461229692133e+00
1.248176138178470618e+00
1.133792062707715598e+00
9.548399671639679065e-01
7.223312828026484667e-01
4.464065319735952553e-01
1.416611686368776102e-01
-1.722759046322203669e-01
-4.738708444264482234e-01
-7.405901814921735937e-01
-9.452665184132900134e-01
-1.057705102241003337e+00
-1.059962103368556674e+00
-9.637222686230021429e-01
-8.100865420460742206e-01
-6.459511787929913540e-01
-4.951411751847886733e-01
-3.525383755408981190e-01
-2.023580106068027795e-01
-3.515336210513786419e-02
1.475032106546219912e-01
3.348945076469518334e-01
5.114061170527973710e-01
6.580697008634709411e-01
7.536331195191720012e-01
7.822915995068080441e-01
7.423287145939551079e-01
6.449785818196100973e-01
5.025214825500978755e-01
3.213915724083722392e-01
1.093519581438969629e-01
-1.193498325261351661e-01
-3.487414158778296969e-01
-5.653188668765017910e-01
-7.532220637630739901e-01
-8.920489736659704683e-01
-9.714525405776704980e-01
-1.000061016720945828e+00
-9.891484126703684598e-01
-9.359216110313640646e-01
-8.285526518335666335e-01
-6.571644785184224125e-01
-4.174939056920560776e-01
-1.186546574351827754e-01
2.089203077389400198e-01
5.221427426795272053e-01
7.843660507230623136e-01
9.764643513818352938e-01
1.092172928625495754e+00
1.129671078603423418e+00
1.094525254636407041e+00
1.001963572863628693e+00
8.626384436935718991e-01
6.714663147040831337e-01
4.214304601221426361e-01
1.234524281446594540e-01
-1.917408054072438361e-01
-4.847989463955314493e-01
-7.221486413700166640e-01
-8.878560563747688317e-01
-9.844079567617685100e-01
-1.021014028898006298e+00
-1.001501371855545885e+00
-9.235170141202886374e-01
-7.875126116965196488e-01
-6.048252244408265366e-01
-3.925006022328197952e-01
-1.629799621525122588e-01
7.264856795225764496e-02
3.010766505927158221e-01
5.150828813397687611e-01
7.110370897499245224e-01
8.740427204991730870e-01
9.791546801625594654e-01
1.007871481261748858e+00
9.565368418494359926e-01
8.351964205503501493e-01
6.657042252693956552e-01
4.726167688830297808e-01
2.693004178676961513e-01
5.861954491687479396e-02
-1.518092859115461324e-01
-3.386794370791075814e-01
-4.722692620365104288e-01
-5.413303756735072803e-01
-5.609199000851756711e-01
-5.522930285521128191e-01
-5.269371205948979453e-01
-4.913276150335781356e-01
-4.508960570706116999e-01
-3.993476623468688036e-01
-3.144670881602132928e-01
-1.752263758590273668e-01
1.912163559302896068e-02
2.432472228852019802e-01
4.545462179072403686e-01
6.157440347201783570e-01
7.102100259699816176e-01
7.357317021852685102e-01
7.000953110259207079e-01
6.252953019014060310e-01
5.352473787394457228e-01
4.352253361768017026e-01
3.124344623836418089e-01
1.537919359581704781e-01
-3.767614219260644048e-02
-2.413784122248751329e-01
-4.327072884897696370e-01
-5.930626083911777480e-01
-7.110572745891166058e-01
-7.854218817208702408e-01
-8.279672889216079801e-01
-8.561658619921760360e-01
-8.782947387790780436e-01
-8.849132178411621696e-01
-8.517561951881149618e-01
-7.511428913225242088e-01
-5.657147395282730029e-01
-2.969688502203324254e-01
3.096873648968763437e-02
3.720021379655486515e-01
6.716089351694631837e-01
8.916033764911528436e-01
1.022795093280909784e+00
1.072564815779453395e+00
1.050750510147721251e+00
9.689840259077118212e-01
8.384415199798119778e-01
6.654502301916245255e-01
4.539758693103871923e-01
2.093300132634354216e-01
-5.984525490060393915e-02
-3.388349181184661663e-01
-6.038770672863063016e-01
-8.227988423089763748e-01
-9.664584198591360531e-01
-1.024767372355664063e+00
-1.007417661680510834e+00
-9.294067874755072012e-01
-8.009450808635310004e-01
-6.283020961262958393e-01
-4.165147352178307782e-01
-1.731725004089372244e-01
8.424924154060618731e-02
3.307241581429208321e-01
5.473972214901052791e-01
7.266393358622398324e-01
8.634384875646091695e-01
9.488202979762196954e-01
9.742458752048828163e-01
9.378975105533853274e-01
8.427792599718613165e-01
6.904752456707842212e-01
4.802710355621237492e-01
2.156565162481703102e-01
-8.739986701666327407e-02
-3.977758916077897000e-01
-6.780254406905992237e-01
-8.984256298463938473e-01
-1.045257500096695269e+00
-1.121139895632641936e+00
-1.133173462883831251e+00
-1.077688723644927071e+00
-9.482112720714770404e-01
-7.582692568929424448e-01
-5.395893767049967371e-01
-3.153019897036147823e-01
-8.763515247700033595e-02
1.459289860349013146e-01
3.756889152935359300e-01
5.793825382640023225e-01
7.294859735666971989e-01
8.027207717204162263e-01
7.917017093583451626e-01
7.131645234019975410e-01
6.011852569916180666e-01
4.873839743260531820e-01
3.853738228111008302e-01
2.831136731709029131e-01
1.521606669369802989e-01
-2.009526427999459158e-02
-2.166325797682481791e-01
-4.163841365795557525e-01
-6.123993300843385557e-01
-8.008288619502907935e-01
-9.674282766394132205e-01
-1.085444609847646458e+00
-1.124818651433182826e+00
-1.062584163645100332e+00
-8.852873134736910510e-01
-5.949540752683623035e-01
-2.168952170894513087e-01
2.065909039655794144e-01
