3.722737094712311179e-02
9.621305888385023319e-01
8.481510659285563802e-01
9.509215005066193882e-01
3.032273270534283638e-01
3.855264450890023009e-01
-8.775566971871306965e-01
-7.107346912765281077e-01
-1.887591092762152645e+00
2.185046030979151954e-01
1.086809739698917643e-01
8.986401638641141609e-01
1.117754782148584480e+00
1.976097135677257199e-02
1.030953177718523461e+00
-2.856160117788285047e-01
-1.279888520819392195e+00
-2.248429514833735210e-01
-6.606208077259883016e-01
-1.810807049387869405e+00
-1.125451660953170396e+00
-4.452034089985946741e-01
9.617479366111092443e-01
1.206783904651449912e+00
5.088482377953579272e-01
-1.835806610166656194e-01
2.693715036173720545e-01
-5.103081511888202249e-01
-6.624382856590163016e-01
-1.602663044957817196e+00
3.316254207324745851e-01
2.680882947729091303e-01
2.870689453593735507e-01
2.245528214611673068e+00
5.113903295959587592e-01
6.846120542356578520e-01
-7.190018468256693662e-01
-7.021928172454510175e-01
-1.955722879482696630e+00
-4.589304330840466850e-01
5.574138811592090764e-02
6.293237021030871903e-01
1.645838334469320818e+00
1.031627474993473070e+00
6.437076481570196407e-01
-4.999078959106870723e-01
-6.734740160305746626e-01
-1.369833150932373567e+00
-6.520366887118511645e-01
-3.173539173168340444e-01
-3.819860155581872307e-02
8.256866632874819700e-01
1.303035009696249080e+00
4.892712835061988619e-01
-3.538678731097036900e-01
-8.498829610804056189e-01
-1.424599703405664997e+00
-5.199801694177144107e-01
-9.106438782791030917e-01
-5.763241613780307748e-01
3.105716568395764932e-01
9.034886001407693712e-01
1.335020305397708107e+00
1.876362005321408066e+00
3.745569293267921873e-01
-3.512588487166024009e-01
-7.975460212334986032e-01
-1.999050626452989476e+00
-5.701545562150021063e-01
-9.761881530157217046e-01
-1.218354697292581418e-01
1.177871416889032741e+00
8.602558864788252269e-01
1.027485591012038402e+00
4.228762291997105738e-01
-1.441407078223687188e+00
6.542422910098697475e-01
-1.037271998889176539e+00
-8.852988115101136923e-01
-5.528163434389469222e-01
-3.284845273552039480e-01
2.432324346664154202e-01
5.889048145419493174e-01
9.103712676611978027e-01
5.197648020481179243e-01
-2.906859464647861269e-01
-9.345940407919318682e-01
-8.218749973385075513e-01
-1.101396965983093779e+00
-1.243742455724242912e+00
-5.904180630285634779e-01
2.521206865754976878e-02
7.436466415874112279e-01
1.585345514270025014e+00
9.314887200856948324e-01
-2.746189552049888016e-01
-2.731428560820975959e-01
-1.699787312171496145e+00
-1.284475681128391056e+00
-5.073104409080789745e-01
