2.494656240508368317e-01
3.875193173151785797e-01
4.807293137329367583e-01
4.957060021995952082e-01
4.273400030869037303e-01
3.010544860760920871e-01
1.631817401227929620e-01
6.278812897921821901e-02
3.160741553015969374e-02
6.989804872517159373e-02
1.449675771474563668e-01
2.042735865484504032e-01
1.978229733515431410e-01
9.966114917308017962e-02
-8.082380827715782146e-02
-3.016794596071022960e-01
-5.034483484611341764e-01
-6.305960354819158953e-01
-6.511909414123636664e-01
-5.675337579190068427e-01
-4.141627690108626303e-01
-2.444405843414976243e-01
-1.113782212347928513e-01
-5.026299082603023077e-02
-6.862432510948003606e-02
-1.458507928303579004e-01
-2.422026119880591744e-01
-3.136916297822125999e-01
-3.268089190679215328e-01
-2.684562351991959250e-01
-1.494130511626955427e-01
-6.577389526020577248e-04
1.370521588782900868e-01
2.270917454291209725e-01
2.495457788362938634e-01
2.081971364347209585e-01
1.289998243389743060e-01
4.971373802647392759e-02
4.097206520642298309e-03
7.207441971912312978e-03
4.921308941275239629e-02
1.015481733654351182e-01
1.320518091435400332e-01
1.206872691298421924e-01
6.849911756691694220e-02
-2.832658545903324766e-03
-5.928535657398437131e-02
-6.698483617527759004e-02
-4.938591709304651460e-03
1.256552321587530718e-01
2.987236410015911559e-01
4.691756560510519369e-01
5.867731695525164604e-01
6.140808881170113365e-01
5.415204507362733066e-01
3.925514135583417219e-01
2.160749260636429525e-01
6.870833138670230655e-02
-6.496895213947738792e-03
3.400252518487529262e-03
7.698104533571535624e-02
1.692360212090332217e-01
2.322122363244274179e-01
2.351714220050367121e-01
1.752854738396933676e-01
7.580544061662250477e-02
-2.545563143926697636e-02
-9.150843651070325602e-02
-1.000267021689034141e-01
-5.192892717780971806e-02
2.800217011570971942e-02
9.959878430936905391e-02
1.224922121926728391e-01
7.255186660135261312e-02
-4.641742077342342343e-02
-2.010006979347896683e-01
-3.391453281321405999e-01
-4.102909839368318323e-01
-3.858865643916811750e-01
-2.717596124969380300e-01
-1.075784886159349557e-01
4.684384000150515481e-02
1.336100951681701843e-01
1.184519314132552459e-01
3.393541959703091221e-03
-1.739357014281090463e-01
-3.528535080711799887e-01
-4.692263414335102190e-01
-4.765506639795019650e-01
-3.621745716414755401e-01
-1.521718744150097891e-01
9.771743517008787960e-02
3.208061853879076164e-01
4.596520830885679754e-01
4.809187765821155702e-01
3.813886042621737471e-01
1.840615343346123645e-01
-7.421535771603285370e-02
-3.585166292033284408e-01
-6.469995582874582540e-01
