5.184339082044181E-12
9.723643609173974E-12
1.3365770321638928E-11
1.460047194982586E-11
1.1964959609656783E-11
4.509025658956153E-12
-7.685037812367238E-12
-2.306064700825833E-11
-3.839257581844768E-11
-4.9010852027600905E-11
-4.956406436152675E-11
-3.533441261321799E-11
-3.9550624507036525E-12
4.2809208934118225E-11
9.772954097415138E-11
1.4783543619095897E-10
1.757531938846416E-10
1.6298490214980969E-10
9.501070687778174E-11
-3.250894785558574E-11
-2.07815015934333E-10
-3.9933887978050774E-10
-5.563221117764384E-10
-6.15536739359764E-10
-5.148255259839889E-10
-2.1243850857799008E-10
2.9107879242074166E-10
9.339307507426299E-10
1.5841257575619126E-9
2.0477769549717314E-9
2.0999284351898437E-9
1.5387400682380206E-9
2.571560087339326E-10
-1.68177675423678E-9
-3.987134139015965E-9
-6.1253391997277865E-9
-7.372304262589497E-9
-6.94692696770838E-9
-4.2222272297454936E-9
1.0148151148878495E-9
8.311516000903071E-9
1.638584974266675E-8
2.3140379914430753E-8
2.5929804665754518E-8
2.2115617916478417E-8
9.869449304735563E-9
-1.0906155221934151E-8
-3.776569787929594E-8
-6.531289096915884E-8
-8.550343627473197E-8
-8.888782937971022E-8
-6.684218945730701E-8
-1.45571427039648E-8
6.577909363020792E-8
1.6248107656184987E-7
2.536170595928464E-7
3.0902902576282857E-7
2.957609518650675E-7
1.8678961656738992E-7
-2.809718454462061E-8
-3.3160366059173623E-7
-6.717366433413847E-7
-9.618900081478988E-7
-1.0914654854272346E-6
-9.485716112988926E-7
-4.5337618775660814E-7
4.0318764035845186E-7
1.5246812218711738E-6
2.690715787722762E-6
3.5677642650227727E-6
3.7591759044014324E-6
2.8969461216608357E-6
7.662832931073986E-7
-2.5599828522583934E-6
-6.613468780919693E-6
-1.049348563009128E-5
-1.2944793497137012E-5
-1.2578041853566583E-5
-8.230538373365956E-6
5.786394751377115E-7
1.3194578517744082E-5
2.7511702292016013E-5
3.995661446805116E-5
4.590838260194694E-5
4.062653889279968E-5
2.063485216599433E-5
-1.4652793420568584E-5
-6.144809729371765E-5
-1.1075980942763268E-4
-1.487687029056698E-4
-1.588363724208172E-4
-1.2527716722877223E-4
-3.8546265791884954E-5
9.90894636224927E-5
2.6889949653413663E-4
4.339280025341264E-4
5.41963158011341E-4
5.344750149760429E-4
3.6150835233293894E-4
7.040921946967676E-7
-5.234557913352316E-4
-0.0011259191653221216
-0.0016595126980519554
-0.001931550864196822
-0.001741784580875379
-9.398342400138997E-4
5.064994728154913E-4
0.0024478535959405866
0.004516330838063574
0.006138168285532132
0.006614816531823694
0.005279101327125222
0.001713666231342558
-0.004005322284771072
-0.011099906562247987
-0.01799383362044074
-0.022403254284296053
-0.02166543850733986
-0.013304832400359266
0.004238590735845802
0.03087755529782787
0.06437071211109943
0.10029214790755903
0.13266774290508096
0.1552902681759858
0.1634236266228206
0.1552902681759857
0.13266774290508085
0.10029214790755892
0.06437071211109932
0.030877555297827763
0.004238590735845717
-0.013304832400359321
-0.021665438507339888
-0.02240325428429606
-0.017993833620440727
-0.01109990656224796
-0.004005322284771042
0.0017136662313425833
0.005279101327125238
0.006614816531823699
0.006138168285532127
0.004516330838063563
0.0024478535959405715
5.064994728154765E-4
-9.398342400139118E-4
-0.0017417845808753876
-0.0019315508641968265
-0.0016595126980519567
-0.0011259191653221208
-5.234557913352295E-4
7.040921946992748E-7
3.615083523329411E-4
5.344750149760445E-4
5.419631580113417E-4
4.3392800253412616E-4
2.68899496534136E-4
9.908946362249186E-5
-3.8546265791885754E-5
-1.2527716722877288E-4
-1.5883637242081764E-4
-1.4876870290567003E-4
-1.107598094276327E-4
-6.144809729371754E-5
-1.4652793420568434E-5
2.0634852165994473E-5
4.0626538892799776E-5
4.590838260194697E-5
3.995661446805114E-5
2.7511702292015952E-5
1.3194578517744007E-5
5.786394751376458E-7
-8.230538373366002E-6
-1.2578041853566608E-5
-1.294479349713703E-5
-1.0493485630091305E-5
-6.61346878091974E-6
-2.5599828522584616E-6
7.662832931073179E-7
2.8969461216607654E-6
3.759175904401406E-6
3.567764265022828E-6
2.6907157877229266E-6
1.5246812218714533E-6
4.0318764035881646E-7
-4.5337618775622925E-7
-9.485716112986081E-7
-1.091465485427175E-6
-9.618900081481846E-7
-6.717366433420865E-7
-3.3160366059282996E-7
-2.809718454595178E-8
1.8678961656611786E-7
2.957609518642676E-7
3.090290257629574E-7
2.536170595942853E-7
1.624810765647552E-7
6.577909363436168E-8
-1.4557142699257986E-8
-6.684218945322472E-8
-8.888782937777305E-8
-8.550343627649734E-8
-6.531289097576517E-8
-3.7765697890927996E-8
-1.0906155237335884E-8
9.869449288531437E-9
2.2115617904023962E-8
2.5929804662522323E-8
2.3140379925570215E-8
1.6385849771296115E-8
8.311516046245461E-9
1.014815170746061E-9
-4.222227175559667E-9
-6.946926932385707E-9
-7.372304265370743E-9
-6.125339256994645E-9
-3.987134258029955E-9
-1.681776926813945E-9
2.571558107230803E-10
1.538739893353286E-9
2.099928346928701E-9
2.0477770192630115E-9
1.584126023868438E-9
9.339312296152762E-10
2.9107943470768725E-10
-2.1243782381269806E-10
-5.148249872310889E-10
-6.155365760339844E-10
-5.563225431346403E-10
-3.993400438286334E-10
-2.0781689083945126E-10
-3.251128631043862E-11
9.500840457580775E-11
1.6298335064029825E-10
1.7575320316676016E-10
1.4783770907663479E-10
9.773441150402777E-11
4.28163744164201E-11
-3.946737374990539E-12
-3.532692787464801E-11
-4.956006848926287E-11
-4.901313173350096E-11
-3.840327284147123E-11
-2.3080316493788867E-11
-7.711762304136909E-12
4.480172468887364E-12
1.1941778046933761E-11
1.459256689027385E-11
1.3382447036518094E-11
9.770936126554955E-12
