-8.918605982134542032e-01
1.118974456817326546e-01
6.409758665844271786e-01
-3.961842153114853993e-01
9.758992121182419321e-01
6.706426951126047697e-01
6.210074045329900816e-01
9.020837727261237227e-01
1.317434630758996139e+00
4.245819676788986641e-01
7.562683535776637545e-01
9.194351574507201308e-01
2.580355970096928631e-01
-6.979347507258533145e-01
-6.476010843922240801e-01
-7.540949225620955376e-01
-1.050503321307252325e+00
1.111341105995586886e-01
-1.422469270904918037e+00
-6.477365632052760613e-01
-7.991156150221242482e-01
-1.575299317070775640e+00
-5.912949917829832813e-01
-5.366145456823107063e-01
-9.981493901421637505e-01
2.854135894466123258e-01
3.334813004853953711e-01
5.463313147354060817e-01
1.902082749559466102e+00
5.260668851726566508e-01
3.511118762020443151e-01
7.079843758875684623e-01
1.319507987056002252e+00
4.144638910328344306e-01
9.148016877831843807e-01
1.043958282204505927e+00
1.280887035954420217e+00
3.716456994402733693e-03
-3.977635339256668789e-01
8.478969305633843323e-02
2.308648792136447359e-01
-1.148752598446985296e+00
-1.612624392862662237e+00
-9.708927820287625021e-01
-1.127073442192970898e+00
-6.374312589631956349e-01
-4.381652303152378525e-01
-8.631803092100138741e-01
-3.926973892988638859e-01
-6.433910218292623329e-01
-1.628770055525870231e-01
5.612835834778057142e-01
1.284644672796164455e+00
8.750424328546240194e-01
6.385304895186774132e-01
1.016412412657221154e+00
1.438734898062280942e+00
1.194347563706080750e+00
1.144263545922567404e+00
7.475591134681324190e-01
1.306003667378850874e+00
3.411511234627607192e-01
-1.769515821578319659e-01
3.584121806733153170e-01
-5.616418507599376664e-01
-4.253948483396298164e-01
-9.780155501652847416e-01
-1.245101366390256370e+00
-1.482202626817052504e+00
-1.893197155414046540e+00
-7.818650516157288344e-01
-7.065012586584957788e-01
-5.221075687128521325e-01
1.191431251584321727e-01
-5.476760162532932075e-01
-1.863254026045491341e-01
6.176422612707975768e-01
3.058699624814339990e-01
3.376898988860861928e-01
7.340624435596435626e-01
6.363568908426404658e-01
-1.656529647580394782e-01
1.034408513014456021e+00
9.913096054529361156e-01
-4.763416417185206697e-02
1.026576690336941100e+00
4.170485898953094073e-01
2.167417463821924573e-01
-4.830649887645322993e-01
-2.207265049908948840e-01
1.805382746664885296e-01
-6.214682235275148514e-02
-8.505969030677621445e-01
-1.343409975622971153e+00
-1.899253667548359559e+00
-1.237617901899656925e-01
-9.342492373126231042e-01
-5.975645048833113648e-01
-7.070151568579181589e-01
2.592127709760191911e-02
8.907871574065867257e-03
-3.926072784818460115e-02
1.168256906482597612e+00
8.279743908676640007e-01
7.162046700482449513e-01
1.183320643586243781e+00
5.616141996449791618e-01
1.007236697302607675e+00
-3.312033060154642161e-01
1.162268084809068736e+00
1.985261417316320109e+00
1.096898504943389918e-01
-2.945847323234097037e-01
-1.173694639661885114e-01
-2.692297986298329837e-01
7.593885412347809449e-01
-7.784258380109080333e-01
-1.577060141782570923e+00
-8.582785267705789201e-01
-1.225876589832072705e+00
-7.141435847232830980e-01
-2.733196607262744493e-01
-6.595171155802261875e-01
-9.683895807663305266e-01
-1.029316533808088074e+00
-2.594139455558936991e-01
6.222946998036726907e-02
6.132276452979223968e-01
4.815058138103903151e-01
1.566851423028174706e+00
1.493452332528082849e+00
1.057731068507953509e+00
1.490341609841490556e+00
-2.129468734292294663e-01
3.456881693105148812e-01
1.050583321749432475e+00
8.057701529252396799e-01
-1.314467985287584573e-01
-7.481832204436354994e-01
-1.950708462010025013e+00
-5.007223009440736616e-01
-5.126176372789568170e-01
-6.522891929808379841e-01
-3.130542384874185347e-01
2.311209307863570928e-02
-9.120778187898013201e-01
-7.274161984729428099e-01
-1.024191151857805515e+00
4.017586713597520176e-01
-2.390796808253945749e-01
-2.041955980828141504e-01
1.915026461368470323e-01
1.018030890451319781e+00
1.421771160996720074e+00
1.149982796135910368e+00
2.805885012242336218e-01
1.288167876197366946e+00
2.187085590317499495e+00
1.853727722158430069e+00
-4.466419981453306765e-02
5.135714417162460244e-01
-3.562588272730568550e-01
-8.912989385880837334e-03
-3.544268774041243186e-01
6.015360237602307425e-01
-9.120009909013039318e-01
2.182639917377965366e-01
-1.293097846049913624e+00
-8.425097464137730752e-01
-1.598000021832038264e+00
-1.124288408768807201e+00
-5.912807275140301577e-01
-1.927493754176125895e+00
-2.642761894126743893e-01
4.898247012318384108e-01
7.474391154619483002e-01
7.888725790630027879e-01
1.023733130577759720e+00
-3.038921166827108777e-01
1.006055556999316369e+00
1.631851300260134252e+00
9.578005921318180071e-01
1.172347872493181509e+00
1.296839156196458731e+00
1.440868047016683473e+00
1.138643154942953650e+00
-5.423335693532258528e-01
-1.102535293546116346e-01
-4.646051559905814976e-01
-1.898932269210058810e-01
-5.603303405619973754e-01
-3.661436580599524704e-01
-1.526883907452641909e+00
-3.560147227459655728e-01
-1.010086251105829058e+00
-7.026271724239675498e-01
-1.119236956518497195e+00
-7.960638646911478711e-01
-5.022082171549323570e-01
-1.191333803722670615e-01
1.364870117957401596e-01
5.041979652029944248e-01
5.013226277257861740e-01
1.134799720969474901e+00
6.998046956009642550e-01
1.218858657258267364e+00
1.702060717949276158e+00
1.058362321742910561e+00
5.696727082830802535e-01
1.359641033704924507e+00
3.765125197380248534e-01
-2.990839916455162451e-01
2.137504519812673809e-01
4.460979708234092955e-01
-2.756154083584894110e-01
-3.553905761534119634e-01
-1.084047924946754948e+00
-1.820709745753157360e+00
-1.312824930534160828e+00
-1.147425770126338840e+00
-1.433389245266879719e+00
7.224952161684013996e-01
-1.121758823004745942e+00
-2.827206145293659212e-01
-9.039302044861140528e-01
1.289365576730472918e-01
-4.690989688993257856e-02
1.355085986695342970e-01
4.942745594753414906e-01
6.467019304938592672e-01
8.269985386481026879e-02
2.017702295679533187e+00
7.942026817008378536e-01
1.389387008697613002e+00
6.895962916708990864e-01
4.997917812423330330e-01
1.082965259209264453e+00
-3.397305082423991429e-01
-7.512210116139590443e-01
-7.579755947717073949e-01
-4.301780075373994316e-01
-1.180060325652195319e+00
-3.575504362614376763e-01
-1.192483538965323442e+00
-4.813059070031404652e-01
-9.759785370439422181e-01
-6.806096528317471250e-01
-4.162982901637080069e-03
-2.347480942863280906e-01
-7.464270665545225114e-01
