-5.219577820010005142e-01
3.187184255687189882e-01
6.688088788633417270e-02
9.102992985396642922e-01
7.386897753913743703e-01
5.646286691009737568e-01
-1.613655138135594025e-01
-1.069786663994451326e+00
-8.830882267286098708e-01
-3.238428202603126360e-01
-8.322625030129787715e-01
1.091121165258086556e-01
3.281443904361911468e-01
1.107429679077866158e+00
6.893073701674379272e-01
-3.779669044608168771e-01
-5.520500372010310741e-01
-1.498292726036031919e+00
-1.969780882769994523e+00
-2.509344489014120327e-02
-2.439878930098813015e-01
3.491461597816460372e-01
1.022945673795565558e+00
2.522295048113434301e-01
5.764764713720049727e-01
-4.632725429830067410e-01
-8.769464245016508341e-01
-9.400392921798117474e-01
-1.278938843259268765e+00
-9.063880491368161429e-01
5.952326964350785898e-01
1.011540049652348117e+00
1.428464199293601355e+00
1.869122931608370175e+00
7.451096461837083407e-01
-8.817581803521068462e-01
-7.539874426928558915e-01
-8.671760439476816629e-02
-1.827559846004468636e+00
-1.132262670050638409e+00
8.416107321408167197e-02
1.171357538837060730e+00
7.504606014133252678e-01
1.047572987578897719e+00
6.255202201463396783e-01
-3.961902893651225166e-01
-1.088525771588015667e+00
-1.358278490099394054e+00
-6.582311830602114444e-01
8.353001318342889725e-02
-4.112099195937387597e-01
8.200116125940430933e-01
1.178088412358551995e+00
1.866176461266388698e+00
4.269858525773974622e-01
-4.332521210342670237e-01
-7.569023767504065026e-01
-5.053162480216819574e-01
-6.687138635206774095e-01
-9.759626049558705052e-01
-2.285269432028278203e-01
6.248509333317390224e-01
1.027399137981909183e+00
1.003233046291221120e+00
-4.162846922740431888e-01
-1.617495383350383342e+00
3.311593177647890185e-01
-9.250484831236014394e-01
-1.623750689910967271e+00
-1.160592445082016422e+00
5.544175766347066159e-02
7.282581032029079582e-01
8.741344014983190025e-01
1.865846437593138951e+00
9.185040593158273481e-01
3.630684624270441030e-01
-3.950136980872197556e-01
-6.265598483052648993e-01
1.058492427841920547e-01
1.083879991283696054e-01
6.864119905258921905e-01
9.695970453277590329e-01
1.025029136927887885e+00
1.542503890713569747e+00
4.168130845341397883e-01
-1.584065176128259256e-01
-4.687081829464597726e-01
-1.643927001738775262e+00
-6.990162020964332257e-01
-1.485486865004349566e+00
-4.023538428245186371e-01
9.060380337951559060e-01
1.021756736737615245e+00
6.328883391910904432e-01
9.839853796520316997e-01
6.992342671260866060e-01
-7.620624817032084497e-01
-1.435908988956147159e+00
-1.426029391133575075e+00
7.615529360065598219e-02
