0.3882966879724484
0.6300811688170472
0.8607709638205469
1.068546447268367
1.238965714904635
1.3552920991536996
1.400591081874717
1.361151756743895
1.2302529856728097
1.0110220038170281
0.7173132442800888
0.3721362919211458
0.003989846574954041
-0.35778256762059846
-0.6871805103954107
-0.9641810167349951
-1.1755144826466983
-1.3140019574681796
-1.377149712161045
-1.365602222824447
-1.2819106437878294
-1.1300213352569077
-0.9157908541431932
-0.6484984385249584
-0.34275341009145716
-0.019651552423209234
0.29404940185137707
0.569288017580503
0.7798946682949616
0.9078262077042679
0.9464493848676409
0.9007737480801477
0.7849090352041275
0.6180090328904031
0.42015519860122297
0.2092246762588702
-8.364627315580395E-4
-0.20043180060350327
-0.38373041317178264
-0.5473579611920586
-0.6886692386995628
-0.8040873396778051
-0.8880840626065352
-0.933186338165039
-0.9310543628296849
-0.8743955294001935
-0.7592665134523529
-0.5871240739856675
-0.36592173218350144
-0.10979615074263313
0.16256050003134287
0.4301987881159345
0.6721250277383378
0.8690931527490211
1.0051491069645682
1.0691673873827796
1.0562314844399532
0.9683616708566866
0.8141718631078763
0.6074341322313689
0.36490630357001297
0.10394770834261138
-0.15958295265689662
-0.4127692857527706
-0.6461342405952559
-0.8530568838026537
-1.028315868325036
-1.1663671432755114
-1.2601189949153249
-1.3008336829525802
-1.2795077830785542
-1.1896452086262637
-1.0306637765486453
-0.8105205577784834
-0.546074923920967
-0.26057481593897247
0.0209360603016559
0.27644696552095455
0.49022740947575716
0.653697609750142
0.7643367640123436
0.8236178270427671
0.8348004810257337
0.8010753314768624
0.7244463263348356
0.6057181179378446
0.4457146278495434
0.24738040233622727
0.017926969965596368
-0.2300043634276146
-0.4788287337438253
-0.7080512525036633
-0.8971234554404135
-1.0283125343840376
-1.0890956843059394
-1.073900554517861
-0.9850411110324171
-0.8325602762379894
-0.6327490408754728
-0.4055557585410446
-0.17162105702838243
0.05022644367000483
0.24457729748634327
0.4002338679941002
0.510520953943398
0.5732791982499904
0.5903203519006335
0.5660384107534876
0.5053797994144724
0.41205004696876724
0.28795560887418176
0.13425955118611654
-0.04645609726033599
-0.2479797738637124
-0.4592683682588881
-0.6649114443718972
-0.8472967086817347
-0.9897906211659899
-1.0797376431070767
-1.110159644609143
-1.079714542601197
-0.9913159604027972
-0.8503368141897102
-0.6633381397552864
-0.43789733076407467
-0.18354720730336513
0.0867685827446537
0.35574961449280046
0.6022710477273633
0.8037113445739593
0.9395246361975692
0.9949833481341247
0.9640266114261467
0.8504982948871368
0.6675259192554336
0.4352367138613764
0.17732144559618923
-0.08284987241466543
-0.3257056885221554
-0.5376524066691871
-0.711345713042454
-0.8441150898610624
-0.9354156952024805
-0.9846377705079012
-0.990295179042933
-0.9506665900609309
-0.8650742395485219
-0.7348264264955613
-0.5634364276534493
-0.35647810614581166
-0.12171854454718448
0.1302193556014461
0.3851219276264303
0.6252593047737147
0.8309073972725248
0.9831908737134267
1.0673741666636236
1.0754944215420237
1.0076002910477813
0.8714895255074717
0.6812692363477586
0.45513740466851815
0.2127370844525754
-0.027472482812673914
-0.2502271622512338
-0.4443233658348446
-0.6022230091918251
-0.7188319916709903
-0.7902494320775737
-0.813262665407837
-0.7859471475544151
-0.7090849227210937
-0.5875651918463157
-0.4308439089977441
-0.2520026945007107
-0.06562711206168806
0.11476295327763775
0.27877766951433913
0.41990108189604125
0.5346779402759243
0.6208798198506602
0.6756225635159867
0.6942946710507292
0.670746234149472
0.5987187357805315
0.4740517598294246
0.29693898646931777
0.07355381791708723
-0.18338215209964864
-0.45524609154648715
-0.7193189930063253
-0.9515269526059373
-1.1297420721370062
-1.2370556342383188
-1.2642586610598336
-1.2108479838582653
-1.08427475588734
-0.8976975322114871
-0.6670048506593799
-0.408150728353083
-0.13569033099655609
0.1372389037931755
0.39803412036651387
0.6337555296882968
0.8309154173551437
0.9760642928159826
1.0570330322477066
1.064663740004951
0.9947830544056747
0.8499110293381771
0.6399774292939864
0.381482687819225
0.09518913142101762
-0.1968321060186342
-0.47373952151630155
-0.7174370860820423
-0.9131695284078183
-1.049688477802318
-1.1193317954795867
-1.1179860090313773
-1.0448196624007688
-0.9019833611742437
-0.6947428216932255
-0.43232865708729423
-0.1291597749263197
0.19455643036713394
0.5139231741933041
0.802452611466572
1.0363147067752456
1.19824154652904
1.2798458566715976
1.2818971786475883
1.2127763598291312
1.0856256057019074
0.9148481015973859
0.7128397627066705
0.4880018451893836
0.2448222546974715
-0.013896124040020386
-0.28335117094650675
-0.5528543804690913
-0.8033363644707608
-1.0077162388154142
-1.1346698388858647
-1.15493754560934
-1.0483524293831432
-0.809656024616759
-0.45164003533325336
-0.004852850663443278
0.4861756137783091
