15.500211937597733
8.32304096203187
4.125943080610953
1.7575659589301091
0.4672317309768468
-0.205149877988354
-0.5238956474114087
-0.6325218958319655
-0.6089868137793009
-0.5024781063275561
-0.35350506294020223
-0.2000762825532082
-0.07426623277580674
0.005176865379846924
0.038275466680204
0.0430371620239374
0.04753096910118723
0.07761579135344507
0.1452895632107309
0.24241748541380778
0.3424496174095478
0.4096860206553861
0.4127679863483026
0.33738865760341674
0.19338215070350748
0.013295330244867308
-0.15740214839536842
-0.2751516652374026
-0.31279611361924675
-0.2683431635651737
-0.16477398796815743
-0.04105427723935376
0.06224839368218446
0.11738704179780278
0.11855000051272896
0.08235855608299247
0.03981611010775213
0.023090367870354567
0.05236325415009403
0.1277466659335748
0.2291815568892198
0.3241545381995856
0.38010190200374616
0.3766088794950532
0.31266554109985845
0.2063176428123687
0.08718270469414088
-0.014918618763894963
-0.08068666379249176
-0.10743555358411676
-0.10853364141638461
-0.10675728456080863
-0.12431914825401105
-0.17334248389294296
-0.25023131934771664
-0.3360324440852235
-0.402840221725431
-0.42406280316237877
-0.3847930926884954
-0.28835267172471735
-0.15638495415041825
-0.02217870412577146
0.08050887218610832
0.12893168079052245
0.11866883385065637
0.06398652521828374
-0.00871790476317565
-0.07168433290076187
-0.10654693333783385
-0.1109809280737149
-0.09879610323133274
-0.09351535627308545
-0.11786799326960261
-0.1831795241674692
-0.2828438981864202
-0.3927470116551935
-0.47897409379231914
-0.5101552682059802
-0.4695785399635185
-0.36198825733567347
-0.2121789679910264
-0.05598615455564204
0.072776371493688
0.15463588713933712
0.19165503460318403
0.20666068463328902
0.23402227195149988
0.30433049809963414
0.42781624479596003
0.582510601071271
0.7124569267422343
0.7387155590073718
0.5818798570251411
0.19052966327094215
-0.43269780059955953
-1.2154772127439786
-2.0153155767248703
-2.6336671965963636
-2.8380339515990576
-2.3787751605706293
