7.364190555758293177e-01
7.179773962865264592e-01
7.084489784127053769e-01
7.119622396067155634e-01
7.245914715774212089e-01
7.346418816928249607e-01
7.257143843317879206e-01
6.813743926191747624e-01
5.900091650467887971e-01
4.485506579215441381e-01
2.640149891560770179e-01
5.232599875722659943e-02
-1.653034429882208056e-01
-3.673324860791482016e-01
-5.366844228641592940e-01
-6.639699060520753982e-01
-7.481938125267957318e-01
-7.947434714673119460e-01
-8.114489124571111489e-01
-8.043258034453590888e-01
-7.747353746774685579e-01
-7.190376322896637751e-01
-6.307196315996989044e-01
-5.039255780107771976e-01
-3.367903338139981995e-01
-1.333020480991579659e-01
9.661657347908725324e-02
3.382320585078649189e-01
5.735381157971569666e-01
7.828147728236123370e-01
9.463158527783587237e-01
1.046375315343972545e+00
1.069964659765969772e+00
1.011177383065212876e+00
8.726834550037345650e-01
6.653513693583306132e-01
4.060257504072252166e-01
1.143812443072382279e-01
-1.898037873437688483e-01
-4.879945399458401334e-01
-7.628253192383479542e-01
-9.974084669313227902e-01
-1.175133939810578898e+00
-1.280714597389570386e+00
-1.302432173606485444e+00
-1.234708945183185858e+00
-1.079813261915320455e+00
-8.480139225545200166e-01
-5.564370532087734578e-01
-2.273861994678879617e-01
1.134302217529749579e-01
4.389317397878036431e-01
7.232511237116343583e-01
9.446785799722929866e-01
1.088255386094516997e+00
1.147279456851092005e+00
1.123406563904924438e+00
1.025541278716739280e+00
8.679870756301706347e-01
6.682466304483042352e-01
4.446302432715460440e-01
2.138191806981110388e-01
-1.113993951347382050e-02
-2.216276681806477744e-01
-4.124974778661497643e-01
-5.797533611441454404e-01
-7.181991910670987300e-01
-8.205192838210708661e-01
-8.783049044607987854e-01
-8.843083711027578397e-01
-8.346461121327425348e-01
-7.299953293653373976e-01
-5.755386646400467709e-01
-3.799931886646619184e-01
-1.543548467046362005e-01
8.898402657961106133e-02
3.363796522804350930e-01
5.726044335861036894e-01
7.809074063524443776e-01
9.443335940398034367e-01
1.048357180457723414e+00
1.083854260447396856e+00
1.049061303515990806e+00
9.497338059729133475e-01
7.976870610744895007e-01
6.084564285469791223e-01
3.987294195784739648e-01
1.839486639541527135e-01
-2.351639785474869335e-02
-2.151635310105766696e-01
-3.859014346697294817e-01
-5.326486918738655429e-01
-6.526722965448995550e-01
-7.423154052856407725e-01
-7.964260602428060443e-01
-8.084881126441952892e-01
-7.714068090700391123e-01
-6.790048896885302332e-01
-5.282015392310522861e-01
-3.214530511680966929e-01
-6.861658784517707388e-02
2.126491554757005409e-01
4.983666742491519863e-01
7.612777766635495658e-01
9.745485392914373657e-01
1.115204419598323726e+00
1.166745455340651327e+00
1.120899954033207191e+00
9.787909048468139694e-01
7.516625087860158150e-01
4.607672600327702983e-01
1.355810314725600652e-01
-1.901527443962684749e-01
-4.839961891392582927e-01
-7.204722746018284996e-01
-8.850236142070758705e-01
-9.750377500378352158e-01
-9.977270027256157636e-01
-9.657622578738317420e-01
-8.923034257719282270e-01
-7.871203009173152187e-01
-6.549079138061962846e-01
-4.960434086036032419e-01
-3.092532025561618436e-01
-9.509986241054829703e-02
1.410199395618615126e-01
3.874115898357533561e-01
6.265791638544240261e-01
8.374826446001355507e-01
9.989075668543528908e-01
1.093062179677678492e+00
1.108603749512504066e+00
1.042653850896633649e+00
9.015801729641383933e-01
7.001941315635346053e-01
4.590111876662623103e-01
1.999027042723401371e-01
-5.841993977512531522e-02
-3.031289325351577135e-01
-5.270533238876187188e-01
-7.260067312112599147e-01
-8.954433796716730898e-01
-1.028271983207607043e+00
-1.114723729853012379e+00
-1.144056535290809418e+00
-1.107214803475941256e+00
-9.994796982976867916e-01
-8.224022910554831256e-01
-5.846098252594191802e-01
-3.012878547871166712e-01
7.615269143712240923e-03
3.200054974523285356e-01
6.142495718315703623e-01
8.710316482186331033e-01
1.074354929237832934e+00
1.212210433637510354e+00
1.277415469111770285e+00
1.268448830828889928e+00
1.189515479194871883e+00
1.049300484894382990e+00
8.587839559988871274e-01
6.292043850272582839e-01
3.711827159871214366e-01
9.535415057037109621e-02
-1.859235182158857080e-01
-4.568341411474226010e-01
-6.976133321718162028e-01
-8.861368955166678552e-01
-1.001425688322550078e+00
-1.027986131492635513e+00
-9.596038229048152735e-01
-8.014884421345831456e-01
-5.701889738723669998e-01
-2.912566260967837661e-01
4.835098958522600181e-03
2.876273706919952877e-01
5.314808484521478249e-01
7.193426121659394212e-01
8.447019957096593146e-01
9.112051945852492896e-01
9.298922745739180984e-01
9.147169571551061473e-01
8.776509428247141198e-01
8.249501187450832829e-01
7.558487217517427803e-01
6.640422353999464455e-01
5.411738268090062753e-01
3.807920742712377349e-01
1.813666365170648331e-01
-5.220033633042062832e-02
-3.082360702074174452e-01
-5.685909778255209268e-01
-8.095528835622645136e-01
-1.003914181089782032e+00
-1.124616686544137378e+00
-1.149709631501564244e+00
-1.067552903709787726e+00
-8.806835733697830904e-01
-6.068638558771317637e-01
-2.766448415914411485e-01
7.204356526769595259e-02
4.008202563137158170e-01
6.774893313237336789e-01
8.808238380829077618e-01
1.002599926398970887e+00
1.046778626092415010e+00
1.026355453642711968e+00
9.587786147883782251e-01
8.610862092817768154e-01
7.459938909084727898e-01
6.199193835888695547e-01
4.833569916537425182e-01
3.332718512541540390e-01
1.665246206520961947e-01
-1.691790988085204242e-02
-2.119676342429476779e-01
-4.080213566370575751e-01
-5.900290876057692202e-01
-7.404310097075924579e-01
-8.413602851026648066e-01
-8.769868179272806152e-01
-8.362847307567811139e-01
-7.162077615450935797e-01
-5.243926588063867467e-01
-2.798956485404644479e-01
-1.081229182998530609e-02
2.510592439300379786e-01
4.768617543485209054e-01
6.462981761012551729e-01
7.503902852448460781e-01
7.907727886277468032e-01
7.761886865889875420e-01
7.177053822636126901e-01
6.244252047868198430e-01
5.011084340621821953e-01
3.483290703452871506e-01
1.648254849421724733e-01
-4.909400073932417008e-02
-2.885371850299934815e-01
-5.425028821668338441e-01
-7.942163686914439635e-01
-1.023092900974522657e+00
-1.207818580030676436e+00
-1.329914096664282841e+00
-1.377018004812529783e+00
-1.345117572869098943e+00
-1.239262749711820044e+00
-1.072818082879522184e+00
-8.656777406390452345e-01
-6.418769577279701544e-01
