2.447810076156123685e-02
8.063111989464948060e-02
1.101215794388583635e-01
9.711286758060175273e-02
4.417644842419757995e-02
-2.846697307927225848e-02
-9.083860155284077809e-02
-1.152676111058991287e-01
-8.800755370948283585e-02
-1.579201971364258689e-02
7.541375193955129896e-02
1.491031380074237800e-01
1.710369631442597571e-01
1.214007014529890627e-01
2.072630205323444663e-03
-1.632668467239840326e-01
-3.359907404732175862e-01
-4.739935093419979650e-01
-5.441450039027933006e-01
-5.319821597198550744e-01
-4.457251162865713545e-01
-3.131892402366425188e-01
-1.722638262320788927e-01
-5.804887934481032380e-02
8.626214180100781614e-03
2.693558922663463404e-02
1.405495185711296176e-02
-3.439889371869335900e-03
-1.249312425611721032e-03
3.238341873071917676e-02
9.176312516529788743e-02
1.562018260973944972e-01
1.989749039810031206e-01
1.991735661354215314e-01
1.515000988954851580e-01
6.972124455952641298e-02
-1.796844897818333092e-02
-7.997008545916414746e-02
-9.412877149953026434e-02
-5.691312741748467963e-02
1.508989927684087351e-02
9.206956176225163102e-02
1.432952918815040000e-01
1.494971822096344549e-01
1.100330389773524764e-01
4.192587340791418399e-02
-2.854273361266193923e-02
-7.780372485067209298e-02
-9.526119541999954199e-02
-8.746973668527674439e-02
-7.453259951550532392e-02
-8.029223646853984875e-02
-1.204604771854683315e-01
-1.937738421545146528e-01
-2.801435951100917920e-01
-3.469178041123031075e-01
-3.609710819658090153e-01
-3.019575290917407839e-01
-1.716884132009653396e-01
3.891449592002326451e-03
1.811009204722970334e-01
3.115305272710463536e-01
3.576135971290622662e-01
3.055060533146418122e-01
1.705182705865776471e-01
-7.271796731306029264e-03
-1.760041441484851421e-01
-2.890608569509996451e-01
-3.199844225777715434e-01
-2.700080076829076137e-01
-1.657841610922123898e-01
-4.854627016207548745e-02
4.102379851254288334e-02
7.658227634857875388e-02
5.371452610947776568e-02
-1.089671041101961460e-02
-8.766214162385653486e-02
-1.460773363566311989e-01
-1.661119251924942364e-01
-1.452477749757725978e-01
-9.898395263663020693e-02
-5.470789163068000976e-02
-4.103798275179925542e-02
-7.639991367843797232e-02
-1.610243431605725695e-01
-2.754526565617249068e-01
-3.862950338722371257e-01
-4.572766953690988179e-01
-4.616638399256928760e-01
-3.917237096387137796e-01
-2.619521025233103595e-01
-1.049245723326621693e-01
3.881970616132559421e-02
1.332287086225169004e-01
1.568954977899252035e-01
1.071896192601738823e-01
-2.734047158654212030e-03
-1.519292712913205001e-01
-3.203883207954460466e-01
-4.942998198148265687e-01
