4.290154792221320679e-03
2.756941608831398605e-01
5.233813001300702261e-01
7.228677478340046481e-01
8.539742072807002815e-01
9.029765613081176534e-01
8.641276430973855449e-01
7.403740537476179995e-01
5.431792584269402591e-01
2.914614432945590305e-01
9.750595564784414471e-03
-2.742467416063706365e-01
-5.324236291354823569e-01
-7.391029110100174604e-01
-8.736297740534582079e-01
-9.224609488632870002e-01
-8.805380387717997026e-01
-7.518069743184836451e-01
-5.488333384183149422e-01
-2.915551276230903266e-01
-5.301076216390004925e-03
2.817246036054712466e-01
5.412383303988568262e-01
7.476751515187529673e-01
8.807113168652946911e-01
9.272630956207441599e-01
8.827666479457451087e-01
7.516156166274764461e-01
5.467164820678499515e-01
2.882084231951276831e-01
1.476010633092231239e-03
-2.853483395688729551e-01
-5.441461591116393270e-01
-7.495680818541109458e-01
-8.815130341697328120e-01
-9.270898762757611156e-01
-8.818710371045308527e-01
-7.503171642031154498e-01
-5.453328505403008952e-01
-2.869982145716134525e-01
-6.012752766455659037e-04
2.858360847358747403e-01
5.442967940926849435e-01
7.495047361624971316e-01
8.813918009061948444e-01
9.270557897457442076e-01
8.820188981744956358e-01
7.506646823939633340e-01
5.458113519948573078e-01
2.874631501567375125e-01
8.613505005198446307e-04
-2.859756945736561251e-01
-5.449845152959444938e-01
-7.507951973947121216e-01
-8.832107503562319772e-01
-9.291861034597787006e-01
-8.841138410006645909e-01
-7.522905504889956241e-01
-5.465166014230227187e-01
-2.868657589335077418e-01
1.258691497711447727e-03
2.895953042344554529e-01
5.497855245024100279e-01
7.561573385447613038e-01
8.882604950769859009e-01
9.329042234575225523e-01
8.854943579798191244e-01
7.505327094049184522e-01
5.412214492334513904e-01
2.782018721594465838e-01
-1.245787610617787866e-02
-3.018357731752087103e-01
-5.610404303210526633e-01
-7.641221504216499927e-01
-8.907169113460945420e-01
-9.281500035247243208e-01
-8.727745138012739101e-01
-7.303928001306226880e-01
-5.157003172039532624e-01
-2.507921974090583928e-01
3.712613811314524614e-02
3.185930753194678999e-01
5.650096147484575670e-01
7.516843178122377678e-01
8.604636818159236977e-01
8.816442010564666809e-01
8.149367502682484110e-01
6.693593414807657016e-01
4.620599039860207036e-01
2.162020045027449877e-01
-4.183338222418703234e-02
-2.855848002898527804e-01
-4.915913984692749095e-01
-6.420272397281314714e-01
-7.265571525201580672e-01
-7.431907480965259660e-01
-6.980513174113567310e-01
-6.041201014421403448e-01
-4.791264867060588406e-01
-3.427881529660430360e-01
