0.11061156235692797
0.34804120405128014
0.5603461038567608
0.7276767853720311
0.8332568390723324
0.8653576062640249
0.8187766070160836
0.6956942005710394
0.505800528601918
0.2656407501732289
-0.0027929167573539637
-0.2741052157457503
-0.5219799983993341
-0.7218427884698496
-0.8534164163973056
-0.9028871561000757
-0.8644373987033684
-0.7409683604305878
-0.543924258837913
-0.29222724371538444
-0.010428783406108505
0.27373260962532825
0.5321145290455471
0.7390066992398382
0.8737275381361892
0.922715279453376
0.8809013265541779
0.7522283423281494
0.5492635023763863
0.29194917354432015
0.005619709661841971
-0.2815144563758975
-0.5411626556392402
-0.7477510526768915
-0.8809440968724102
-0.9276425984417942
-0.8832637854052796
-0.7521803806720335
-0.5472788317162138
-0.28868317217601225
-0.0017722236491770904
0.2853138365050795
0.544432596038575
0.7501943305311334
0.882444134276977
0.9282299305972133
0.8830655283559592
0.7513666720312506
0.5460184286170235
0.2871165126798178
5.174529152135454E-6
-0.2871976045439122
-0.5463471693710881
-0.7520245363051067
-0.8840262512632734
-0.9293489764738379
-0.8834744568759423
-0.7508278087215041
-0.5443618403790591
-0.284304780621955
0.003809716141339098
0.29164090478963467
0.5508255329229182
0.7557768776337263
0.8862228255006708
0.929230718903929
0.8805147156356284
0.7448900780495565
0.5358218329554819
0.27410482222788557
-0.01420033577879895
-0.300374116140097
-0.5559284740529882
-0.7554884255651796
-0.8793686681921562
-0.915575800201335
-0.861022266241625
-0.7218178176690733
-0.512600474149979
-0.25497196247063825
0.024798663547347527
0.2985562928507234
0.539221438725192
0.7236038161905765
0.8347531257860257
0.8635840647719824
0.8095974482208594
0.6806279858953501
0.4916685213027957
0.2629347221292624
0.01742710993188129
-0.22169546533632162
-0.43360531616817855
-0.6018702613615057
-0.7158853908201401
-0.7715723777605126
-0.7713533173650003
-0.7234739966518349
-0.640734346242995
-0.5385337129789177
