-0.48680441928339185
-0.02694062849260148
0.3749323063583566
0.6949192143576811
0.9143905115103523
1.022330801856424
1.0169880133565536
0.906474574616995
0.7081730734760319
0.44701025369363734
0.15284484843240592
-0.14266266809850003
-0.4092808079983349
-0.6211424215871432
-0.7590671231662824
-0.812065584189925
-0.7779424690977176
-0.6630253917551089
-0.4811324341180968
-0.25194473686123214
0.0010248092730039404
0.25267380683781593
0.47858234149433576
0.6571510897075781
0.7714603319131382
0.8107227816399762
0.7712230733155813
0.6566623410364317
0.47786120601295884
0.2518202909676097
1.9252892221065243E-4
-0.2527189534775427
-0.4822673924526639
-0.665859369354483
-0.7852045643085964
-0.8281831447965644
-0.7901263562222599
-0.6743625010704175
-0.4919567439626237
-0.2606597784562453
-0.0031665646411386875
0.2551384903320674
0.488718253115133
0.6744404572647152
0.7938942874902051
0.8352309137607357
0.7943436378783725
0.675271806589038
0.4897914753482974
0.25623700560224405
-0.002326414677674086
-0.26039589751708786
-0.4925608741501691
-0.6760182141958109
-0.7928221955962103
-0.8316453687687365
-0.7888752673195897
-0.6689389900757019
-0.48382635839583604
-0.25186449220123563
0.004126666500510846
0.2591057406900888
0.4882746905998245
0.6694879233478175
0.7853683848287337
0.824930005179443
0.784562242453616
0.6683007896591
0.4873800681396734
0.2591296616708578
0.0053318363093904746
-0.24980315941661366
-0.48186426381234976
-0.6684815732657756
-0.791399885845933
-0.8382144146702681
-0.8036204732508
-0.6900571341256764
-0.5076612557567989
-0.273494825311265
-0.010066584307030339
0.2567625925959033
0.5003267091435953
0.6959186438659887
0.823479156283091
0.8698909166760472
0.8305701258909358
0.7101084165245121
0.5218244396567008
0.28622719321471013
0.02855178365074392
-0.22432363963420557
-0.4471619939232942
-0.6193888329447924
-0.7274193124637145
-0.7659667781935083
-0.7381774698288148
-0.6546330708956022
-0.53144950078198
-0.38783678830571466
