0.0
0.0
0.0
0.0
0.0
0.0
0.0
0.0
0.0
0.0
0.0
0.0
0.0
0.0
0.0
0.0
0.0
0.0
0.0
0.0
0.0
0.0
0.0
0.0
0.0
0.0
0.0
0.0
0.0
0.0
0.0
0.0
0.0
0.0
0.0
0.0
0.0
0.0
0.0
0.0
0.0
0.0
0.0
0.0
0.0
0.0
0.0
0.0
0.0
0.0
0.0
0.0
0.0
0.0
0.0
0.0
0.0
0.0
0.0
0.0
0.0
0.0
0.0
0.0
0.0
0.0
0.0
0.0
0.0
0.0
0.0
0.0
0.0
0.0
0.0
0.0
0.0
0.004104993088376974
0.020457561568862248
0.056999182895851375
0.12133983083415667
0.22063301990017842
0.3614583448513147
0.549713443921948
0.7905171597666856
1.0881254882054885
1.4458616948899723
1.8660617473732826
2.3500359585874557
2.898047471541296
3.509307938519453
4.181990465730107
4.913259610850525
5.69931794091161
6.535468386042267
7.416191365226834
8.335235417672756
9.285719851623963
10.2602477251293
11.25102730362483
12.25
13.24897269637517
14.2397522748707
15.214280148376034
16.164764582327244
17.083808634773167
17.96453161395773
18.800682059088388
19.586740389149472
20.318009534269887
20.99069206148054
21.6019525284587
22.14996404141254
22.633938252626717
23.054138305110026
23.41187451179451
23.70948284023331
23.95028655607805
24.138541655148682
24.27936698009982
24.378660169165844
24.443000817104146
24.479542438431135
24.49589500691162
24.499999999999996
24.499999999999996
24.499999999999996
24.499999999999996
24.499999999999996
24.499999999999996
24.499999999999996
24.499999999999996
24.499999999999996
24.499999999999996
24.499999999999996
24.499999999999996
24.499999999999996
24.499999999999996
24.499999999999996
24.499999999999996
24.499999999999996
24.499999999999996
24.499999999999996
24.499999999999996
24.499999999999996
24.499999999999996
24.499999999999996
24.499999999999996
24.499999999999996
24.499999999999996
24.499999999999996
24.499999999999996
24.499999999999996
24.499999999999996
24.499999999999996
24.499999999999996
24.499999999999996
24.499999999999996
24.499999999999996
24.499999999999996
24.499999999999996
24.499999999999996
24.499999999999996
24.499999999999996
24.499999999999996
24.499999999999996
24.499999999999996
24.499999999999996
24.499999999999996
24.499999999999996
24.499999999999996
24.499999999999996
24.499999999999996
24.499999999999996
24.499999999999996
24.499999999999996
24.499999999999996
24.49589500691162
24.479542438431135
24.443000817104146
24.37866016916584
24.27936698009982
24.138541655148682
23.950286556078048
23.70948284023331
23.411874511794508
23.054138305110026
22.633938252626717
22.149964041412545
21.601952528458703
20.990692061480548
20.318009534269894
19.586740389149476
18.80068205908839
17.964531613957732
17.083808634773163
16.164764582327244
15.214280148376034
14.2397522748707
13.248972696375168
12.25
11.251027303624832
10.2602477251293
9.285719851623966
8.335235417672758
7.416191365226837
6.535468386042269
5.699317940911611
4.913259610850526
4.181990465730109
3.5093079385194548
2.8980474715412976
2.3500359585874566
1.8660617473732841
1.4458616948899734
1.0881254882054896
0.7905171597666862
0.5497134439219485
0.3614583448513152
0.2206330199001788
0.12133983083415706
0.05699918289585154
0.02045756156886236
0.004104993088376974
0.0
0.0
0.0
0.0
0.0
0.0
0.0
0.0
0.0
0.0
0.0
0.0
0.0
0.0
0.0
0.0
0.0
0.0
0.0
0.0
0.0
0.0
0.0
0.0
0.0
0.0
0.0
0.0
0.0
0.0
0.0
0.0
0.0
0.0
0.0
0.0
0.0
0.0
0.0
0.0
0.0
0.0
0.0
0.0
0.0
0.0
0.0
0.0
0.0
0.0
0.0
0.0
0.0
0.0
0.0
0.0
0.0
0.0
0.0
0.0
0.0
0.0
0.0
0.0
0.0
0.0
0.0
0.0
0.0
0.0
0.0
0.0
0.0
0.0
0.0
0.0
