0.000000000000000000e+00
0.000000000000000000e+00
0.000000000000000000e+00
0.000000000000000000e+00
0.000000000000000000e+00
0.000000000000000000e+00
0.000000000000000000e+00
0.000000000000000000e+00
0.000000000000000000e+00
0.000000000000000000e+00
0.000000000000000000e+00
0.000000000000000000e+00
0.000000000000000000e+00
0.000000000000000000e+00
0.000000000000000000e+00
0.000000000000000000e+00
0.000000000000000000e+00
0.000000000000000000e+00
0.000000000000000000e+00
0.000000000000000000e+00
0.000000000000000000e+00
0.000000000000000000e+00
0.000000000000000000e+00
0.000000000000000000e+00
0.000000000000000000e+00
0.000000000000000000e+00
0.000000000000000000e+00
0.000000000000000000e+00
0.000000000000000000e+00
0.000000000000000000e+00
0.000000000000000000e+00
0.000000000000000000e+00
0.000000000000000000e+00
0.000000000000000000e+00
0.000000000000000000e+00
0.000000000000000000e+00
0.000000000000000000e+00
0.000000000000000000e+00
0.000000000000000000e+00
0.000000000000000000e+00
0.000000000000000000e+00
0.000000000000000000e+00
0.000000000000000000e+00
0.000000000000000000e+00
0.000000000000000000e+00
0.000000000000000000e+00
0.000000000000000000e+00
0.000000000000000000e+00
0.000000000000000000e+00
0.000000000000000000e+00
0.000000000000000000e+00
0.000000000000000000e+00
0.000000000000000000e+00
0.000000000000000000e+00
0.000000000000000000e+00
0.000000000000000000e+00
0.000000000000000000e+00
0.000000000000000000e+00
0.000000000000000000e+00
0.000000000000000000e+00
0.000000000000000000e+00
0.000000000000000000e+00
0.000000000000000000e+00
0.000000000000000000e+00
0.000000000000000000e+00
0.000000000000000000e+00
0.000000000000000000e+00
0.000000000000000000e+00
0.000000000000000000e+00
0.000000000000000000e+00
0.000000000000000000e+00
0.000000000000000000e+00
0.000000000000000000e+00
0.000000000000000000e+00
0.000000000000000000e+00
0.000000000000000000e+00
0.000000000000000000e+00
1.675507383011009535e-04
8.350025130147856536e-04
2.326497261055158246e-03
4.952646156496190791e-03
9.005429383680750924e-03
1.475340183066590517e-02
2.243728342538563181e-02
3.226600652108920636e-02
4.441328523287708246e-02
5.901476305673356015e-02
7.616578560707275292e-02
9.591983504438590658e-02
1.182876518996447274e-01
1.432370587150797181e-01
1.706934883971472083e-01
2.005412086061438837e-01
2.326252220780248847e-01
2.667538116751945743e-01
3.027016883766054933e-01
3.402136905172552517e-01
3.790089735356720335e-01
4.187856214338490091e-01
4.592256042295850271e-01
5.000000000000001110e-01
5.407743957704150839e-01
5.812143785661511020e-01
6.209910264643280220e-01
6.597863094827446373e-01
6.972983116233943957e-01
7.332461883248053702e-01
7.673747779219750598e-01
7.994587913938561163e-01
8.293065116028526251e-01
8.567629412849201431e-01
8.817123481003552588e-01
9.040801649556140518e-01
9.238342143929270112e-01
9.409852369432664121e-01
9.555867147671227579e-01
9.677339934789107589e-01
9.775627165746143543e-01
9.852465981693341313e-01
9.909945706163193480e-01
9.950473538435037346e-01
9.976735027389448396e-01
9.991649974869852846e-01
9.998324492616988968e-01
1.000000000000000000e+00
1.000000000000000000e+00
1.000000000000000000e+00
1.000000000000000000e+00
1.000000000000000000e+00
1.000000000000000000e+00
1.000000000000000000e+00
1.000000000000000000e+00
1.000000000000000000e+00
1.000000000000000000e+00
1.000000000000000000e+00
1.000000000000000000e+00
1.000000000000000000e+00
1.000000000000000000e+00
1.000000000000000000e+00
1.000000000000000000e+00
1.000000000000000000e+00
1.000000000000000000e+00
1.000000000000000000e+00
1.000000000000000000e+00
1.000000000000000000e+00
1.000000000000000000e+00
1.000000000000000000e+00
1.000000000000000000e+00
1.000000000000000000e+00
1.000000000000000000e+00
1.000000000000000000e+00
1.000000000000000000e+00
1.000000000000000000e+00
1.000000000000000000e+00
1.000000000000000000e+00
1.000000000000000000e+00
1.000000000000000000e+00
1.000000000000000000e+00
1.000000000000000000e+00
1.000000000000000000e+00
1.000000000000000000e+00
1.000000000000000000e+00
1.000000000000000000e+00
1.000000000000000000e+00
1.000000000000000000e+00
1.000000000000000000e+00
1.000000000000000000e+00
1.000000000000000000e+00
1.000000000000000000e+00
1.000000000000000000e+00
1.000000000000000000e+00
1.000000000000000000e+00
1.000000000000000000e+00
1.000000000000000000e+00
1.000000000000000000e+00
1.000000000000000000e+00
1.000000000000000000e+00
9.998324492616988968e-01
9.991649974869852846e-01
9.976735027389448396e-01
9.950473538435039567e-01
9.909945706163193480e-01
9.852465981693342423e-01
9.775627165746144653e-01
9.677339934789108700e-01
9.555867147671230910e-01
9.409852369432665231e-01
9.238342143929273442e-01
9.040801649556140518e-01
8.817123481003553698e-01
8.567629412849204762e-01
8.293065116028529582e-01
7.994587913938563384e-01
7.673747779219752818e-01
7.332461883248054813e-01
6.972983116233946177e-01
6.597863094827446373e-01
6.209910264643280220e-01
5.812143785661511020e-01
5.407743957704151949e-01
5.000000000000001110e-01
4.592256042295850826e-01
4.187856214338490646e-01
3.790089735356720890e-01
3.402136905172554182e-01
3.027016883766056043e-01
2.667538116751946853e-01
2.326252220780249957e-01
2.005412086061439392e-01
1.706934883971473194e-01
1.432370587150798291e-01
1.182876518996448384e-01
9.591983504438600372e-02
7.616578560707283618e-02
5.901476305673361566e-02
4.441328523287712410e-02
3.226600652108923412e-02
2.243728342538565609e-02
1.475340183066592772e-02
9.005429383680768271e-03
4.952646156496206403e-03
2.326497261055164752e-03
8.350025130147902073e-04
1.675507383011009535e-04
0.000000000000000000e+00
0.000000000000000000e+00
0.000000000000000000e+00
0.000000000000000000e+00
0.000000000000000000e+00
0.000000000000000000e+00
0.000000000000000000e+00
0.000000000000000000e+00
0.000000000000000000e+00
0.000000000000000000e+00
0.000000000000000000e+00
0.000000000000000000e+00
0.000000000000000000e+00
0.000000000000000000e+00
0.000000000000000000e+00
0.000000000000000000e+00
0.000000000000000000e+00
0.000000000000000000e+00
0.000000000000000000e+00
0.000000000000000000e+00
0.000000000000000000e+00
0.000000000000000000e+00
0.000000000000000000e+00
0.000000000000000000e+00
0.000000000000000000e+00
0.000000000000000000e+00
0.000000000000000000e+00
0.000000000000000000e+00
0.000000000000000000e+00
0.000000000000000000e+00
0.000000000000000000e+00
0.000000000000000000e+00
0.000000000000000000e+00
0.000000000000000000e+00
0.000000000000000000e+00
0.000000000000000000e+00
0.000000000000000000e+00
0.000000000000000000e+00
0.000000000000000000e+00
0.000000000000000000e+00
0.000000000000000000e+00
0.000000000000000000e+00
0.000000000000000000e+00
0.000000000000000000e+00
0.000000000000000000e+00
0.000000000000000000e+00
0.000000000000000000e+00
0.000000000000000000e+00
0.000000000000000000e+00
0.000000000000000000e+00
0.000000000000000000e+00
0.000000000000000000e+00
0.000000000000000000e+00
0.000000000000000000e+00
0.000000000000000000e+00
0.000000000000000000e+00
0.000000000000000000e+00
0.000000000000000000e+00
0.000000000000000000e+00
0.000000000000000000e+00
0.000000000000000000e+00
0.000000000000000000e+00
0.000000000000000000e+00
0.000000000000000000e+00
0.000000000000000000e+00
0.000000000000000000e+00
0.000000000000000000e+00
0.000000000000000000e+00
0.000000000000000000e+00
0.000000000000000000e+00
0.000000000000000000e+00
0.000000000000000000e+00
0.000000000000000000e+00
0.000000000000000000e+00
0.000000000000000000e+00
0.000000000000000000e+00
