0.3696287505232672
0.9661697363791365
1.0937265748534344
1.4608207792030812
1.1230465957987412
1.3701481267715443
1.0764317512149273
2.1863711433265602
2.1299039583583443
2.7988738873019683
1.9945127554471709
3.055979912923541
2.359255105706602
2.5131683251764088
2.86920705483849
3.3630240088070127
3.9957706553625583
4.372207820915061
4.875426490049031
4.963885436009533
4.677570517349476
4.246921080019585
3.9581554084974035
3.833278970584089
4.196110254445811
5.1297291966797225
5.15005795331047
5.250057171324277
4.6365943632612465
3.9990670104931283
4.760805904246791
3.6812095171768315
3.775244309251182
3.9090751482737307
4.705457605159167
4.864342485144675
4.208024722526193
4.47128564264106
4.292084126499441
4.4520462809791965
4.4520209197842275
4.893534315617896
4.669731151235639
5.121859041862014
4.234395159815595
4.78859991779251
3.598350681103466
4.8076102947883435
4.494630318752194
4.825543309669313
4.866453434070985
4.320839655410991
5.038974758881286
4.134688819100586
3.295566643577861
3.1270104564229144
2.241808354213798
3.019879847682544
2.1925458671842617
2.3280072851613838
2.4376494534583006
2.324570671980762
2.814923535240822
2.019965800649415
1.9723280501392866
1.3843986127135524
1.1016936064234952
0.673368638714495
0.17923203845133828
