3.2408396939479500e-01
-3.8508228041631654e-01
-6.7692200030595873e-01
6.1167628884086789e-01
1.0309995224959509e+00
9.3128011911619857e-01
-8.3921752322263854e-01
-3.0921237585121458e-01
3.3126343140356396e-01
9.7554512712235919e-01
-4.7917423784528995e-01
-1.8565897666381712e-01
-1.1063349740060282e+00
-1.1962066240806708e+00
8.1252582239419802e-01
1.3562400285708229e+00
-7.2010121580333847e-02
1.0035328978920242e+00
3.6163602504763415e-01
-6.4511975460512427e-01
3.6139560550841393e-01
1.5380365664659692e+00
-3.5826039109951538e-02
1.5646436558140062e+00
-2.6197451040897444e+00
8.2190250437522383e-01
8.7047068238171210e-02
-2.9900735046586741e-01
9.1760776535502298e-02
-1.9875689146008928e+00
-2.1967188783751193e-01
3.5711257151174641e-01
1.4778940447415161e+00
