4.9671415301123267e-01
-1.3826430117118466e-01
6.4768853810069249e-01
1.5230298564080254e+00
-2.3415337472333597e-01
-2.3413695694918055e-01
1.5792128155073915e+00
7.6743472915290878e-01
-4.6947438593495211e-01
5.4256004358596466e-01
-4.6341769281246226e-01
-4.6572975357025687e-01
2.4196227156603412e-01
-1.9132802446577979e+00
-1.7249178325130328e+00
-5.6228752924097269e-01
-1.0128311203344238e+00
3.1424733259527388e-01
-9.0802407552121089e-01
-1.4123037013352915e+00
1.4656487689215540e+00
-2.2577630048653566e-01
6.7528204687923837e-02
-1.4247481862134568e+00
-5.4438272452518266e-01
1.1092258970986608e-01
-1.1509935774223028e+00
3.7569801834567196e-01
-6.0063868991880498e-01
-2.9169374979327678e-01
-6.0170661222939692e-01
1.8522781845089378e+00
-1.3497224737933921e-02
-1.0577109289559004e+00
8.2254491210318903e-01
-1.2208436499710222e+00
2.0886359500475540e-01
-1.9596701238797756e+00
-1.3281860488984305e+00
1.9686123586912352e-01
7.3846657999541043e-01
1.7136828118997049e-01
-1.1564828238824053e-01
-3.0110369558928879e-01
-1.4785219903674274e+00
-7.1984420839470864e-01
-4.6063877095978750e-01
1.0571222262189157e+00
3.4361828956846141e-01
-1.7630401553627340e+00
