-4.699719664797337
-4.916198790878445
-4.422212270232405
-3.883531510068638
-4.661113024624218
-4.560094714727039
-3.552409727488652
-3.857288669655792
-4.374733126189621
-3.767705810419062
-4.169684577608175
-4.069830506976971
-3.6149743933987244
-4.59158555050054
-4.396394243418055
-3.7140689907719246
-3.8383306853085495
-3.0737813578335995
-3.5839069608817407
-3.7350366727786803
-2.1950503366401564
-2.9397527703341004
-2.6920904167367694
-3.337218511177359
-2.7960256793231206
-2.3673629211954954
-2.8973109037514786
-2.0329550048573903
-2.4201132579795277
-2.164630686906663
-2.218627017114622
-0.8906245177353531
-1.7225021213486889
-2.14359887244757
-1.1024608509079252
-2.0231450309349293
-1.207281307436939
-2.1905380658691045
-1.7737859273683307
-0.9102521839744524
-0.5384394109012076
-0.7209784592938275
-0.7634766400728319
-0.7551942456632545
-1.2428932920422229
-0.7625443000457626
-0.5319314803182014
0.32795911928125143
0.0722172519661255
-0.880101869489371
0.2644702938994943
0.010897270004039505
-0.03401248893068054
0.7112967566528345
1.0219684744904765
1.0731188738107011
0.28888015365138386
0.6548928283471973
1.0761408329846862
1.4992917818541853
0.8729422003804617
1.1207099319812999
0.7613820343202944
0.8174563102930748
1.92283263454061
2.295699838639024
1.6825848645735464
2.3213664753198255
2.101428139907732
1.699060351091454
2.303328132158324
2.9926587136472023
2.3067375118693434
3.207982460341423
1.216798181399648
3.0386320866422327
2.7722144695838082
2.6801973612418912
2.976591525752676
2.0379367811945794
3.022895395586371
3.4122977262711007
4.073698563896086
3.176626533398606
3.1325249420989376
3.3869033227633647
4.196493004416771
4.004177601405676
3.6759320457024156
4.298455965152714
4.191371124280156
4.728164945882684
3.993826004687662
4.282031579337557
4.350818677080463
3.9161253805905822
4.8969530941990325
4.980430692766788
4.953469886008177
4.934629692009473
