9.292314628974793322e+00
9.081991967592113468e+00
8.910634709328729031e+00
8.509496074717919356e+00
8.428853218884913900e+00
8.630878647292183459e+00
9.573971597897449115e+00
9.661260504313368358e+00
9.790035699674749736e+00
9.752812741791666795e+00
8.793427134142145718e+00
8.780170196417538264e+00
8.810285301388050883e+00
1.004190635763069395e+01
9.945725875240132297e+00
1.009649954640693892e+01
1.007914366155431729e+01
9.494804642744551160e+00
1.006621605000206188e+01
1.044218256634544950e+01
1.083769853986697207e+01
1.038300481246960238e+01
1.108440196793765153e+01
1.038347643654151220e+01
1.067690498344164673e+01
1.177213279634663579e+01
1.127686463378129211e+01
1.099371576897990721e+01
1.104354145152372624e+01
1.079180362446562746e+01
1.001647190893256045e+01
1.005075339633557441e+01
9.519601539472521523e+00
9.756397754790112842e+00
9.296685637673212099e+00
1.007165284018198115e+01
9.680026194013862550e+00
9.518995435911024927e+00
9.925754044595858971e+00
9.310321886378881473e+00
9.424051853680946778e+00
1.007762323082216049e+01
9.273881613541547608e+00
9.366198542807698146e+00
9.496139939931911300e+00
9.887051375820565369e+00
9.268576020381525282e+00
8.608347713839386017e+00
8.869318496647835559e+00
9.017810833264428894e+00
9.143057258437366386e+00
9.316281363185854758e+00
8.976269002396609409e+00
9.092395850977110783e+00
9.238932087626452017e+00
8.881756378613268055e+00
9.814643634185646448e+00
1.005156009464153932e+01
9.455908346040216017e+00
9.784185150357130212e+00
9.296844315243468770e+00
9.690386617114695511e+00
1.026968440661839743e+01
9.859343247442541980e+00
1.034103131206470394e+01
1.054742177553295335e+01
1.095845185553019796e+01
1.190684834685717064e+01
1.178415428885573490e+01
1.140728620667699111e+01
1.096252899186422880e+01
1.055462384938151033e+01
1.051607299467445777e+01
1.068664898208277947e+01
1.082499438174778916e+01
1.123858600626580184e+01
1.124508695220475474e+01
1.197185399078341383e+01
1.183952557416443518e+01
1.319961015745924371e+01
1.351244383134174853e+01
1.308386505313360715e+01
1.254841880410305066e+01
1.278965501172464236e+01
1.267792361906171728e+01
1.303492386610776421e+01
1.327154267839453539e+01
1.323512822206609840e+01
1.281173136303189608e+01
1.205430775068896487e+01
1.183105027465545334e+01
1.225924967181719083e+01
1.236629654388229227e+01
1.174342715452629804e+01
1.183001761745188851e+01
1.202267630731630810e+01
1.158074758921574166e+01
1.165761014218850455e+01
1.168671450141150459e+01
1.111522935249619337e+01
