-1.185992862728808
-1.396315524111488
-1.5676727823748724
-1.968811416985682
-2.0494542728186875
-1.847428844411418
-0.9043358938061523
-0.8170469873902331
-0.6882717920288517
-0.7254947499119346
-1.6848803575614557
-1.6981372952860632
-1.6680221903155505
-0.4364011340729075
-0.5325816164634691
-0.3818079452966625
-0.39916383014928414
-0.9835028489590503
-0.41209144170153955
-0.03612492535815193
0.35939104816337064
-0.09530267923399904
0.6060944762340501
-0.09483105516208923
0.1985974917380453
1.2938253046430344
0.7985571420776907
0.5154082772763058
0.5652339598201248
0.31349613276202604
-0.461835582771041
-0.427554095368027
-0.9587059522310799
-0.7219097369134886
-1.1816218540303893
-0.4066546515216203
-0.7982812976897389
-0.9593120557925765
-0.5525534471077425
-1.16798560532472
-1.0542556380226547
-0.40068426088144093
-1.2044258781620538
-1.1121089488959033
-0.9821675517716901
-0.5912561158830361
-1.2097314713220761
-1.8699597778642154
-1.6089889950557659
-1.4604966584391725
-1.335250233266235
-1.1620261285177467
-1.502038489306992
-1.3859116407264906
-1.2393754040771494
-1.5965511130903334
-0.663663857517955
-0.4267473970620621
-1.0223991456633854
-0.6941223413464712
-1.1814631764601327
-0.7879208745889059
-0.208623085085204
-0.6189642442610594
-0.1372761796388975
0.06911428382935192
0.48014436382659653
1.4285408551535692
1.3058467971521335
0.9289787149733897
0.48422150016062737
0.0763163576779089
0.037765502970856346
0.20834149037917804
0.34668689004418773
0.7602785145622004
0.7667794605011533
1.4935464990798124
1.3612180824608338
2.7213026657556423
3.034136339638147
2.6055575614300057
2.0701113123994492
2.311347520021041
2.199616127358116
2.556616374404163
2.793235186690934
2.756820730362497
2.3334238713282947
1.5760002589853634
1.352742782951852
1.7809421801135894
1.8879890521786908
1.2651196628226966
1.351710125748287
1.5443688156127067
1.1024400975121402
1.1793026504849031
1.2084070097079032
0.6369218607925919
