1.747334277990628126e-02
3.207109142877958563e-01
5.915457016381336919e-01
8.030731504013453037e-01
9.347809331164725899e-01
9.744871343924904616e-01
9.193028874925289751e-01
7.756022644225391005e-01
5.580968940245001342e-01
2.881922299653322250e-01
-8.157894541451812809e-03
-3.028768481817940561e-01
-5.682676340616845678e-01
-7.794165654528030229e-01
-9.163479348126889468e-01
-9.657962951591347878e-01
-9.224721652161652630e-01
-7.897054448493965317e-01
-5.793688750931784703e-01
-3.110211617738367629e-01
-1.027100282286602662e-02
2.935530121733413433e-01
5.702461225009609613e-01
7.918136478483857044e-01
9.354626849297611457e-01
9.861384764342687737e-01
9.382744259714003165e-01
7.965090232089410138e-01
5.752516943311392073e-01
2.971329704860462551e-01
-9.473397051793286394e-03
-3.135440215196647618e-01
-5.847269688735374782e-01
-7.964870293802165380e-01
-9.287173682988001389e-01
-9.695542494830164948e-01
-9.162547263243208118e-01
-7.751250285227411219e-01
-5.605974909234089365e-01
-2.936304677848898814e-01
3.575330343371235786e-04
2.938076091020653813e-01
5.594062290263670523e-01
7.723825294095237881e-01
9.125913479970945152e-01
9.662714060235040314e-01
9.273690067996374076e-01
7.983115788858009543e-01
5.901152221313802348e-01
3.217302448344107613e-01
1.857888048214755006e-02
-2.896777546091052757e-01
-5.719989131637673863e-01
-7.991909173796793997e-01
-9.471459224384173314e-01
-9.996834399714232822e-01
-9.505935753590294413e-01
-8.045595083061822805e-01
-5.767791224568541431e-01
-2.912907145085682492e-01
2.179678031955434303e-02
3.297992639553450345e-01
6.011987947577656088e-01
8.091220782391957966e-01
9.341054777081418958e-01
9.658282890726317405e-01
9.036748744753031470e-01
7.561744415896688443e-01
5.395270068393479557e-01
2.755256756160141540e-01
-1.078604112905851009e-02
-2.934244260286297812e-01
-5.475371568254321364e-01
-7.511407274616567209e-01
-8.865243084547054231e-01
-9.413754818165501748e-01
-9.096835694075602330e-01
-7.924265573368096671e-01
-5.979690763622940164e-01
-3.420236248713584559e-01
-4.698919016737740373e-02
2.594935829695640406e-01
5.468343332964449299e-01
7.845381045087337357e-01
9.457234515107157957e-01
1.010663388367035953e+00
9.697929330757353306e-01
8.256224588010732113e-01
5.931101576520262375e-01
2.982697657217340814e-01
-2.491556436617566039e-02
-3.388927205740208115e-01
-6.076112205818979817e-01
-8.014767878544333257e-01
-9.013862012476920871e-01
-9.011865468240540800e-01
-8.081682697160298412e-01
-6.415367536706606533e-01
-4.291423564480334463e-01
-2.030164464742174601e-01
