-2.3382712958321905E-15 0.0
1.638352537717046E-15 4.073153270765497E-15
3.8422555770590534E-15 1.3211988293055252E-15
4.4504738149076986E-15 3.39730267436662E-15
6.834993131517162E-15 -1.1375200598887497E-15
-1.0810270581785544E-15 -5.983229147556442E-16
3.730397283844826E-15 4.179810022042031E-15
9.309960716779705E-15 3.170269169539752E-15
2.335823711139981E-15 7.058086684975331E-15
1.497639241645121E-14 1.0349523450734496E-14
-3.552713678800501E-14 -31.999999999999982
-9.666047758759118E-15 -1.135751882967029E-14
-8.881784197001252E-16 -9.769962616701378E-15
-2.5365154433429666E-15 4.5558904396732505E-15
4.976696910354391E-15 -1.4413623430251525E-14
-1.3315859946515964E-15 7.530871477718837E-16
7.653735925794218E-15 3.552713678800503E-15
8.297343680542588E-15 -2.678842961286928E-15
4.991049611215201E-16 5.219874642906084E-15
1.725498584582277E-14 9.346082888339974E-15
-4.1744385725905886E-14 -15.999999999999988
-8.024116205920701E-15 -1.1363873664253622E-14
1.7763568394002505E-15 -2.1316282072803006E-14
-6.1594848607653E-15 2.3773795747966136E-16
4.533953153297268E-15 -1.6478641437077985E-14
1.0565883974993811E-15 -6.988536703208645E-16
4.920835161536562E-15 1.2253566993002548E-15
5.60644741461308E-15 -4.888635786501631E-15
-4.970847920425576E-16 -1.6642589483241594E-15
4.169593425112803E-15 -4.927217984438887E-16
-2.662968044288884E-16 -2.0749187287082987E-15
1.2273366448872615E-15 2.4876269307863384E-15
6.099423691318999E-15 0.0
1.227336644887263E-15 -2.487626930786332E-15
2.1560241249432694E-15 2.3658204042047842E-15
4.1695934251128E-15 4.92721798443888E-16
2.7043422608384003E-16 1.5816092697388123E-15
5.6064474146130755E-15 4.888635786501632E-15
6.927743752556677E-15 -6.270963432415298E-16
1.0565883974993815E-15 6.9885367032086625E-16
4.5339531532972655E-15 1.647864143707798E-14
-6.159484860765295E-15 -2.3773795747966215E-16
0.0 1.9539925233402755E-14
-8.024116205920701E-15 1.1363873664253615E-14
-4.1744385725905886E-14 15.999999999999986
1.7254985845822772E-14 -9.34608288833997E-15
-1.3885654669957806E-15 -7.246246575952208E-15
8.297343680542587E-15 2.678842961286927E-15
7.653735925794218E-15 -3.552713678800503E-15
-1.3315859946516011E-15 -7.530871477718824E-16
7.71347005207816E-15 1.7738458714587365E-14
-2.5365154433429658E-15 -4.555890439673256E-15
-3.448494320457347E-15 1.2434497875801753E-14
-9.666047758759123E-15 1.1357518829670291E-14
-4.440892098500626E-14 31.999999999999993
1.4976392416451217E-14 -1.0349523450734495E-14
2.335823711139981E-15 -7.058086684975327E-15
9.30996071677971E-15 -3.170269169539752E-15
3.9473431472259645E-15 -1.0107140896301507E-14
-1.0810270581785603E-15 5.983229147556481E-16
8.699129286029992E-15 1.6642589483241594E-15
4.4504738149076954E-15 -3.3973026743666217E-15
1.980024102793587E-15 -1.1342070166914725E-15
1.638352537717048E-15 -4.073153270765502E-15
