1
3
9
11
13
15
17
21
25
29
32
34
37
40
43
46
51
54
56
59
62
66
68
70
73
76
78
80
82
85
87
91
93
96
99
102
104
107
109
112
115
117
124
127
131
134
136
138
143
147
151
155
158
163
168
171
175
180
182
185
187
189
195
200
202
206
208
211
215
217
221
223
225
227
229
232
235
237
239
241
244
249
251
253
255
257
261
264
266
269
272
274
277
281
285
287
289
291
296
298
301
305
308
310
316
319
321
324
327
329
331
334
337
341
343
346
348
350
354
356
359
362
364
366
370
373
376
382
386
389
391
395
397
400
403
405
407
409
412
414
416
418
424
427
429
432
434
436
438
440
442
444
447
453
456
461
464
466
468
470
474
477
479
481
483
485
488
491
496
498
