-0.0026683612937766607
-0.605004039237274
0.005420327543288942
0.40887476985567334
0.9860372112041368
1.0587822309506827
0.9277886540792479
0.3454494653582732
-0.22256886292638212
-0.7873486805728386
-0.9344214824644403
-0.7985348038479111
-0.2583453035397781
0.3100831535420517
0.8482194762994275
0.9924333868477788
0.8388668881585821
0.29293892540237776
-0.2871587080485534
-0.8340513898112063
-0.985221439230951
-0.8440766823277838
-0.3006375109229914
0.26200903682946447
0.8117240485671454
0.9377414254134465
0.8075115308035004
0.22564432367674017
-0.309921858853661
-0.9248809489191497
-0.977132685183053
-0.9832345980844792
-0.0043174992675914835
