-2.668361293774911252e-03
-6.050040392372763032e-01
5.420327543291244415e-03
4.088747698556720045e-01
9.860372112041376758e-01
1.058782230950682468e+00
9.277886540792463776e-01
3.454494653582764196e-01
-2.225688629263851692e-01
-7.873486805728376892e-01
-9.344214824644385686e-01
-7.985348038479130883e-01
-2.583453035397763609e-01
3.100831535420512375e-01
8.482194762994262893e-01
9.924333868477790421e-01
8.388668881585826798e-01
2.929389254023789801e-01
-2.871587080485572541e-01
-8.340513898112027480e-01
-9.852214392309527335e-01
-8.440766823277824349e-01
-3.006375109229921239e-01
2.620090368294634708e-01
8.117240485671469719e-01
9.377414254134469607e-01
8.075115308035019090e-01
2.256443236767384231e-01
-3.099218588536594154e-01
-9.248809489191499589e-01
-9.771326851830510751e-01
-9.832345980844801048e-01
-4.317499267592412454e-03
