2.266311362432589793e-01
8.051761432914290584e-01
1.076171230532828815e+00
1.078472091639870900e+00
6.688332696586729575e-01
8.451901386878613032e-02
-5.320786325233533010e-01
-8.928174991994181076e-01
-9.125304269319876038e-01
-5.482455537487697095e-01
2.545048678547034982e-02
6.125089383515996966e-01
9.656097938805323633e-01
9.629809907159682103e-01
5.925261796179517315e-01
2.486348115012004596e-16
-5.925261796179510654e-01
-9.629809907159683213e-01
-9.656097938805321412e-01
-6.125089383516009178e-01
-2.545048678547096044e-02
5.482455537487682662e-01
9.125304269319871597e-01
8.928174991994194398e-01
5.320786325233539671e-01
-8.451901386878510336e-02
-6.688332696586727355e-01
-1.078472091639870234e+00
-1.076171230532829481e+00
-8.051761432914293914e-01
-2.266311362432594789e-01
-8.529945762433490612e-17
