3.944304526105059027e-31 0.000000000000000000e+00
8.871315429772701489e-01 1.232595164407830946e-32
1.293409378558188383e+00 -1.110223024625154568e-16
1.092729887680261136e+00 -8.326672684688683914e-17
5.703261419180128966e-01 2.775557561562891351e-17
1.440006439620302447e-01 5.551115123125771609e-17
3.748605833583371072e-03 1.110223024625158513e-16
-1.249956074466132550e-02 1.387778780781444689e-16
-2.071067811865473507e-01 -5.551115123125792563e-17
-6.791552192224076245e-01 -8.326672684688682681e-17
-1.172126996585775238e+00 -1.387778780781465397e-17
-1.263403093564352098e+00 -5.551115123125758667e-17
-7.362368229583644563e-01 -2.775557561562891351e-17
1.955623013376235064e-01 -9.714451465470116031e-17
1.017509999275244770e+00 5.551115123125775307e-17
1.297656070499627834e+00 1.509929076399592909e-31
1.000000000000000222e+00 0.000000000000000000e+00
4.661864581970827093e-01 8.326672684688646936e-17
9.363046676395883616e-02 2.091783358105259503e-31
4.719793214963824424e-04 2.359223927328459621e-16
-2.913004177181605092e-02 2.775557561562891351e-17
-2.826178131611217781e-01 3.697785493223492838e-32
-7.894435642206858450e-01 4.163336342344337027e-17
-1.234725452242010135e+00 -2.775557561562895665e-17
-1.207106781186548128e+00 -5.551115123125790098e-17
-5.680697937642658069e-01 -1.665334536937735797e-16
3.864320381986708353e-01 2.775557561562912305e-17
1.124785924365259815e+00 5.551115123125766678e-17
1.277432923104560913e+00 2.775557561562891351e-17
8.976395656641337206e-01 4.163336342344340724e-17
3.695298460469026991e-01 6.972611193684197980e-32
5.566193067472521849e-02 2.775557561562914770e-17
2.465190328815661892e-32 0.000000000000000000e+00
-5.566193067472435807e-02 1.232595164407830946e-32
-3.695298460469012003e-01 1.110223024625156787e-16
-8.976395656641303900e-01 5.551115123125772841e-17
-1.277432923104560247e+00 -8.326672684688674053e-17
-1.124785924365262479e+00 -1.665334536937733332e-16
-3.864320381986732222e-01 -1.110223024625155554e-16
5.680697937642604778e-01 -8.326672684688664192e-17
1.207106781186547462e+00 5.551115123125787632e-17
1.234725452242010579e+00 8.326672684688680216e-17
7.894435642206852899e-01 -4.163336342344346887e-17
2.826178131611227773e-01 5.551115123125797493e-17
2.913004177181580112e-02 -2.775557561562891351e-17
-4.719793214965212202e-04 1.249000902703301601e-16
-9.363046676395916923e-02 5.551115123125762981e-17
-4.661864581970813215e-01 5.551115123125767911e-17
-9.999999999999971134e-01 0.000000000000000000e+00
-1.297656070499627612e+00 -8.326672684688644471e-17
-1.017509999275248544e+00 -1.394522238736839596e-31
-1.955623013376259212e-01 -2.081668171172175169e-16
7.362368229583597934e-01 2.775557561562891351e-17
1.263403093564352098e+00 1.110223024625158513e-16
1.172126996585777015e+00 -4.163336342344337027e-17
6.791552192224079576e-01 -2.775557561562881798e-17
2.071067811865487940e-01 5.551115123125782702e-17
1.249956074466126998e-02 1.665334536937735304e-16
-3.748605833583190661e-03 2.775557561562884264e-17
-1.440006439620304390e-01 -5.551115123125792563e-17
-5.703261419180112313e-01 2.775557561562891351e-17
-1.092729887680261136e+00 -6.938893903907232075e-17
-1.293409378558188605e+00 -1.110223024625155185e-16
-8.871315429772694827e-01 -8.326672684688678984e-17
-2.449293598294705724e-15 0.000000000000000000e+00
8.871315429772661521e-01 1.232595164407830946e-32
1.293409378558187939e+00 -1.110223024625158513e-16
1.092729887680263356e+00 -8.326672684688683914e-17
5.703261419180137848e-01 2.775557561562891351e-17
1.440006439620296341e-01 5.551115123125801191e-17
3.748605833583620872e-03 1.110223024625154568e-16
-1.249956074466104794e-02 1.387778780781448634e-16
-2.071067811865471286e-01 -5.551115123125772841e-17
-6.791552192224091788e-01 -8.326672684688682681e-17
-1.172126996585772574e+00 -1.387778780781425954e-17
-1.263403093564352986e+00 -5.551115123125797493e-17
-7.362368229583635681e-01 -2.775557561562891351e-17
1.955623013376281139e-01 -9.714451465470116031e-17
1.017509999275240773e+00 5.551115123125790098e-17
1.297656070499627834e+00 -2.434375449705466118e-31
9.999999999999996669e-01 0.000000000000000000e+00
4.661864581970875943e-01 8.326672684688703635e-17
9.363046676396022394e-02 -2.091783358105259503e-31
4.719793214963824424e-04 2.359223927328453704e-16
-2.913004177181616194e-02 2.775557561562891351e-17
-2.826178131611177813e-01 3.697785493223492838e-32
-7.894435642206822923e-01 4.163336342344337027e-17
-1.234725452242009247e+00 -2.775557561562867932e-17
-1.207106781186546796e+00 -5.551115123125775923e-17
-5.680697937642711359e-01 -1.665334536937735797e-16
3.864320381986685038e-01 2.775557561562870397e-17
1.124785924365260259e+00 5.551115123125808587e-17
1.277432923104560025e+00 2.775557561562891351e-17
8.976395656641370513e-01 4.163336342344340724e-17
3.695298460469039203e-01 -6.972611193684197980e-32
5.566193067472505196e-02 2.775557561562858995e-17
1.725633230170963324e-31 0.000000000000000000e+00
-5.566193067472391398e-02 1.232595164407830946e-32
-3.695298460468999791e-01 1.110223024625156294e-16
-8.976395656641328324e-01 5.551115123125772841e-17
-1.277432923104558915e+00 -8.326672684688674053e-17
-1.124785924365263812e+00 -1.665334536937735304e-16
-3.864320381986756647e-01 -1.110223024625157526e-16
5.680697937642644746e-01 -8.326672684688664192e-17
1.207106781186544353e+00 5.551115123125777772e-17
1.234725452242011468e+00 8.326672684688650634e-17
7.894435642206866222e-01 -4.163336342344327166e-17
2.826178131611207789e-01 5.551115123125777772e-17
2.913004177181685583e-02 -2.775557561562891351e-17
-4.719793214964934647e-04 1.249000902703301601e-16
-9.363046676395866963e-02 5.551115123125802424e-17
-4.661864581970836530e-01 5.551115123125787632e-17
-9.999999999999960032e-01 0.000000000000000000e+00
-1.297656070499627168e+00 -8.326672684688701170e-17
-1.017509999275245880e+00 1.394522238736839596e-31
-1.955623013376353581e-01 -2.081668171172163829e-16
7.362368229583575729e-01 2.775557561562891351e-17
1.263403093564351209e+00 1.110223024625155678e-16
1.172126996585775238e+00 -4.163336342344337027e-17
6.791552192224135087e-01 -2.775557561562881798e-17
2.071067811865496822e-01 5.551115123125782702e-17
1.249956074466143652e-02 1.665334536937732345e-16
-3.748605833583301683e-03 2.775557561562898130e-17
-1.440006439620276635e-01 -5.551115123125764213e-17
-5.703261419180098990e-01 2.775557561562891351e-17
-1.092729887680260248e+00 -6.938893903907217284e-17
-1.293409378558188161e+00 -1.110223024625158020e-16
-8.871315429772763661e-01 -8.326672684688678984e-17
