1.972152263052529514e-31 0.000000000000000000e+00
1.293409378558188161e+00 -1.110223024625156540e-16
5.703261419180131186e-01 2.775557561562891351e-17
3.748605833583426583e-03 1.110223024625158513e-16
-2.071067811865474617e-01 -5.551115123125802424e-17
-1.172126996585775238e+00 -1.972152263052529514e-31
-7.362368229583646784e-01 -2.775557561562891351e-17
1.017509999275244770e+00 5.551115123125780237e-17
1.000000000000000222e+00 0.000000000000000000e+00
9.363046676395889167e-02 0.000000000000000000e+00
-2.913004177181610643e-02 2.775557561562891351e-17
-7.894435642206860670e-01 5.551115123125782702e-17
-1.207106781186548128e+00 -5.551115123125782702e-17
3.864320381986708353e-01 1.387778780781452763e-17
1.277432923104561135e+00 2.775557561562891351e-17
3.695298460469028101e-01 1.045891679052629752e-31
1.972152263052529514e-31 0.000000000000000000e+00
-3.695298460469013113e-01 1.110223024625157033e-16
-1.277432923104560247e+00 -8.326672684688674053e-17
-3.864320381986732778e-01 -1.110223024625155554e-16
1.207106781186547240e+00 5.551115123125787632e-17
7.894435642206854009e-01 -2.775557561562891351e-17
2.913004177181591214e-02 -2.775557561562891351e-17
-9.363046676395939127e-02 5.551115123125762981e-17
-9.999999999999971134e-01 0.000000000000000000e+00
-1.017509999275248544e+00 0.000000000000000000e+00
7.362368229583597934e-01 2.775557561562891351e-17
1.172126996585777237e+00 -5.551115123125782702e-17
2.071067811865489050e-01 5.551115123125772225e-17
-3.748605833583246172e-03 1.387778780781438742e-17
-5.703261419180114533e-01 2.775557561562891351e-17
-1.293409378558188827e+00 -1.110223024625155554e-16
-2.449293598294706119e-15 0.000000000000000000e+00
1.293409378558187717e+00 -1.110223024625156540e-16
5.703261419180140068e-01 2.775557561562891351e-17
3.748605833583676383e-03 1.110223024625154568e-16
-2.071067811865472397e-01 -5.551115123125762981e-17
-1.172126996585772574e+00 1.972152263052529514e-31
-7.362368229583635681e-01 -2.775557561562891351e-17
1.017509999275241217e+00 5.551115123125785167e-17
9.999999999999996669e-01 0.000000000000000000e+00
9.363046676396027945e-02 0.000000000000000000e+00
-2.913004177181621746e-02 2.775557561562891351e-17
-7.894435642206825143e-01 5.551115123125782702e-17
-1.207106781186546796e+00 -5.551115123125782702e-17
3.864320381986685038e-01 1.387778780781438742e-17
1.277432923104560247e+00 2.775557561562891351e-17
3.695298460469040314e-01 -1.045891679052629752e-31
1.972152263052529514e-31 0.000000000000000000e+00
-3.695298460469002011e-01 1.110223024625156171e-16
-1.277432923104558915e+00 -8.326672684688674053e-17
-3.864320381986757202e-01 -1.110223024625157526e-16
1.207106781186544131e+00 5.551115123125777772e-17
7.894435642206867332e-01 -2.775557561562891351e-17
2.913004177181696686e-02 -2.775557561562891351e-17
-9.363046676395889167e-02 5.551115123125802424e-17
-9.999999999999960032e-01 0.000000000000000000e+00
-1.017509999275245880e+00 0.000000000000000000e+00
7.362368229583575729e-01 2.775557561562891351e-17
1.172126996585775460e+00 -5.551115123125782702e-17
2.071067811865497932e-01 5.551115123125792563e-17
-3.748605833583357194e-03 1.387778780781452763e-17
-5.703261419180101210e-01 2.775557561562891351e-17
-1.293409378558188383e+00 -1.110223024625157526e-16
