1.9721522630525295E-31 1.1102230246251568E-16
0.8871315429772701 9.714451465470111E-17
1.2934093785581884 -1.6653345369377328E-16
1.0927298876802611 -1.6653345369377336E-16
0.5703261419180131 5.5511151231257704E-17
0.14400064396203047 5.55111512312579E-17
0.0037486058335831143 1.1102230246251578E-16
-0.012499560744661742 1.3877787807814472E-16
-0.2071067811865478 2.8965986363584027E-31
-0.6791552192224083 -1.1102230246251585E-16
-1.1721269965857755 2.220446049250312E-16
-1.2634030935643517 2.220446049250318E-16
-0.7362368229583647 -1.942890293094025E-16
0.19556230133762356 -1.3530843112619056E-16
1.017509999275245 -3.191891195797327E-16
1.297656070499628 -3.19189119579733E-16
1.0000000000000009 -9.714451465470131E-17
0.4661864581970835 -1.665334536937727E-16
0.09363046676395928 -1.110223024625159E-16
4.7197932149618815E-4 -6.93889390390508E-18
-0.029130041771816495 1.1102230246251602E-16
-0.2826178131611229 1.6653345369377378E-16
-0.7894435642206866 5.551115123125793E-17
-1.2347254522420104 1.1102230246251442E-16
-1.2071067811865488 -2.465190328815662E-31
-0.5680697937642659 2.7755575615628815E-17
0.38643203819867106 -1.3877787807814486E-16
1.1247859243652605 -2.7755575615629E-16
1.2774329231045618 -1.1102230246251605E-16
0.8976395656641353 -3.944304526105059E-31
0.3695298460469038 5.551115123125812E-17
0.05566193067472542 1.1796119636642448E-16
4.9303806576313216E-32 -1.1102230246251565E-16
-0.05566193067472469 -6.938893903907268E-17
-0.3695298460469014 5.55111512312579E-17
-0.8976395656641305 7.632783294297954E-17
-1.2774329231045602 -1.3877787807814457E-16
-1.1247859243652627 -5.551115123125795E-17
-0.3864320381986732 -2.775557561562911E-17
0.5680697937642605 -1.457167719820515E-16
1.2071067811865475 -2.7755575615628914E-17
1.2347254522420112 1.3877787807814506E-17
0.7894435642206857 -1.2490009027032967E-16
0.282617813161123 -1.1102230246251585E-16
0.02913004177181608 1.3877787807814496E-16
-4.7197932149674326E-4 2.0469737016526348E-16
-0.09363046676395989 3.191891195797319E-16
-0.4661864581970817 2.636779683484739E-16
-0.999999999999998 9.714451465470105E-17
-1.2976560704996278 1.387778780781456E-16
-1.0175099992752488 2.2204460492503195E-16
-0.19556230133762595 7.632783294297872E-17
0.7362368229583602 -5.551115123125822E-17
1.2634030935643525 -1.665334536937727E-16
1.1721269965857781 -1.526556658859584E-16
0.679155219222409 -1.0408340855860803E-16
0.20710678118654968 2.7755575615629407E-17
0.012499560744661437 6.938893903907088E-17
-0.0037486058335837735 5.5511151231257155E-17
-0.14400064396203133 1.6653345369377422E-16
-0.5703261419180125 1.9428902930940215E-16
-1.0927298876802625 -9.020562075079317E-17
-1.2934093785581895 -5.551115123125726E-17
-0.8871315429772697 -6.245004513516523E-17
-2.4492935982947053E-15 1.1102230246251563E-16
0.8871315429772662 9.714451465470128E-17
1.293409378558188 -1.6653345369377368E-16
1.0927298876802634 -1.665334536937736E-16
0.570326141918014 5.551115123125795E-17
0.14400064396202986 5.551115123125775E-17
0.003748605833583364 1.1102230246251553E-16
-0.012499560744661464 1.3877787807814444E-16
-0.20710678118654757 -2.8965986363584027E-31
-0.6791552192224098 -1.1102230246251546E-16
-1.1721269965857728 2.220446049250314E-16
-1.2634030935643525 2.2204460492503084E-16
-0.7362368229583637 -1.942890293094023E-16
0.19556230133762817 -1.3530843112619135E-16
1.0175099992752414 -3.191891195797323E-16
1.297656070499628 -3.19189119579732E-16
1.0000000000000004 -9.714451465470078E-17
0.46618645819708837 -1.6653345369377427E-16
0.09363046676396067 -1.1102230246251541E-16
4.7197932149618815E-4 -6.938893903909376E-18
-0.029130041771816606 1.1102230246251528E-16
-0.2826178131611189 1.6653345369377319E-16
-0.7894435642206832 5.551115123125773E-17
-1.2347254522420097 1.1102230246251689E-16
-1.207106781186547 2.465190328815662E-31
-0.5680697937642715 2.775557561562901E-17
0.3864320381986687 -1.3877787807814422E-16
1.124785924365261 -2.7755575615628825E-16
1.277432923104561 -1.1102230246251526E-16
0.8976395656641386 3.944304526105059E-31
0.369529846046905 5.551115123125752E-17
0.05566193067472525 1.1796119636642128E-16
1.4791141972893974E-31 -1.1102230246251565E-16
-0.05566193067472425 -6.93889390390719E-17
-0.3695298460469003 5.551115123125775E-17
-0.8976395656641329 7.632783294297949E-17
-1.2774329231045587 -1.3877787807814454E-16
-1.1247859243652638 -5.5511151231257704E-17
-0.38643203819867566 -2.7755575615628716E-17
0.5680697937642646 -1.457167719820521E-16
1.2071067811865444 -2.7755575615628766E-17
1.234725452242012 1.3877787807814407E-17
0.7894435642206871 -1.2490009027033055E-16
0.282617813161121 -1.1102230246251546E-16
0.029130041771817133 1.3877787807814417E-16
-4.719793214967155E-4 2.04697370165263E-16
-0.09363046676395939 3.191891195797331E-16
-0.46618645819708415 2.6367796834847547E-16
-0.9999999999999967 9.714451465470104E-17
-1.2976560704996278 1.3877787807814333E-16
-1.017509999275246 2.2204460492503077E-16
-0.19556230133763539 7.632783294298035E-17
0.736236822958358 -5.5511151231257605E-17
1.2634030935643519 -1.6653345369377437E-16
1.1721269965857763 -1.526556658859597E-16
0.6791552192224144 -1.0408340855860882E-16
0.20710678118655057 2.7755575615628322E-17
0.012499560744661603 6.938893903907394E-17
-0.0037486058335838846 5.551115123125852E-17
-0.14400064396202855 1.6653345369377284E-16
-0.5703261419180111 1.942890293094028E-16
-1.0927298876802616 -9.020562075079472E-17
-1.293409378558189 -5.551115123125846E-17
-0.8871315429772766 -6.245004513516508E-17
