1.9721522630525295E-31 7.395570986446986E-32
1.2934093785581882 -1.110223024625157E-16
0.5703261419180132 -5.55111512312578E-17
0.0037486058335835792 -4.1633363423443395E-17
-0.2071067811865474 5.551115123125781E-17
-1.1721269965857752 9.860761315262648E-32
-0.7362368229583648 0.0
1.0175099992752445 4.163336342344337E-17
0.9999999999999999 -5.551115123125768E-17
0.09363046676395889 -1.3877787807814407E-17
-0.02913004177181594 2.77555756156288E-17
-0.7894435642206856 1.1102230246251585E-16
-1.2071067811865481 9.860761315262648E-32
0.3864320381986707 6.938893903907219E-17
1.2774329231045605 -5.551115123125778E-17
0.3695298460469025 -1.3877787807814437E-16
2.5884498452564454E-31 1.2325951644078304E-32
-0.3695298460469013 5.55111512312579E-17
-1.2774329231045605 5.551115123125802E-17
-0.38643203819867333 6.938893903907179E-17
1.2071067811865475 5.551115123125793E-17
0.7894435642206852 -1.3877787807814457E-17
0.029130041771816134 -5.551115123125778E-17
-0.09363046676395895 6.938893903907243E-17
-0.999999999999997 5.551115123125783E-17
-1.0175099992752483 6.938893903907238E-17
0.7362368229583597 -2.7755575615628914E-17
1.1721269965857768 -1.2490009027033063E-16
0.20710678118654863 -1.110223024625158E-16
-0.0037486058335830796 -4.163336342344307E-17
-0.5703261419180109 8.32667268468867E-17
-1.2934093785581886 2.7755575615628787E-17
-2.449293598294706E-15 -4.930380657631324E-32
1.2934093785581877 -1.110223024625156E-16
0.5703261419180141 -5.551115123125785E-17
0.003748605833583829 -4.1633363423443346E-17
-0.20710678118654718 5.551115123125785E-17
-1.1721269965857726 -9.860761315262648E-32
-0.7362368229583638 0.0
1.0175099992752408 4.163336342344337E-17
0.9999999999999994 -5.551115123125774E-17
0.09363046676396028 -1.3877787807814506E-17
-0.02913004177181605 2.7755575615629024E-17
-0.7894435642206822 1.1102230246251546E-16
-1.2071067811865464 -9.860761315262648E-32
0.3864320381986684 6.938893903907238E-17
1.2774329231045596 -5.551115123125788E-17
0.3695298460469036 -1.3877787807814476E-16
1.3558546808486136E-31 1.2325951644078315E-32
-0.36952984604690015 5.551115123125775E-17
-1.277432923104559 5.551115123125763E-17
-0.3864320381986758 6.938893903907278E-17
1.2071067811865444 5.551115123125793E-17
0.7894435642206865 -1.3877787807814457E-17
0.02913004177181719 -5.551115123125788E-17
-0.09363046676395845 6.938893903907214E-17
-0.9999999999999957 5.551115123125764E-17
-1.0175099992752457 6.938893903907217E-17
0.7362368229583575 -2.775557561562856E-17
1.172126996585775 -1.2490009027032974E-16
0.20710678118654952 -1.1102230246251573E-16
-0.0037486058335831907 -4.163336342344365E-17
-0.5703261419180096 8.326672684688646E-17
-1.2934093785581882 2.7755575615629185E-17
