0.0
0.20681358485306683
0.41362716970613367
0.6204407545592004
0.8272543394122673
0.8806580250288937
0.8573567610272997
0.8340554970257057
0.8107542330241118
0.7193902093385467
0.49190066628503876
0.26441112323153093
0.03692158017802294
-0.19056796287548494
-0.36912545996470647
-0.5476829570539279
-0.7262404541431493
-0.9047979512323708
-0.918283947398016
-0.8492341931018723
-0.7801844388057286
-0.711134684509585
-0.5851589960903579
-0.34533143942496364
-0.10550388275956935
0.1343236739058249
0.37415123057121913
0.5179081521956782
0.6616650738201371
0.8054219954445958
0.9491789170690546
0.9222529351793229
0.8099855015324939
0.6977180678856654
0.5854506342388361
0.4294805408309253
0.18610512790085232
-0.05727028502922071
-0.3006456979592954
-0.54402111088937
