0.000000000000000000e+00
2.008179920691215148e-01
3.940503492347505188e-01
5.721114365933944734e-01
7.274156192415606181e-01
8.523772622757568307e-01
9.396519530130179598e-01
9.862257000732860268e-01
9.928302107168526236e-01
9.603206979809194577e-01
8.895523749026877924e-01
7.813821661116163719e-01
6.383717421252027568e-01
4.679864852774411332e-01
2.785681131379438291e-01
7.845834327632393579e-02
-1.240011067378052056e-01
-3.205566433496713219e-01
-5.039791146770160601e-01
-6.677002989488793894e-01
-8.051629898961567555e-01
-9.098099812497443262e-01
-9.751007469661878702e-01
-9.972032126419808629e-01
-9.779649207075041817e-01
-9.199485782678903378e-01
-8.257168924282713984e-01
-6.978325702937789865e-01
-5.393383450552738934e-01
-3.570891687302046869e-01
-1.597579346927540667e-01
4.397126773920295717e-02
2.454143492477938171e-01
4.359056907505949874e-01
6.078878872921749110e-01
7.555212658139401904e-01
8.731139151408945365e-01
9.549739240980431587e-01
9.954093815103917109e-01
9.900597736141749650e-01
9.420146913002708233e-01
8.569537094860907311e-01
7.405590034746151185e-01
5.985127485688253035e-01
4.364591627606016488e-01
2.588912899661706124e-01
6.897129588136409473e-02
-1.302127891712241414e-01
-3.355729348690000280e-01
-5.440211108893699965e-01
