0.000000000000000000e+00
5.023511546035126507e-01
8.687296180358694553e-01
9.999667804441291219e-01
8.605403383742440404e-01
4.881892088664758766e-01
-1.630136119395508495e-02
-5.163795995000284300e-01
-8.766880310355382733e-01
-9.997010372394821154e-01
-8.521223683683796235e-01
-4.738975258547863390e-01
3.259839026803527939e-02
5.302708154682748143e-01
8.844134624088179075e-01
9.991696214519849573e-01
8.434779451109166715e-01
4.594799036122554359e-01
-4.888675625363447103e-02
-5.440211108893698855e-01
