0.000000000000000000e+00
1.007978319890982799e-01
2.005890695506613031e-01
2.983671182571538405e-01
3.931253836810406077e-01
4.838572713947865145e-01
5.695785309508909489e-01
6.494757456976520960e-01
7.228143550266850070e-01
7.888602220376706997e-01
8.468792098302901916e-01
8.961524199977520810e-01
9.362091206138887234e-01
9.667804812050971863e-01
9.876035331375082604e-01
9.984153077772536244e-01
9.989573567050107350e-01
9.891847753980271829e-01
9.693541695044689543e-01
9.397449170653234818e-01
9.006363961215781977e-01
8.523082909206699531e-01
7.951598196349893843e-01
7.298906343274379482e-01
6.572468397133462981e-01
5.779745405080459753e-01
4.928198414268676331e-01
4.025663691133690714e-01
3.081735538271515584e-01
2.106522705017026265e-01
1.110134005043093147e-01
1.026782520226033821e-02
-9.057416355794103979e-02
-1.905076365494253465e-01
-2.885305270726264970e-01
-3.836407952829719026e-01
-4.748364013358869484e-01
-5.611221106831046912e-01
-6.416414419627370913e-01
-7.156674594333762851e-01
-7.824781884146196909e-01
-8.413516542260651709e-01
-8.915683778232701417e-01
-9.325794268394795861e-01
-9.641129307147924266e-01
-9.859224027420876446e-01
-9.977613562142445547e-01
-9.993834098214426920e-01
-9.906637712145595076e-01
-9.718334166320449219e-01
-9.431880494294700989e-01
-9.050233729624055368e-01
-8.576350905864226215e-01
-8.013740844048018452e-01
-7.368945230877219643e-01
-6.649542277911352217e-01
-5.863111095203710210e-01
-5.017230792807584328e-01
-4.119617600551562786e-01
-3.179484394696374672e-01
-2.206965319141857285e-01
-1.212207998839937018e-01
-2.053600587425503596e-02
8.034338931695614305e-02
1.804108029523558976e-01
2.786680902953702632e-01
3.741175204600660775e-01
4.657613625605090402e-01
5.526027666117656612e-01
6.337387796280892216e-01
7.084423539822424232e-01
7.760057795856976082e-01
8.357213463499291173e-01
8.868813556224957040e-01
9.288695516994365242e-01
9.613821699432243406e-01
9.841821409734023973e-01
9.970323954095133834e-01
9.996958638711005429e-01
9.919927685638394443e-01
9.741138667051834066e-01
9.463973406390122634e-01
9.091817503637035225e-01
8.628056558776339147e-01
8.076215425538818549e-01
7.441662699829674210e-01
6.731072803778840319e-01
5.951147800740305138e-01
5.108589754068048050e-01
4.210190153049863659e-01
3.265820616547684963e-01
2.289138694166281129e-01
1.294034408006260739e-01
2.943977801681654100e-02
-6.959088338489297088e-02
-1.668172092466147782e-01
-2.624833482011202368e-01
-3.569793469752103876e-01
-4.506952522956932383e-01
-5.440211108893698855e-01
