0.000000000000000000e+00
9.641082765117919839e-02
1.928216553023583968e-01
2.892324829535375952e-01
3.856433106047167936e-01
4.820541382558960475e-01
5.578630430023546749e-01
6.281781016408877205e-01
6.984931602794208771e-01
7.688082189179539228e-01
8.391232775564871904e-01
8.833115249701205540e-01
9.084984551292815125e-01
9.336853852884424709e-01
9.588723154476033184e-01
9.840592456067642768e-01
9.901083451462584506e-01
9.633497350520381364e-01
9.365911249578177111e-01
9.098325148635973969e-01
8.830739047693769717e-01
8.492569708134025674e-01
7.777956429280731276e-01
7.063343150427441319e-01
6.348729871574146921e-01
5.634116592720855854e-01
4.919503313867561456e-01
3.964636506736702315e-01
2.996422281368197327e-01
2.028208055999696224e-01
1.059993830631190681e-01
9.177960526268957864e-03
-8.701949590390477274e-02
-1.829941072959796744e-01
-2.789687186880541736e-01
-3.749433300801290336e-01
-4.709179414722035606e-01
-5.527743905642215072e-01
-6.219244935861878432e-01
-6.910745966081546232e-01
-7.602246996301212922e-01
-8.293748026520872951e-01
-8.841433647448682098e-01
-9.077519214910797496e-01
-9.313604782372911783e-01
-9.549690349835024961e-01
-9.785775917297140358e-01
-9.967196499895607520e-01
-9.683964711153086879e-01
-9.400732922410566239e-01
-9.117501133668048929e-01
-8.834269344925527179e-01
-8.551037556183007649e-01
-7.871746681387721267e-01
-7.145860619998001262e-01
-6.419974558608274595e-01
-5.694088497218549039e-01
-4.968202435828822927e-01
-4.073879611113854216e-01
-3.101816741787226661e-01
-2.129753872460598552e-01
-1.157691003133970442e-01
-1.856281338073512144e-02
7.784133801351121595e-02
1.733542276984058605e-01
2.688671173833005468e-01
3.643800070681952330e-01
4.598928967530890866e-01
5.481568077379991299e-01
6.161235783629519513e-01
6.840903489879048838e-01
7.520571196128571501e-01
8.200238902378099715e-01
8.855726155304660674e-01
9.075965248417809939e-01
9.296204341530958093e-01
9.516443434644107358e-01
9.736682527757256622e-01
9.956921620870405887e-01
9.740073303261558291e-01
9.441271096142332953e-01
9.142468889023113165e-01
8.843666681903892268e-01
8.544864474784668040e-01
7.969327279595638247e-01
7.232361341365877161e-01
6.495395403136129397e-01
5.758429464906382744e-01
5.021463526676621658e-01
4.183997694816789514e-01
3.208344509215591556e-01
2.232691323614375833e-01
1.257038138013177875e-01
2.813849524119621526e-02
-6.889218472376573699e-02
-1.639179699568859006e-01
-2.589437551900077294e-01
-3.539695404231278930e-01
-4.489953256562497219e-01
-5.440211108893698855e-01
