0.000000000000000000e+00
1.646067308014205477e-01
3.292134616028410954e-01
4.938201924042616153e-01
6.584269232056821908e-01
8.230336540071027107e-01
8.858889210292515415e-01
8.673430170279828877e-01
8.487971130267141229e-01
8.302512090254454691e-01
8.117053050241768153e-01
7.751019341679767916e-01
5.940388284723278067e-01
4.129757227766788219e-01
2.319126170810293930e-01
5.084951138538007509e-02
-1.302135943102689097e-01
-2.853127572493577846e-01
-4.274299488101668265e-01
-5.695471403709758684e-01
-7.116643319317845773e-01
-8.537815234925932861e-01
-9.521042352165350886e-01
-8.971462675114412200e-01
-8.421882998063473513e-01
-7.872303321012533717e-01
-7.322723643961595030e-01
-6.773143966910653013e-01
-5.166368370431018153e-01
-3.257536796971759463e-01
-1.348705223512493001e-01
5.601263499467656892e-02
2.468957923406024380e-01
4.122908220226068066e-01
5.267095963767677302e-01
6.411283707309292090e-01
7.555471450850901327e-01
8.699659194392510564e-01
9.843846937934124242e-01
9.176705909488396262e-01
8.283148784544248633e-01
7.389591659600101003e-01
6.496034534655952264e-01
5.602477409711804635e-01
4.245136956690860885e-01
2.308067343573949048e-01
3.709977304570366563e-02
-1.566071882659875181e-01
-3.503141495776788128e-01
-5.440211108893698855e-01
