8.326672684688674053e-17
5.599082155787400428e-01
9.625703849682212265e-01
1.128062300351154512e+00
1.087785252292472693e+00
9.569145130862266591e-01
8.625703849682210267e-01
8.702162060149485345e-01
9.510565162951536422e-01
1.008478658768557468e+00
9.464466094067259805e-01
7.378806086954584620e-01
4.510565162951536422e-01
2.169347235767602466e-01
1.554636037816738980e-01
3.036330306480386487e-01
5.877852522924730261e-01
8.574642502780560616e-01
9.625703849682214486e-01
8.305062656518386044e-01
4.999999999999998335e-01
9.337326685944848104e-02
-2.554636037816735983e-01
-4.747808179129659467e-01
-5.877852522924728040e-01
-6.863164630131282085e-01
-8.625703849682210267e-01
-1.140814256088047207e+00
-1.451056516295154308e+00
-1.661760141206745089e+00
-1.653553390593273331e+00
-1.391162091133646195e+00
-9.510565162951540863e-01
-4.875327736498592524e-01
-1.554636037816737038e-01
-3.303498057493951812e-02
-8.778525229247298445e-02
-2.041827678398678292e-01
-2.554636037816738758e-01
-1.772247832136504275e-01
-2.827444125945025581e-16
1.772247832136508439e-01
2.554636037816730432e-01
2.041827678398680790e-01
8.778525229247204076e-02
3.303498057493992057e-02
1.554636037816741201e-01
4.875327736498596964e-01
9.510565162951526430e-01
1.391162091133648415e+00
1.653553390593273775e+00
1.661760141206745756e+00
1.451056516295152976e+00
1.140814256088046985e+00
8.625703849682204716e-01
6.863164630131278754e-01
5.877852522924739143e-01
4.747808179129655026e-01
2.554636037816740979e-01
-9.337326685944627447e-02
-5.000000000000000000e-01
-8.305062656518371611e-01
-9.625703849682203384e-01
-8.574642502780558395e-01
-5.877852522924738032e-01
-3.036330306480378716e-01
-1.554636037816734262e-01
-2.169347235767609128e-01
-4.510565162951538087e-01
-7.378806086954605714e-01
-9.464466094067268687e-01
-1.008478658768557024e+00
-9.510565162951541973e-01
-8.702162060149493117e-01
-8.625703849682215818e-01
-9.569145130862267701e-01
-1.087785252292473581e+00
-1.128062300351153624e+00
-9.625703849682213376e-01
-5.599082155787395987e-01
2.023480254822599234e-15
5.599082155787413750e-01
9.625703849682233360e-01
1.128062300351154290e+00
1.087785252292472693e+00
9.569145130862263260e-01
8.625703849682212487e-01
8.702162060149475353e-01
9.510565162951536422e-01
1.008478658768557468e+00
9.464466094067263136e-01
7.378806086954594612e-01
4.510565162951510887e-01
2.169347235767595528e-01
1.554636037816733984e-01
3.036330306480378716e-01
5.877852522924721379e-01
8.574642502780547293e-01
9.625703849682230029e-01
8.305062656518396036e-01
5.000000000000004441e-01
9.337326685944866145e-02
-2.554636037816738203e-01
-4.747808179129647255e-01
-5.877852522924724710e-01
-6.863164630131282085e-01
-8.625703849682214708e-01
-1.140814256088050982e+00
-1.451056516295155419e+00
-1.661760141206745756e+00
-1.653553390593273553e+00
-1.391162091133641088e+00
-9.510565162951477580e-01
-4.875327736498551445e-01
-1.554636037816720939e-01
-3.303498057494032997e-02
-8.778525229247353956e-02
-2.041827678398696333e-01
-2.554636037816750971e-01
-1.772247832136517043e-01
-5.329601542922906540e-16
1.772247832136503998e-01
2.554636037816715444e-01
2.041827678398676627e-01
8.778525229247051420e-02
3.303498057493940709e-02
1.554636037816744809e-01
4.875327736498573650e-01
9.510565162951511997e-01
1.391162091133649970e+00
1.653553390593274663e+00
1.661760141206745534e+00
1.451056516295154086e+00
1.140814256088042988e+00
8.625703849682191393e-01
6.863164630131267652e-01
5.877852522924741363e-01
4.747808179129657802e-01
2.554636037816706007e-01
-9.337326685945293581e-02
-5.000000000000044409e-01
-8.305062656518339415e-01
-9.625703849682187840e-01
-8.574642502780550624e-01
-5.877852522924748024e-01
-3.036330306480417573e-01
-1.554636037816713168e-01
-2.169347235767595528e-01
-4.510565162951530871e-01
-7.378806086954573518e-01
-9.464466094067249813e-01
-1.008478658768557246e+00
-9.510565162951537532e-01
-8.702162060149486456e-01
-8.625703849682198054e-01
-9.569145130862308779e-01
-1.087785252292475580e+00
-1.128062300351154734e+00
-9.625703849682201163e-01
-5.599082155787330484e-01
4.218847493575594854e-15
5.599082155787429294e-01
9.625703849682227808e-01
1.128062300351153846e+00
1.087785252292471361e+00
9.569145130862235504e-01
8.625703849682202495e-01
8.702162060149477574e-01
9.510565162951533091e-01
1.008478658768557246e+00
9.464466094067264246e-01
7.378806086954605714e-01
4.510565162951564733e-01
2.169347235767617454e-01
1.554636037816778393e-01
3.036330306480451990e-01
5.877852522924789103e-01
8.574642502780591702e-01
9.625703849682211155e-01
8.305062656518403807e-01
5.000000000000015543e-01
9.337326685944997984e-02
-2.554636037816730432e-01
-4.747808179129681116e-01
-5.877852522924713607e-01
-6.863164630131283195e-01
-8.625703849682232471e-01
-1.140814256088049428e+00
-1.451056516295155641e+00
-1.661760141206745534e+00
-1.653553390593273775e+00
-1.391162091133635759e+00
-9.510565162951571949e-01
-4.875327736498642484e-01
-1.554636037816772842e-01
-3.303498057493989976e-02
-8.778525229247768902e-02
-2.041827678398706603e-01
-2.554636037816775396e-01
-1.772247832136525370e-01
-1.176595548281416072e-15
1.772247832136528700e-01
2.554636037816747085e-01
2.041827678398621948e-01
8.778525229247778616e-02
3.303498057493864382e-02
1.554636037816743699e-01
4.875327736498501485e-01
9.510565162951573059e-01
1.391162091133636869e+00
1.653553390593273997e+00
1.661760141206746866e+00
1.451056516295153420e+00
1.140814256088050760e+00
8.625703849682152535e-01
6.863164630131302069e-01
5.877852522924749135e-01
4.747808179129670569e-01
2.554636037816713778e-01
-9.337326685945150639e-02
-5.000000000000032196e-01
-8.305062656518347186e-01
-9.625703849682203384e-01
-8.574642502780559505e-01
-5.877852522924601475e-01
-3.036330306480425900e-01
-1.554636037816710670e-01
-2.169347235767626336e-01
-4.510565162951576390e-01
-7.378806086954605714e-01
-9.464466094067320867e-01
-1.008478658768557912e+00
-9.510565162951539753e-01
-8.702162060149484235e-01
-8.625703849682242463e-01
-9.569145130862323212e-01
-1.087785252292473803e+00
-1.128062300351153180e+00
-9.625703849682267776e-01
-5.599082155787382664e-01
2.497297568314359864e-15
5.599082155787413750e-01
9.625703849682216706e-01
1.128062300351152292e+00
1.087785252292469806e+00
9.569145130862218851e-01
8.625703849682209157e-01
8.702162060149503109e-01
9.510565162951538642e-01
1.008478658768556357e+00
9.464466094067246482e-01
7.378806086954564636e-01
4.510565162951520324e-01
2.169347235767556670e-01
1.554636037816753413e-01
3.036330306480454211e-01
5.877852522924700285e-01
8.574642502780516207e-01
9.625703849682237800e-01
8.305062656518463760e-01
4.999999999999949485e-01
9.337326685945905591e-02
-2.554636037816711558e-01
-4.747808179129637818e-01
-5.877852522924720269e-01
-6.863164630131273203e-01
-8.625703849682249125e-01
-1.140814256088041656e+00
-1.451056516295159193e+00
-1.661760141206743535e+00
-1.653553390593271777e+00
-1.391162091133643752e+00
-9.510565162951508666e-01
-4.875327736498576425e-01
-1.554636037816685690e-01
-3.303498057493873402e-02
-8.778525229247841066e-02
-2.041827678398693280e-01
-2.554636037816734317e-01
-1.772247832136530366e-01
5.970563471792754938e-15
1.772247832136490953e-01
2.554636037816705452e-01
2.041827678398669688e-01
8.778525229246851580e-02
3.303498057494185652e-02
1.554636037816709837e-01
4.875327736498673015e-01
9.510565162951480911e-01
1.391162091133653966e+00
1.653553390593271111e+00
1.661760141206743757e+00
1.451056516295152532e+00
1.140814256088044099e+00
8.625703849682229141e-01
6.863164630131244337e-01
5.877852522924746914e-01
4.747808179129663908e-01
2.554636037816749861e-01
-9.337326685945489257e-02
-4.999999999999911182e-01
-8.305062656518428232e-01
-9.625703849682158975e-01
-8.574642502780566167e-01
-5.877852522924689183e-01
-3.036330306480241603e-01
-1.554636037816735927e-01
-2.169347235767633830e-01
-4.510565162951521989e-01
-7.378806086954551313e-01
-9.464466094067292001e-01
-1.008478658768557246e+00
-9.510565162951535312e-01
-8.702162060149485345e-01
-8.625703849682222479e-01
-9.569145130862320991e-01
-1.087785252292471805e+00
-1.128062300351158065e+00
-9.625703849682136770e-01
-5.599082155787460380e-01
8.284059391838083840e-15
5.599082155787333814e-01
9.625703849682233360e-01
1.128062300351154068e+00
1.087785252292471361e+00
9.569145130862217741e-01
8.625703849682179181e-01
8.702162060149469802e-01
9.510565162951566398e-01
1.008478658768557024e+00
9.464466094067225388e-01
7.378806086954619037e-01
4.510565162951486462e-01
2.169347235767612181e-01
1.554636037816777838e-01
3.036330306480560792e-01
5.877852522924770229e-01
8.574642502780702724e-01
9.625703849682214486e-01
8.305062656518351627e-01
5.000000000000077716e-01
9.337326685944018212e-02
-2.554636037816677141e-01
-4.747808179129635042e-01
-5.877852522924721379e-01
-6.863164630131270982e-01
-8.625703849682170299e-01
-1.140814256088047873e+00
-1.451056516295160081e+00
-1.661760141206745089e+00
-1.653553390593269556e+00
-1.391162091133649970e+00
-9.510565162951445384e-01
-4.875327736498399345e-01
-1.554636037816715111e-01
-3.303498057494403534e-02
-8.778525229247405304e-02
-2.041827678398756840e-01
-2.554636037816778171e-01
-1.772247832136526202e-01
-2.624226563918794218e-15
1.772247832136496504e-01
2.554636037816747085e-01
2.041827678398564772e-01
8.778525229247836903e-02
3.303498057493530621e-02
1.554636037816818084e-01
4.875327736498600295e-01
9.510565162951700735e-01
1.391162091133647527e+00
1.653553390593278438e+00
1.661760141206745978e+00
1.451056516295146537e+00
1.140814256088052314e+00
8.625703849682166968e-01
6.863164630131308730e-01
5.877852522924695844e-01
4.747808179129677786e-01
2.554636037816733762e-01
-9.337326685945777915e-02
-5.000000000000007772e-01
-8.305062656518363839e-01
-9.625703849682151203e-01
-8.574642502780442932e-01
-5.877852522924778000e-01
-3.036330306480309882e-01
-1.554636037816721494e-01
-2.169347235767612458e-01
-4.510565162951448714e-01
-7.378806086954599053e-01
-9.464466094067215396e-01
-1.008478658768557690e+00
-9.510565162951531981e-01
-8.702162060149490896e-01
-8.625703849682250235e-01
-9.569145130862398707e-01
-1.087785252292481353e+00
-1.128062300351157177e+00
-9.625703849682240021e-01
-5.599082155787218351e-01
-1.243694100216897061e-15
5.599082155787185044e-01
9.625703849682371027e-01
1.128062300351152070e+00
1.087785252292476690e+00
9.569145130862354298e-01
8.625703849682152535e-01
8.702162060149499778e-01
9.510565162951539753e-01
1.008478658768556802e+00
9.464466094067304214e-01
7.378806086954582399e-01
4.510565162951473139e-01
2.169347235767599136e-01
1.554636037816700123e-01
3.036330306480565788e-01
5.877852522924836842e-01
8.574642502780568387e-01
9.625703849682136770e-01
8.305062656518268360e-01
4.999999999999973355e-01
9.337326685946133187e-02
-2.554636037816626626e-01
-4.747808179129762163e-01
-5.877852522924771339e-01
-6.863164630131273203e-01
-8.625703849682143654e-01
-1.140814256088051426e+00
-1.451056516295168075e+00
-1.661760141206746644e+00
-1.653553390593277994e+00
-1.391162091133619993e+00
-9.510565162951382101e-01
-4.875327736498572540e-01
-1.554636037816801430e-01
-3.303498057494051732e-02
-8.778525229247798045e-02
-2.041827678398684398e-01
-2.554636037816733762e-01
-1.772247832136533974e-01
4.855812233017668181e-15
1.772247832136477907e-01
2.554636037816654381e-01
2.041827678398636658e-01
8.778525229246336714e-02
3.303498057493853279e-02
1.554636037816697069e-01
4.875327736498363818e-01
9.510565162951765128e-01
1.391162091133652634e+00
1.653553390593270445e+00
1.661760141206745978e+00
1.451056516295143428e+00
1.140814256088048539e+00
8.625703849682150315e-01
6.863164630131310950e-01
5.877852522924706946e-01
4.747808179129670014e-01
2.554636037816785388e-01
-9.337326685944354054e-02
-5.000000000000279776e-01
-8.305062656518444886e-01
-9.625703849682157864e-01
-8.574642502780579489e-01
-5.877852522924706946e-01
-3.036330306480307106e-01
-1.554636037816739258e-01
-2.169347235767593030e-01
-4.510565162951460927e-01
-7.378806086954645682e-01
-9.464466094067333080e-01
-1.008478658768557912e+00
-9.510565162951576390e-01
-8.702162060149505329e-01
-8.625703849682229141e-01
-9.569145130862264370e-01
-1.087785252292468252e+00
-1.128062300351159175e+00
-9.625703849682223368e-01
-5.599082155787422632e-01
4.884981308350688778e-15
5.599082155787625803e-01
9.625703849682215596e-01
1.128062300351143632e+00
1.087785252292472693e+00
9.569145130862239945e-01
8.625703849682129221e-01
8.702162060149467582e-01
9.510565162951500895e-01
1.008478658768557690e+00
9.464466094067184310e-01
7.378806086954549093e-01
4.510565162951613027e-01
2.169347235767652704e-01
1.554636037816738425e-01
3.036330306480370944e-01
5.877852522924905676e-01
8.574642502780626119e-01
9.625703849682266666e-01
8.305062656518328312e-01
4.999999999999945044e-01
9.337326685945843141e-02
-2.554636037816776506e-01
-4.747808179129633377e-01
-5.877852522924759127e-01
-6.863164630131259880e-01
-8.625703849682346824e-01
-1.140814256088054979e+00
-1.451056516295149645e+00
-1.661760141206741093e+00
-1.653553390593265560e+00
-1.391162091133639311e+00
-9.510565162951629681e-01
-4.875327736498583642e-01
-1.554636037816780891e-01
-3.303498057493584744e-02
-8.778525229248192174e-02
-2.041827678398727419e-01
-2.554636037816794270e-01
-1.772247832136552292e-01
4.968767166843631237e-15
1.772247832136481238e-01
2.554636037816731542e-01
2.041827678398549228e-01
8.778525229246481043e-02
3.303498057494338308e-02
1.554636037816712335e-01
4.875327736498732412e-01
9.510565162951513107e-01
1.391162091133656187e+00
1.653553390593272665e+00
1.661760141206742203e+00
1.451056516295140097e+00
1.140814256088045875e+00
8.625703849682316848e-01
6.863164630131199928e-01
5.877852522924719159e-01
4.747808179129682227e-01
2.554636037816869765e-01
-9.337326685943263260e-02
-5.000000000000139888e-01
-8.305062656518384934e-01
-9.625703849682132329e-01
-8.574642502780519537e-01
-5.877852522924640333e-01
-3.036330306480250485e-01
-1.554636037816716221e-01
-2.169347235767536131e-01
-4.510565162951708507e-01
-7.378806086954660115e-01
-9.464466094067253144e-01
-1.008478658768557690e+00
-9.510565162951500895e-01
-8.702162060149499778e-01
-8.625703849682234692e-01
-9.569145130862302118e-01
-1.087785252292478022e+00
-1.128062300351153846e+00
-9.625703849682208935e-01
-5.599082155787513670e-01
2.478530847500465182e-14
5.599082155787673543e-01
9.625703849682233360e-01
1.128062300351148961e+00
1.087785252292474247e+00
9.569145130862198867e-01
8.625703849682208046e-01
8.702162060149472023e-01
9.510565162951505336e-01
1.008478658768556135e+00
9.464466094067264246e-01
7.378806086954511345e-01
4.510565162951576390e-01
2.169347235767577209e-01
1.554636037816848892e-01
3.036330306480423680e-01
5.877852522924662537e-01
8.574642502780808195e-01
9.625703849682286650e-01
8.305062656518462649e-01
5.000000000000084377e-01
9.337326685942366755e-02
-2.554636037816792604e-01
-4.747808179129619499e-01
-5.877852522924635892e-01
-6.863164630131370902e-01
-8.625703849682263558e-01
-1.140814256088058087e+00
-1.451056516295152976e+00
-1.661760141206740204e+00
-1.653553390593263783e+00
-1.391162091133634870e+00
-9.510565162951568619e-01
-4.875327736498786813e-01
-1.554636037816663208e-01
-3.303498057493744339e-02
-8.778525229246869621e-02
-2.041827678398769330e-01
-2.554636037816783167e-01
-1.772247832136547019e-01
-1.212703099610430901e-14
1.772247832136474854e-01
2.554636037816738758e-01
2.041827678398683288e-01
8.778525229246096628e-02
3.303498057493157308e-02
1.554636037816816696e-01
4.875327736498778486e-01
9.510565162951580831e-01
1.391162091133635537e+00
1.653553390593284655e+00
1.661760141206740649e+00
1.451056516295153864e+00
1.140814256088059642e+00
8.625703849682114788e-01
6.863164630131308730e-01
5.877852522924699175e-01
4.747808179129683892e-01
2.554636037816850891e-01
-9.337326685944985494e-02
-5.000000000000031086e-01
-8.305062656518394926e-01
-9.625703849682208935e-01
-8.574642502780339681e-01
-5.877852522924569278e-01
-3.036330306480347629e-01
-1.554636037816792549e-01
-2.169347235767679072e-01
-4.510565162951573615e-01
-7.378806086954519117e-01
-9.464466094067275348e-01
-1.008478658768556135e+00
-9.510565162951524210e-01
-8.702162060149504219e-01
-8.625703849682258006e-01
-9.569145130862340975e-01
-1.087785252292481797e+00
-1.128062300351155844e+00
-9.625703849682291091e-01
-5.599082155787074022e-01
1.656811878367617084e-14
5.599082155787467041e-01
9.625703849682148983e-01
1.128062300351146963e+00
1.087785252292464699e+00
9.569145130862232174e-01
8.625703849682182511e-01
8.702162060149464251e-01
9.510565162951553075e-01
1.008478658768555691e+00
9.464466094067242041e-01
7.378806086954652343e-01
4.510565162951330476e-01
2.169347235767565829e-01
1.554636037816770344e-01
3.036330306480328756e-01
5.877852522924927881e-01
8.574642502780612796e-01
9.625703849682214486e-01
8.305062656518521491e-01
4.999999999999884537e-01
9.337326685943810045e-02
-2.554636037816707672e-01
-4.747808179129606176e-01
-5.877852522924742473e-01
-6.863164630131257660e-01
-8.625703849682180291e-01
-1.140814256088061418e+00
-1.451056516295156529e+00
-1.661760141206743535e+00
-1.653553390593261563e+00
-1.391162091133629097e+00
-9.510565162951506446e-01
-4.875327736498168973e-01
-1.554636037816644611e-01
-3.303498057494935747e-02
-8.778525229247256811e-02
-2.041827678398856205e-01
-2.554636037816809813e-01
-1.772247832136556456e-01
-1.189270676354766578e-14
1.772247832136458201e-01
2.554636037816710448e-01
2.041827678398641654e-01
8.778525229247433059e-02
3.303498057493316209e-02
1.554636037816748972e-01
4.875327736498579201e-01
9.510565162951328810e-01
1.391162091133668177e+00
1.653553390593276884e+00
1.661760141206748642e+00
1.451056516295167409e+00
1.140814256088038547e+00
8.625703849682195834e-01
6.863164630131324273e-01
5.877852522924851275e-01
4.747808179129686112e-01
2.554636037816701566e-01
-9.337326685943540816e-02
-5.000000000000062172e-01
-8.305062656518263919e-01
-9.625703849682319957e-01
-8.574642502780280839e-01
-5.877852522924502665e-01
-3.036330306480290453e-01
-1.554636037816566896e-01
-2.169347235767691839e-01
-4.510565162951605811e-01
-7.378806086954553534e-01
-9.464466094067396362e-01
-1.008478658768558578e+00
-9.510565162951520879e-01
-8.702162060149499778e-01
-8.625703849682299085e-01
-9.569145130862385384e-01
-1.087785252292480465e+00
-1.128062300351151181e+00
-9.625703849682375468e-01
-5.599082155787281634e-01
-8.724747578650535157e-15
5.599082155787120652e-01
9.625703849682063495e-01
1.128062300351157843e+00
1.087785252292478022e+00
9.569145130862368731e-01
8.625703849682077040e-01
8.702162060149524203e-01
9.510565162951528650e-01
1.008478658768555913e+00
9.464466094067219837e-01
7.378806086954613486e-01
4.510565162951292728e-01
2.169347235767554172e-01
1.554636037816793104e-01
3.036330306480785612e-01
5.877852522925113288e-01
8.574642502780669417e-01
9.625703849682240021e-01
8.305062656518237274e-01
4.999999999999852340e-01
9.337326685944896676e-02
-2.554636037816724325e-01
-4.747808179129605621e-01
-5.877852522924731371e-01
-6.863164630131259880e-01
-8.625703849682114788e-01
-1.140814256088030332e+00
-1.451056516295164300e+00
-1.661760141206745089e+00
-1.653553390593278882e+00
-1.391162091133676837e+00
-9.510565162951397644e-01
-4.875327736498624720e-01
-1.554636037816826688e-01
-3.303498057495082851e-02
-8.778525229247673145e-02
-2.041827678398547008e-01
-2.554636037816837013e-01
-1.772247832136562007e-01
2.331221521961442457e-15
1.772247832136450985e-01
2.554636037816553351e-01
2.041827678398601131e-01
8.778525229244749095e-02
3.303498057493160778e-02
1.554636037816765903e-01
4.875327736498563658e-01
9.510565162951392093e-01
1.391162091133673506e+00
1.653553390593279104e+00
1.661760141206747754e+00
1.451056516295168519e+00
1.140814256088029000e+00
8.625703849682176960e-01
6.863164630131325383e-01
5.877852522924803536e-01
4.747808179129691108e-01
2.554636037816685468e-01
-9.337326685943866944e-02
-4.999999999999745759e-01
-8.305062656518411579e-01
-9.625703849682156754e-01
-8.574642502780729370e-01
-5.877852522924433831e-01
-3.036330306480337082e-01
-1.554636037816746197e-01
-2.169347235767637161e-01
-4.510565162951640783e-01
-7.378806086954614596e-01
-9.464466094067418567e-01
-1.008478658768559022e+00
-9.510565162951559737e-01
-8.702162060149459810e-01
-8.625703849682325730e-01
-9.569145130862426463e-01
-1.087785252292484239e+00
-1.128062300351165614e+00
-9.625703849682024638e-01
-5.599082155787232784e-01
2.255140518769849223e-17
9.533008291175996198e-17
-1.886630571646170899e-17
1.947334489977967996e-18
-8.918688995721228910e-17
7.862477012335334172e-17
-2.559851203662382751e-17
-1.834584116096551452e-17
-2.645228323566520011e-17
6.682182407876730886e-17
-3.340613448030441027e-17
-2.760650370630029318e-17
-2.165124728796306175e-17
-2.483610298585771768e-18
-2.894246449824123872e-17
2.797790187564616574e-17
-2.167845301888460638e-17
1.708213686940362863e-17
-1.055808174889173414e-18
3.561461169429473358e-18
-1.226191522286595058e-17
2.876613340055143609e-18
-1.008195288690775951e-17
-8.674806729649996004e-18
-6.062317182629324403e-18
3.200552255795081319e-17
-2.375985810869379600e-17
1.601411918028922656e-17
1.333151468632654547e-17
-2.684288827046480433e-17
-1.384405219082708356e-17
2.091290175979121153e-17
