-3.2214791161883526E-17
0.4561773064395188
0.8278994681996356
1.0579500047606953
1.1336175079370314
1.0877852522924707
0.983739788388521
0.8897047850747148
0.8529035967597041
0.8829999739657498
0.9510565162951516
1.0041143292289552
0.9894510571705789
0.8788351861293419
0.6830945682688526
0.4510565162951527
0.2529632186307003
0.15450247342599502
0.1913036617410067
0.3537030330534723
0.587785252292472
0.8125977469769303
0.9473341337194593
0.9385153392408727
0.7771970673996217
0.49999999999999883
0.17385944889552915
-0.12949834486592682
-0.3595488814269868
-0.5035807526019831
-0.5877852522924721
-0.6627200274284197
-0.7790889140334782
-0.9635194678009426
-1.2040197349258532
-1.451056516295152
-1.6341510845640053
-1.6878521805042894
-1.5772363094630522
-1.3131313236039028
-0.9510565162951524
-0.573982979590802
-0.2651183444672313
-0.08068779069976906
-0.03268327209337005
-0.08778525229247289
-0.18256099164187994
-0.24893301038574958
-0.24011421590716392
-0.14716031206457275
7.617111858661896E-18
0.14716031206457245
0.24011421590716356
0.24893301038574897
0.18256099164188014
0.087785252292472
0.032683272093370144
0.08068779069976956
0.2651183444672321
0.5739829795908049
0.9510565162951522
1.3131313236039044
1.577236309463053
1.6878521805042908
1.6341510845640037
1.4510565162951494
1.2040197349258495
0.96351946780094
0.7790889140334766
0.6627200274284187
0.5877852522924722
0.5035807526019817
0.35954888142698593
0.12949834486592862
-0.17385944889552848
-0.49999999999999933
-0.7771970673996202
-0.9385153392408724
-0.9473341337194583
-0.8125977469769284
-0.5877852522924728
-0.3537030330534723
-0.1913036617410049
-0.1545024734259956
-0.2529632186307015
-0.4510565162951532
-0.6830945682688544
-0.8788351861293445
-0.9894510571705794
-1.0041143292289558
-0.9510565162951526
-0.8829999739657505
-0.8529035967597044
-0.8897047850747167
-0.9837397883885212
-1.0877852522924727
-1.1336175079370323
-1.0579500047606964
-0.8278994681996351
-0.45617730643951826
2.009540367229458E-15
0.45617730643952026
0.8278994681996377
1.0579500047606971
1.1336175079370308
1.0877852522924714
0.9837397883885202
0.889704785074717
0.8529035967597045
0.8829999739657503
0.9510565162951526
1.0041143292289558
0.9894510571705806
0.878835186129343
0.6830945682688518
0.4510565162951509
0.25296321863070087
0.15450247342599538
0.1913036617410072
0.3537030330534765
0.5877852522924716
0.8125977469769319
0.9473341337194612
0.9385153392408743
0.7771970673996228
0.5000000000000003
0.17385944889553062
-0.12949834486592854
-0.35954888142698693
-0.5035807526019824
-0.5877852522924709
-0.6627200274284181
-0.77908891403348
-0.963519467800941
-1.204019734925853
-1.451056516295152
-1.6341510845640062
-1.6878521805042874
-1.5772363094630495
-1.313131323603898
-0.9510565162951461
-0.5739829795907949
-0.26511834446723
-0.08068779069976847
-0.03268327209337173
-0.08778525229247358
-0.18256099164187797
-0.24893301038575
-0.24011421590716606
-0.14716031206457222
-5.550581286000807E-16
0.14716031206457067
0.24011421590716228
0.24893301038574733
0.18256099164187908
0.08778525229247035
0.03268327209336947
0.08068779069976789
0.2651183444672334
0.5739829795908066
0.9510565162951493
1.3131313236039022
1.5772363094630528
1.6878521805042896
1.6341510845640037
1.4510565162951523
1.204019734925851
0.9635194678009391
0.7790889140334769
0.6627200274284196
0.587785252292473
0.503580752601981
0.3595488814269847
0.12949834486592326
-0.1738594488955357
-0.5000000000000039
-0.7771970673996198
-0.9385153392408717
-0.9473341337194606
-0.8125977469769339
-0.5877852522924745
-0.35370303305347206
-0.1913036617410042
-0.15450247342599402
-0.2529632186307
-0.45105651629515275
-0.6830945682688537
-0.8788351861293447
-0.98945105717058
-1.0041143292289565
-0.9510565162951532
-0.8829999739657516
-0.8529035967597038
-0.8897047850747143
-0.983739788388522
-1.087785252292473
-1.1336175079370345
-1.0579500047606933
-0.8278994681996344
-0.4561773064395163
4.20403179466405E-15
0.456177306439527
0.8278994681996377
1.0579500047606964
1.1336175079370296
1.0877852522924691
0.9837397883885174
0.889704785074711
0.8529035967597018
0.8829999739657483
0.9510565162951519
1.004114329228955
0.9894510571705784
0.8788351861293465
0.6830945682688568
0.4510565162951558
0.2529632186307021
0.15450247342599632
0.1913036617410067
0.3537030330534751
0.5877852522924784
0.8125977469769373
0.9473341337194632
0.9385153392408725
0.7771970673996231
0.500000000000001
0.17385944889553162
-0.1294983448659294
-0.35954888142698804
-0.5035807526019824
-0.5877852522924707
-0.6627200274284206
-0.7790889140334787
-0.963519467800941
-1.204019734925853
-1.4510565162951536
-1.634151084564007
-1.6878521805042888
-1.577236309463048
-1.3131313236038935
-0.9510565162951566
-0.5739829795908055
-0.2651183444672331
-0.08068779069977115
-0.03268327209337179
-0.08778525229247763
-0.18256099164187786
-0.24893301038575036
-0.24011421590716323
-0.14716031206457278
-1.0918289825973776E-15
0.14716031206457067
0.24011421590716062
0.24893301038574764
0.18256099164187498
0.0877852522924778
0.03268327209337211
0.08068779069976972
0.2651183444672324
0.5739829795908046
0.9510565162951554
1.3131313236039064
1.5772363094630553
1.6878521805042883
1.6341510845639995
1.4510565162951508
1.2040197349258508
0.9635194678009391
0.7790889140334772
0.6627200274284195
0.5877852522924737
0.5035807526019842
0.3595488814269804
0.12949834486591708
-0.17385944889553354
-0.5000000000000028
-0.7771970673996246
-0.9385153392408734
-0.9473341337194547
-0.8125977469769203
-0.5877852522924594
-0.3537030330534644
-0.1913036617410008
-0.15450247342599535
-0.2529632186307031
-0.451056516295157
-0.6830945682688578
-0.878835186129347
-0.9894510571705818
-1.0041143292289554
-0.9510565162951524
-0.882999973965751
-0.8529035967597036
-0.8897047850747138
-0.9837397883885209
-1.087785252292472
-1.1336175079370359
-1.0579500047607018
-0.8278994681996363
-0.45617730643951804
2.187462696645248E-15
0.45617730643950843
0.8278994681996295
1.0579500047606925
1.1336175079370305
1.0877852522924694
0.9837397883885188
0.8897047850747158
0.8529035967597043
0.8829999739657506
0.9510565162951532
1.0041143292289558
0.989451057170581
0.8788351861293445
0.6830945682688542
0.4510565162951518
0.2529632186306993
0.1545024734259955
0.1913036617410108
0.35370303305348183
0.5877852522924686
0.812597746976929
0.947334133719461
0.938515339240876
0.7771970673996174
0.49999999999999395
0.17385944889552465
-0.12949834486593134
-0.359548881426989
-0.5035807526019819
-0.5877852522924708
-0.6627200274284174
-0.7790889140334816
-0.9635194678009446
-1.2040197349258575
-1.451056516295156
-1.6341510845640084
-1.6878521805042872
-1.5772363094630435
-1.313131323603901
-0.9510565162951493
-0.5739829795907967
-0.26511834446722626
-0.08068779069976639
-0.032683272093371275
-0.0877852522924784
-0.18256099164188774
-0.24893301038575677
-0.24011421590716775
-0.1471603120645731
6.119609127622498E-15
0.147160312064577
0.24011421590716184
0.24893301038574764
0.1825609916418768
0.08778525229246835
0.03268327209336935
0.08068779069976413
0.2651183444672273
0.5739829795907968
0.9510565162951469
1.3131313236038995
1.577236309463052
1.6878521805042892
1.6341510845640053
1.4510565162951505
1.2040197349258608
0.9635194678009444
0.7790889140334806
0.6627200274284206
0.587785252292474
0.5035807526019852
0.35954888142698965
0.1294983448659288
-0.1738594488955298
-0.4999999999999905
-0.7771970673996222
-0.9385153392408744
-0.9473341337194603
-0.8125977469769289
-0.5877852522924688
-0.35370303305346695
-0.19130366174100097
-0.15450247342599235
-0.25296321863070453
-0.45105651629515137
-0.6830945682688516
-0.8788351861293421
-0.9894510571705792
-1.004114329228955
-0.9510565162951514
-0.8829999739657506
-0.8529035967597078
-0.8897047850747183
-0.983739788388528
-1.08778525229247
-1.1336175079370316
-1.0579500047606951
-0.8278994681996328
-0.45617730643951293
8.358025075081507E-15
0.4561773064395342
0.8278994681996474
1.0579500047607002
1.1336175079370336
1.0877852522924703
0.9837397883885189
0.8897047850747124
0.8529035967597025
0.8829999739657494
0.9510565162951554
1.0041143292289567
0.9894510571705766
0.8788351861293408
0.68309456826884
0.45105651629514815
0.2529632186306923
0.15450247342599702
0.1913036617410104
0.35370303305346007
0.5877852522924762
0.8125977469769222
0.947334133719466
0.9385153392408766
0.7771970673996236
0.500000000000007
0.17385944889554675
-0.12949834486592712
-0.35954888142698355
-0.5035807526019814
-0.5877852522924715
-0.6627200274284174
-0.7790889140334758
-0.9635194678009449
-1.2040197349258503
-1.4510565162951592
-1.6341510845640068
-1.6878521805042919
-1.5772363094630497
-1.3131313236039106
-0.951056516295144
-0.5739829795908085
-0.2651183444672268
-0.08068779069977215
-0.032683272093373766
-0.08778525229247403
-0.18256099164187414
-0.24893301038575363
-0.24011421590716328
-0.1471603120645734
-2.2474261394183687E-15
0.14716031206456948
0.24011421590715973
0.24893301038574392
0.18256099164187842
0.0877852522924783
0.03268327209336753
0.08068779069976893
0.26511834446723875
0.573982979590802
0.9510565162951682
1.3131313236039042
1.5772363094630621
1.6878521805042883
1.6341510845640066
1.4510565162951445
1.2040197349258535
0.9635194678009347
0.779088914033479
0.6627200274284211
0.5877852522924688
0.5035807526019794
0.3595488814269819
0.12949834486591252
-0.17385944889554014
-0.5000000000000003
-0.7771970673996277
-0.9385153392408729
-0.9473341337194471
-0.8125977469769283
-0.5877852522924767
-0.35370303305348794
-0.19130366174100544
-0.15450247342599432
-0.2529632186306987
-0.4510565162951445
-0.6830945682688546
-0.8788351861293385
-0.9894510571705815
-1.004114329228956
-0.9510565162951519
-0.8829999739657514
-0.8529035967597036
-0.8897047850747201
-0.9837397883885202
-1.0877852522924802
-1.133617507937031
-1.057950004760696
-0.827899468199639
-0.4561773064395082
-1.5203063467830027E-15
0.45617730643950544
0.8278994681996358
1.0579500047606918
1.133617507937026
1.0877852522924762
0.9837397883885158
0.8897047850747167
0.8529035967597013
0.8829999739657505
0.9510565162951538
1.0041143292289563
0.9894510571705801
0.8788351861293376
0.6830945682688536
0.45105651629514637
0.25296321863069987
0.15450247342600085
0.19130366174100955
0.353703033053488
0.5877852522924826
0.8125977469769211
0.9473341337194686
0.9385153392408702
0.7771970673996219
0.4999999999999964
0.17385944889551108
-0.1294983448659294
-0.35954888142699715
-0.5035807526019809
-0.5877852522924762
-0.6627200274284171
-0.7790889140334806
-0.963519467800947
-1.2040197349258561
-1.451056516295166
-1.6341510845640075
-1.6878521805042865
-1.5772363094630455
-1.3131313236039028
-0.9510565162951372
-0.5739829795907995
-0.26511834446722377
-0.08068779069976745
-0.03268327209337076
-0.08778525229247788
-0.1825609916418899
-0.24893301038575663
-0.2401142159071584
-0.147160312064574
4.805431543436342E-15
0.1471603120645691
0.2401142159071652
0.24893301038574744
0.1825609916418747
0.08778525229246335
0.032683272093365086
0.08068779069977686
0.2651183444672422
0.5739829795908106
0.9510565162951757
1.3131313236039128
1.5772363094630681
1.6878521805042912
1.634151084563995
1.4510565162951423
1.2040197349258301
0.9635194678009329
0.7790889140334742
0.6627200274284218
0.58778525229247
0.5035807526019741
0.35954888142698155
0.12949834486590348
-0.17385944889554347
-0.500000000000028
-0.7771970673996281
-0.938515339240867
-0.9473341337194592
-0.8125977469769364
-0.5877852522924696
-0.35370303305347656
-0.191303661741018
-0.1545024734259897
-0.25296321863069093
-0.4510565162951452
-0.6830945682688395
-0.8788351861293412
-0.9894510571705762
-1.004114329228955
-0.9510565162951554
-0.8829999739657509
-0.852903596759709
-0.8897047850747092
-0.9837397883885289
-1.0877852522924667
-1.1336175079370319
-1.0579500047607049
-0.8278994681996358
-0.45617730643953713
4.6404246841905496E-15
0.4561773064395032
0.8278994681996217
1.057950004760685
1.133617507937032
1.0877852522924714
0.983739788388524
0.8897047850747128
0.8529035967597011
0.8829999739657491
0.9510565162951486
1.0041143292289545
0.9894510571705791
0.878835186129349
0.6830945682688505
0.4510565162951605
0.25296321863069837
0.1545024734259987
0.19130366174101335
0.35370303305347733
0.5877852522924899
0.8125977469769281
0.9473341337194569
0.938515339240872
0.7771970673996308
0.49999999999999406
0.1738594488955402
-0.129498344865932
-0.35954888142697894
-0.5035807526019808
-0.5877852522924757
-0.6627200274284172
-0.7790889140334825
-0.9635194678009361
-1.2040197349258603
-1.4510565162951492
-1.6341510845640115
-1.6878521805042899
-1.577236309463043
-1.3131313236038986
-0.9510565162951609
-0.5739829795907934
-0.2651183444672368
-0.08068779069976684
-0.032683272093374134
-0.08778525229248176
-0.1825609916418883
-0.24893301038575966
-0.24011421590715987
-0.14716031206457453
5.0618186355770274E-15
0.1471603120645684
0.2401142159071633
0.2489330103857442
0.18256099164187012
0.08778525229246464
0.03268327209336296
0.08068779069977411
0.2651183444672453
0.573982979590816
0.95105651629515
1.3131313236039173
1.5772363094630528
1.6878521805042905
1.6341510845640013
1.451056516295138
1.2040197349258435
0.9635194678009299
0.7790889140334728
0.6627200274284217
0.587785252292471
0.5035807526019865
0.3595488814269802
0.1294983448659147
-0.17385944889554658
-0.5000000000000135
-0.7771970673996303
-0.9385153392408774
-0.9473341337194561
-0.8125977469769159
-0.5877852522924633
-0.353703033053454
-0.191303661741007
-0.15450247342599338
-0.2529632186307082
-0.45105651629517046
-0.6830945682688649
-0.8788351861293581
-0.9894510571705842
-1.0041143292289567
-0.9510565162951493
-0.8829999739657461
-0.8529035967597097
-0.8897047850747178
-0.9837397883885418
-1.0877852522924774
-1.133617507937045
-1.0579500047606893
-0.827899468199633
-0.4561773064394908
2.4736880410960144E-14
0.4561773064395503
0.8278994681996554
1.0579500047607024
1.1336175079370285
1.087785252292472
0.9837397883885192
0.8897047850747225
0.852903596759699
0.8829999739657479
0.9510565162951483
1.0041143292289538
0.9894510571705833
0.8788351861293459
0.683094568268867
0.45105651629515675
0.25296321863070587
0.1545024734259996
0.19130366174100027
0.35370303305348316
0.5877852522924653
0.812597746976946
0.9473341337194604
0.9385153392408832
0.7771970673996287
0.5000000000000078
0.17385944889553695
-0.12949834486592035
-0.35954888142697944
-0.5035807526019805
-0.587785252292463
-0.6627200274284165
-0.7790889140334674
-0.9635194678009386
-1.204019734925845
-1.4510565162951516
-1.6341510845640013
-1.6878521805042876
-1.5772363094630555
-1.3131313236038944
-0.9510565162951555
-0.5739829795908219
-0.26511834446723387
-0.08068779069976964
-0.03268327209337624
-0.08778525229246857
-0.18256099164189257
-0.24893301038574936
-0.24011421590717566
-0.1471603120645751
-1.2009285100403867E-14
0.14716031206456803
0.240114215907168
0.24893301038574145
0.1825609916418845
0.08778525229246105
0.03268327209337
0.08068779069976552
0.26511834446723176
0.5739829795908219
0.9510565162951573
1.3131313236038966
1.5772363094630573
1.6878521805042894
1.6341510845640044
1.4510565162951534
1.2040197349258472
0.9635194678009419
0.7790889140334708
0.6627200274284212
0.5877852522924683
0.5035807526019861
0.35954888142698527
0.1294983448659259
-0.1738594488955316
-0.5000000000000021
-0.777197067399622
-0.9385153392408756
-0.9473341337194516
-0.8125977469769369
-0.5877852522924559
-0.35370303305347484
-0.19130366174099386
-0.15450247342599532
-0.25296321863070376
-0.4510565162951566
-0.6830945682688684
-0.8788351861293471
-0.9894510571705849
-1.0041143292289558
-0.951056516295151
-0.8829999739657519
-0.8529035967597046
-0.8897047850747296
-0.9837397883885269
-1.0877852522924807
-1.1336175079370376
-1.0579500047606885
-0.8278994681996299
-0.45617730643951293
1.651574879671967E-14
0.4561773064395278
0.8278994681996577
1.0579500047606984
1.1336175079370305
1.0877852522924638
0.9837397883885081
0.8897047850747063
0.8529035967597061
0.8829999739657491
0.9510565162951544
1.0041143292289578
0.9894510571705775
0.8788351861293292
0.6830945682688435
0.45105651629513244
0.25296321863069515
0.15450247342599308
0.19130366174100435
0.35370303305350626
0.5877852522924927
0.8125977469769406
0.9473341337194521
0.9385153392408777
0.7771970673996046
0.49999999999998784
0.17385944889551955
-0.129498344865923
-0.3595488814269999
-0.5035807526019925
-0.5877852522924738
-0.662720027428427
-0.779088914033489
-0.9635194678009266
-1.204019734925823
-1.4510565162951534
-1.634151084564
-1.6878521805042888
-1.577236309463067
-1.3131313236038877
-0.9510565162951488
-0.5739829795908159
-0.2651183444672472
-0.08068779069978156
-0.03268327209337877
-0.08778525229247251
-0.18256099164187864
-0.2489330103857391
-0.24011421590717727
-0.14716031206457544
-1.1839816329105933E-14
0.1471603120645673
0.2401142159071585
0.2489330103857379
0.18256099164187992
0.08778525229247391
0.032683272093377014
0.08068779069976587
0.2651183444672351
0.5739829795907937
0.9510565162951319
1.3131313236038715
1.5772363094630604
1.6878521805042892
1.6341510845640097
1.4510565162951652
1.2040197349258424
0.9635194678009382
0.7790889140334859
0.6627200274284221
0.5877852522924845
0.5035807526019874
0.35954888142698466
0.1294983448659372
-0.17385944889551677
-0.5000000000000054
-0.7771970673996238
-0.9385153392408646
-0.9473341337194653
-0.8125977469768915
-0.5877852522924498
-0.3537030330534693
-0.19130366174100716
-0.15450247342599777
-0.25296321863070576
-0.4510565162951603
-0.6830945682688515
-0.8788351861293372
-0.9894510571705871
-1.0041143292289567
-0.9510565162951513
-0.8829999739657529
-0.8529035967597008
-0.8897047850747332
-0.9837397883885322
-1.0877852522924802
-1.133617507937029
-1.057950004760687
-0.8278994681996259
-0.4561773064395071
-8.804160447835916E-15
0.45617730643950505
0.8278994681996465
1.0579500047606973
1.133617507937024
1.0877852522924758
0.9837397883885033
0.8897047850747027
0.8529035967597038
0.8829999739657477
0.9510565162951509
1.004114329228954
0.9894510571705756
0.8788351861293405
0.6830945682688575
0.45105651629512883
0.2529632186306932
0.1545024734259939
0.19130366174100796
0.35370303305345774
0.5877852522925106
0.8125977469769463
0.9473341337194684
0.9385153392408722
0.7771970673996026
0.49999999999998496
0.17385944889551638
-0.12949834486592496
-0.359548881426988
-0.5035807526019791
-0.5877852522924722
-0.6627200274284156
-0.7790889140334785
-0.9635194678009648
-1.2040197349258703
-1.451056516295162
-1.6341510845640053
-1.687852180504284
-1.5772363094630317
-1.3131313236038806
-0.9510565162951384
-0.573982979590805
-0.2651183444672031
-0.08068779069976602
-0.032683272093370574
-0.08778525229247655
-0.1825609916419069
-0.2489330103857698
-0.24011421590716575
-0.14716031206456218
2.3436747572481976E-15
0.14716031206458144
0.24011421590715823
0.2489330103857482
0.18256099164187617
0.08778525229244764
0.03268327209335587
0.08068779069977519
0.2651183444672461
0.5739829795908057
0.9510565162951369
1.3131313236038755
1.5772363094630286
1.6878521805042888
1.6341510845640068
1.4510565162951652
1.2040197349258746
0.9635194678009349
0.7790889140334842
0.6627200274284217
0.5877852522924791
0.5035807526019873
0.35954888142699715
0.12949834486593498
-0.1738594488955058
-0.49999999999997385
-0.7771970673996254
-0.938515339240863
-0.947334133719461
-0.8125977469769399
-0.5877852522924422
-0.35370303305345263
-0.19130366174100302
-0.15450247342599666
-0.2529632186306885
-0.45105651629516347
-0.683094568268855
-0.8788351861293392
-0.9894510571705762
-1.004114329228956
-0.9510565162951548
-0.8829999739657527
-0.852903596759701
-0.8897047850747084
-0.9837397883885349
-1.087785252292483
-1.1336175079370323
-1.0579500047607073
-0.8278994681996236
-0.45617730643951643
2.00554311581955E-17
1.0740369367194725E-16
1.8812460130503712E-16
1.5599071411010067E-16
2.1818943282250126E-17
5.535099039719299E-17
4.659566221898905E-17
1.3716317480328756E-16
6.353749518439627E-17
9.758420093957965E-17
1.356535352460171E-16
1.2406094396760537E-16
8.258439586875181E-17
9.634007301486257E-17
4.928639558990347E-17
1.1869797843162698E-17
5.71551977432121E-17
6.590267082412587E-17
9.087236438357553E-17
1.451990867978917E-16
1.8666665441352626E-16
1.5806972329114717E-16
1.7712501697610267E-16
1.5315561289304377E-16
