3.469446951953614E-17
0.55990821557874
0.9625703849682212
1.1280623003511547
1.0877852522924727
0.9569145130862267
0.862570384968221
0.8702162060149485
0.9510565162951536
1.0084786587685575
0.9464466094067259
0.7378806086954586
0.45105651629515364
0.21693472357676016
0.1554636037816739
0.3036330306480385
0.5877852522924731
0.8574642502780561
0.9625703849682214
0.8305062656518387
0.4999999999999999
0.09337326685944833
-0.25546360378167404
-0.4747808179129665
-0.5877852522924735
-0.6863164630131284
-0.8625703849682218
-1.1408142560880483
-1.4510565162951552
-1.6617601412067458
-1.6535533905932742
-1.3911620911336466
-0.9510565162951544
-0.48753277364985914
-0.15546360378167381
-0.03303498057493942
-0.08778525229247286
-0.20418276783986775
-0.25546360378167404
-0.17722478321365048
-3.4581748387015995E-17
0.17722478321365115
0.2554636037816736
0.20418276783986836
0.08778525229247222
0.03303498057494006
0.15546360378167426
0.4875327736498599
0.9510565162951531
1.3911620911336489
1.6535533905932747
1.6617601412067464
1.4510565162951534
1.1408142560880477
0.862570384968221
0.6863164630131282
0.5877852522924739
0.47478081791296545
0.25546360378167404
-0.09337326685944645
-0.5000000000000004
-0.8305062656518376
-0.962570384968221
-0.8574642502780566
-0.5877852522924738
-0.30363303064803776
-0.1554636037816736
-0.2169347235767609
-0.4510565162951537
-0.7378806086954605
-0.9464466094067269
-1.0084786587685572
-0.9510565162951541
-0.8702162060149493
-0.8625703849682215
-0.9569145130862265
-1.0877852522924738
-1.1280623003511538
-0.9625703849682213
-0.5599082155787396
1.9691314268774363E-15
0.5599082155787415
0.9625703849682233
1.128062300351155
1.0877852522924727
0.9569145130862263
0.8625703849682217
0.870216206014948
0.9510565162951542
1.0084786587685575
0.9464466094067268
0.73788060869546
0.4510565162951517
0.21693472357676002
0.1554636037816739
0.3036330306480382
0.5877852522924722
0.8574642502780548
0.9625703849682232
0.8305062656518396
0.5000000000000006
0.0933732668594485
-0.2554636037816742
-0.4747808179129652
-0.5877852522924729
-0.6863164630131289
-0.8625703849682224
-1.1408142560880516
-1.4510565162951565
-1.6617601412067466
-1.6535533905932744
-1.3911620911336413
-0.9510565162951486
-0.48753277364985553
-0.1554636037816722
-0.033034980574940524
-0.08778525229247376
-0.2041827678398699
-0.2554636037816752
-0.17722478321365176
-3.935052754085632E-16
0.1772247832136507
0.2554636037816719
0.20418276783986808
0.08778525229247064
0.03303498057493969
0.15546360378167473
0.4875327736498578
0.9510565162951512
1.39116209113365
1.6535533905932747
1.6617601412067455
1.451056516295154
1.1408142560880432
0.8625703849682193
0.6863164630131268
0.5877852522924739
0.47478081791296567
0.25546360378167055
-0.0933732668594529
-0.5000000000000042
-0.8305062656518339
-0.9625703849682186
-0.857464250278055
-0.5877852522924748
-0.3036330306480418
-0.15546360378167137
-0.21693472357675997
-0.4510565162951533
-0.7378806086954581
-0.9464466094067256
-1.0084786587685581
-0.9510565162951542
-0.8702162060149488
-0.8625703849682202
-0.9569145130862311
-1.0877852522924762
-1.128062300351155
-0.9625703849682206
-0.559908215578733
4.163336342344337E-15
0.5599082155787428
0.962570384968223
1.1280623003511545
1.0877852522924718
0.956914513086224
0.8625703849682207
0.870216206014948
0.951056516295154
1.0084786587685575
0.9464466094067271
0.7378806086954612
0.451056516295157
0.21693472357676202
0.15546360378167812
0.3036330306480453
0.5877852522924792
0.8574642502780591
0.9625703849682214
0.8305062656518407
0.5000000000000018
0.09337326685944991
-0.25546360378167327
-0.4747808179129685
-0.5877852522924719
-0.6863164630131288
-0.8625703849682242
-1.1408142560880508
-1.4510565162951565
-1.6617601412067469
-1.6535533905932753
-1.3911620911336362
-0.9510565162951573
-0.48753277364986425
-0.15546360378167734
-0.033034980574939955
-0.08778525229247774
-0.20418276783987077
-0.25546360378167765
-0.17722478321365262
-1.2081504020953623E-15
0.17722478321365293
0.2554636037816749
0.20418276783986244
0.08778525229247772
0.033034980574938505
0.1554636037816743
0.4875327736498499
0.9510565162951573
1.3911620911336369
1.6535533905932744
1.6617601412067475
1.4510565162951539
1.140814256088051
0.8625703849682155
0.6863164630131304
0.587785252292475
0.47478081791296717
0.2554636037816716
-0.09337326685945144
-0.5000000000000032
-0.8305062656518347
-0.9625703849682207
-0.8574642502780561
-0.5877852522924605
-0.3036330306480428
-0.15546360378167137
-0.21693472357676302
-0.45105651629515797
-0.7378806086954611
-0.9464466094067326
-1.008478658768558
-0.9510565162951545
-0.8702162060149492
-0.8625703849682245
-0.9569145130862324
-1.0877852522924742
-1.128062300351154
-0.9625703849682274
-0.5599082155787379
2.482586211891462E-15
0.5599082155787415
0.9625703849682223
1.1280623003511534
1.0877852522924705
0.9569145130862226
0.8625703849682215
0.870216206014951
0.9510565162951545
1.0084786587685575
0.9464466094067254
0.737880608695457
0.45105651629515237
0.21693472357675586
0.15546360378167548
0.3036330306480454
0.58778525229247
0.8574642502780517
0.9625703849682238
0.8305062656518464
0.49999999999999506
0.0933732668594591
-0.2554636037816712
-0.474780817912964
-0.5877852522924718
-0.6863164630131277
-0.8625703849682249
-1.1408142560880419
-1.4510565162951594
-1.6617601412067438
-1.653553390593272
-1.3911620911336435
-0.9510565162951509
-0.4875327736498577
-0.1554636037816687
-0.033034980574938866
-0.08778525229247877
-0.20418276783986952
-0.25546360378167354
-0.17722478321365318
5.973571718487947E-15
0.17722478321364926
0.25546360378167077
0.20418276783986736
0.08778525229246865
0.033034980574942335
0.15546360378167146
0.48753277364986797
0.9510565162951485
1.3911620911336544
1.653553390593272
1.6617601412067444
1.451056516295153
1.1408142560880443
0.8625703849682235
0.6863164630131245
0.5877852522924749
0.4747808179129664
0.2554636037816748
-0.09337326685945513
-0.4999999999999912
-0.8305062656518432
-0.9625703849682163
-0.8574642502780568
-0.5877852522924695
-0.3036330306480246
-0.15546360378167406
-0.21693472357676377
-0.45105651629515264
-0.7378806086954558
-0.9464466094067296
-1.008478658768558
-0.9510565162951541
-0.8702162060149491
-0.862570384968223
-0.9569145130862325
-1.0877852522924725
-1.1280623003511587
-0.9625703849682145
-0.5599082155787463
8.284059391838084E-15
0.5599082155787334
0.9625703849682233
1.128062300351154
1.0877852522924714
0.9569145130862218
0.862570384968218
0.8702162060149469
0.9510565162951566
1.0084786587685572
0.9464466094067225
0.7378806086954619
0.45105651629514876
0.21693472357676105
0.1554636037816777
0.3036330306480561
0.587785252292477
0.8574642502780702
0.9625703849682214
0.8305062656518353
0.5000000000000081
0.09337326685944025
-0.25546360378166777
-0.47478081791296367
-0.5877852522924724
-0.6863164630131274
-0.8625703849682175
-1.1408142560880483
-1.4510565162951607
-1.6617601412067455
-1.6535533905932704
-1.3911620911336502
-0.951056516295145
-0.4875327736498401
-0.15546360378167198
-0.033034980574944424
-0.08778525229247436
-0.20418276783987557
-0.25546360378167776
-0.17722478321365262
-2.336105684794284E-15
0.1772247832136498
0.25546360378167504
0.2041827678398568
0.08778525229247855
0.0330349805749354
0.1554636037816821
0.4875327736498601
0.9510565162951706
1.3911620911336477
1.6535533905932798
1.6617601412067464
1.4510565162951476
1.140814256088053
0.8625703849682171
0.686316463013131
0.5877852522924699
0.47478081791296783
0.2554636037816733
-0.0933732668594581
-0.5000000000000012
-0.8305062656518372
-0.9625703849682158
-0.8574642502780448
-0.5877852522924778
-0.303633030648031
-0.15546360378167223
-0.2169347235767613
-0.4510565162951448
-0.7378806086954599
-0.9464466094067215
-1.0084786587685577
-0.9510565162951531
-0.8702162060149491
-0.8625703849682249
-0.9569145130862399
-1.0877852522924816
-1.1280623003511574
-0.9625703849682241
-0.5599082155787217
-1.3691155251858235E-15
0.5599082155787186
0.9625703849682369
1.128062300351152
1.0877852522924767
0.9569145130862354
0.8625703849682155
0.8702162060149499
0.9510565162951544
1.008478658768557
0.9464466094067309
0.7378806086954588
0.45105651629514787
0.2169347235767603
0.15546360378167048
0.3036330306480568
0.587785252292484
0.8574642502780567
0.962570384968214
0.830506265651827
0.49999999999999756
0.0933732668594612
-0.255463603781663
-0.47478081791297644
-0.5877852522924775
-0.686316463013128
-0.8625703849682153
-1.1408142560880519
-1.451056516295169
-1.6617601412067475
-1.6535533905932782
-1.3911620911336198
-0.9510565162951389
-0.4875327736498575
-0.15546360378168025
-0.03303498057494068
-0.0877852522924782
-0.20418276783986852
-0.2554636037816734
-0.17722478321365337
4.9235505156855154E-15
0.1772247832136482
0.25546360378166577
0.20418276783986405
0.08778525229246358
0.03303498057493877
0.1554636037816699
0.4875327736498368
0.9510565162951765
1.3911620911336529
1.6535533905932704
1.661760141206746
1.4510565162951434
1.140814256088049
0.862570384968215
0.686316463013131
0.5877852522924707
0.4747808179129669
0.2554636037816785
-0.09337326685944353
-0.5000000000000279
-0.8305062656518443
-0.9625703849682157
-0.8574642502780576
-0.5877852522924709
-0.30363303064803077
-0.15546360378167398
-0.21693472357675958
-0.4510565162951464
-0.737880608695465
-0.9464466094067336
-1.0084786587685584
-0.9510565162951581
-0.8702162060149508
-0.8625703849682232
-0.9569145130862269
-1.0877852522924687
-1.128062300351159
-0.9625703849682226
-0.5599082155787422
4.829470157119431E-15
0.5599082155787625
0.9625703849682221
1.128062300351144
1.087785252292473
0.9569145130862243
0.8625703849682134
0.8702162060149468
0.9510565162951506
1.0084786587685581
0.9464466094067191
0.7378806086954555
0.4510565162951617
0.21693472357676555
0.155463603781674
0.3036330306480373
0.5877852522924908
0.857464250278063
0.9625703849682269
0.830506265651833
0.49999999999999456
0.09337326685945838
-0.25546360378167804
-0.4747808179129638
-0.5877852522924765
-0.6863164630131267
-0.8625703849682355
-1.1408142560880556
-1.4510565162951505
-1.6617601412067424
-1.6535533905932667
-1.3911620911336402
-0.951056516295163
-0.48753277364985836
-0.15546360378167812
-0.03303498057493586
-0.08778525229248192
-0.20418276783987274
-0.2554636037816795
-0.17722478321365545
4.983559877940393E-15
0.17722478321364815
0.25546360378167315
0.20418276783985506
0.08778525229246477
0.03303498057494339
0.15546360378167126
0.487532773649873
0.9510565162951515
1.3911620911336562
1.6535533905932729
1.6617601412067426
1.4510565162951403
1.140814256088046
0.8625703849682318
0.6863164630131203
0.587785252292472
0.47478081791296833
0.2554636037816871
-0.0933732668594326
-0.5000000000000141
-0.8305062656518385
-0.9625703849682135
-0.8574642502780521
-0.5877852522924643
-0.3036330306480255
-0.15546360378167198
-0.21693472357675406
-0.45105651629517135
-0.7378806086954663
-0.9464466094067256
-1.0084786587685577
-0.9510565162951504
-0.8702162060149505
-0.8625703849682239
-0.9569145130862305
-1.0877852522924782
-1.1280623003511545
-0.9625703849682209
-0.5599082155787511
2.488115449172983E-14
0.5599082155787676
0.9625703849682243
1.1280623003511496
1.087785252292475
0.9569145130862208
0.8625703849682214
0.8702162060149478
0.9510565162951513
1.0084786587685568
0.9464466094067272
0.7378806086954515
0.4510565162951581
0.21693472357675786
0.15546360378168497
0.30363303064804253
0.5877852522924663
0.8574642502780806
0.9625703849682287
0.8305062656518463
0.5000000000000084
0.09337326685942374
-0.2554636037816793
-0.47478081791296206
-0.5877852522924637
-0.6863164630131371
-0.8625703849682265
-1.140814256088058
-1.451056516295153
-1.6617601412067402
-1.6535533905932638
-1.3911620911336344
-0.9510565162951571
-0.4875327736498789
-0.15546360378166654
-0.0330349805749376
-0.08778525229246908
-0.20418276783987693
-0.25546360378167865
-0.1772247832136549
-1.2057072968678647E-14
0.17722478321364762
0.25546360378167426
0.2041827678398686
0.08778525229246131
0.03303498057493166
0.15546360378168197
0.4875327736498783
0.9510565162951585
1.3911620911336358
1.653553390593285
1.6617601412067415
1.4510565162951543
1.1408142560880599
0.8625703849682118
0.6863164630131309
0.5877852522924701
0.4747808179129683
0.255463603781685
-0.09337326685945
-0.5000000000000033
-0.83050626565184
-0.9625703849682216
-0.8574642502780341
-0.5877852522924575
-0.30363303064803504
-0.1554636037816797
-0.21693472357676827
-0.4510565162951577
-0.7378806086954524
-0.946446609406728
-1.0084786587685566
-0.9510565162951529
-0.8702162060149509
-0.8625703849682265
-0.9569145130862347
-1.0877852522924825
-1.1280623003511563
-0.9625703849682299
-0.5599082155787076
1.6568118783676168E-14
0.5599082155787467
0.9625703849682149
1.128062300351147
1.0877852522924647
0.9569145130862231
0.8625703849682183
0.8702162060149462
0.9510565162951554
1.0084786587685555
0.9464466094067242
0.7378806086954653
0.45105651629513305
0.2169347235767565
0.15546360378167703
0.3036330306480329
0.5877852522924929
0.8574642502780612
0.9625703849682214
0.8305062656518521
0.49999999999998873
0.09337326685943807
-0.2554636037816709
-0.4747808179129605
-0.5877852522924742
-0.6863164630131257
-0.8625703849682186
-1.140814256088062
-1.4510565162951572
-1.661760141206744
-1.6535533905932625
-1.3911620911336295
-0.9510565162951511
-0.48753277364981723
-0.15546360378166482
-0.033034980574949635
-0.08778525229247279
-0.20418276783988556
-0.25546360378168104
-0.17722478321365573
-1.1816796205267181E-14
0.177224783213646
0.2554636037816716
0.2041827678398645
0.08778525229247432
0.033034980574933336
0.15546360378167526
0.487532773649858
0.9510565162951335
1.391162091133669
1.653553390593278
1.661760141206749
1.451056516295168
1.1408142560880392
0.8625703849682199
0.6863164630131328
0.5877852522924856
0.47478081791296867
0.2554636037816701
-0.09337326685943564
-0.5000000000000063
-0.8305062656518271
-0.9625703849682328
-0.8574642502780286
-0.5877852522924503
-0.3036330306480291
-0.1554636037816569
-0.21693472357676924
-0.4510565162951604
-0.7378806086954551
-0.9464466094067396
-1.0084786587685586
-0.951056516295152
-0.87021620601495
-0.86257038496823
-0.9569145130862384
-1.0877852522924805
-1.1280623003511512
-0.9625703849682375
-0.559908215578728
-8.771664380685273E-15
0.5599082155787122
0.9625703849682062
1.128062300351158
1.087785252292478
0.9569145130862369
0.862570384968208
0.8702162060149524
0.9510565162951532
1.008478658768556
0.9464466094067224
0.7378806086954621
0.4510565162951299
0.21693472357675575
0.15546360378167975
0.30363303064807895
0.5877852522925117
0.8574642502780668
0.9625703849682244
0.8305062656518237
0.49999999999998546
0.0933732668594491
-0.25546360378167265
-0.4747808179129607
-0.5877852522924734
-0.6863164630131262
-0.8625703849682121
-1.1408142560880306
-1.4510565162951652
-1.661760141206746
-1.6535533905932798
-1.3911620911336773
-0.9510565162951402
-0.48753277364986275
-0.15546360378168295
-0.033034980574950905
-0.08778525229247673
-0.20418276783985478
-0.25546360378168376
-0.17722478321365628
2.5032598589568742E-15
0.17722478321364535
0.2554636037816557
0.20418276783986045
0.08778525229244759
0.03303498057493164
0.15546360378167684
0.48753277364985664
0.9510565162951391
1.3911620911336735
1.6535533905932793
1.6617601412067475
1.4510565162951685
1.1408142560880286
0.8625703849682179
0.6863164630131324
0.5877852522924802
0.474780817912969
0.2554636037816686
-0.09337326685943864
-0.49999999999997474
-0.8305062656518414
-0.9625703849682157
-0.8574642502780726
-0.5877852522924433
-0.3036330306480337
-0.15546360378167468
-0.21693472357676397
-0.4510565162951642
-0.7378806086954616
-0.9464466094067424
-1.0084786587685597
-0.9510565162951563
-0.8702162060149463
-0.8625703849682332
-0.9569145130862431
-1.0877852522924853
-1.1280623003511663
-0.9625703849682032
-0.559908215578724
-3.1225022567582534E-17
-3.916691969185033E-17
-1.0847765974645144E-16
1.0389326011223995E-16
-1.9309943801359272E-16
-4.511091675941496E-17
3.822734525728039E-18
-4.343098195854919E-17
4.933709771950082E-18
6.79810706289827E-17
6.738726008983444E-17
1.0417900572816738E-16
1.752546274138105E-16
1.5362296996497098E-16
1.273197533848364E-16
1.417576803793081E-16
7.688079189394787E-17
4.6513297937733395E-17
2.8461881013891594E-17
3.2813712889329056E-17
-7.14598197826869E-18
4.754768245069322E-17
8.862024829534205E-17
8.161718219710518E-17
8.266889025482328E-17
5.935048935796736E-17
7.230296005200749E-17
1.0120429425411279E-16
1.3090075205343366E-16
1.3702385402423731E-16
9.587283579142142E-17
7.89402443033152E-17
