-1.3877787807814457E-16
0.8133474951670928
1.1324867546666018
0.9992161644867715
0.8544306702633985
0.9343072046462464
1.0027097338800925
0.7543569697195032
0.3186818626001447
0.15879862225055966
0.4739426437596264
0.893323017701779
0.8854918378810702
0.3742780390009582
-0.21836453257864188
-0.5328186521438713
-0.6863164630131284
-1.0089586046880932
-1.485743205933664
-1.6839780459768396
-1.2925986889363428
-0.5684386315762686
-0.08432458690275173
-0.0811295928461061
-0.24411248596720364
-0.1682506426419741
0.1179460714257274
0.2550383831284114
0.11650496628834085
0.04858904680052141
0.4362405816243923
1.156579153592361
1.6535533905932747
1.563737030406682
1.1020127749012556
0.7300816384697705
0.5650887594596606
0.30705638490476717
-0.2455794652199123
-0.8146945603268362
-0.9376324086282769
-0.5687083879327498
-0.1880787003968588
-0.25051541147919437
-0.6689861824430069
-0.9821890368732228
-0.9618116406673684
-0.8540306320067886
-0.9569145130862277
-1.1302203372415716
-0.924619572679633
-0.18316706589800563
0.680229574119891
1.1151295034722342
1.0418961359696968
0.8656924360948266
0.9066196638098251
1.0088411905687742
0.8308968009765698
0.3988796945070688
0.15072880150020748
0.3839717528516014
0.830159648771202
0.9342358060339628
0.5000000000000011
-0.11665099288237693
-0.49326979537897936
-0.6506845103265003
-0.923739254862946
-1.39617015118576
-1.6886254109768404
-1.4140825045737666
-0.7115293417936986
-0.14144535314335957
-0.05271962600491687
-0.22190520227671795
-0.20883283729389304
0.06075639069878999
0.25306061783261
0.15451820720304002
0.03303498057493918
0.31903301211969104
1.0108793149947903
1.5974206274538525
1.625926518175219
1.2000435920722354
0.7837780048892931
0.5932496164556653
0.38206217560867484
-0.11829823850790051
-0.7244517879746325
-0.9602292278585439
-0.6631058997892209
-0.23718344623998283
-0.19802348177781243
-0.5784593880177423
-0.946446609406726
-0.9856172648320614
-0.8637956750546765
-0.918676037909234
-1.1116896929605429
-1.0122472296348997
-0.36092625132899286
0.5281456791769631
1.0755820982697477
1.0808284115423141
0.8875321183833969
0.8821203719751609
1.0023140116818814
0.8956316183502354
0.486947749728489
0.16410503943838536
0.30363303064804537
0.751919892300743
0.9593156579336051
0.6182014955977563
-0.0035705735327090406
-0.4437116880471727
-0.6206731182149898
-0.8483391669876283
-1.2994671430033744
-1.6685667254230385
-1.5168124780733196
-0.860742641046576
-0.2200373860997557
-0.035440098691334916
-0.1909426894835807
-0.23753930374925172
-1.1755371310541411E-15
0.2375393037492485
0.19094268948357732
0.03544009869133232
0.2200373860997519
0.8607426410465744
1.5168124780733165
1.668566725423034
1.2994671430033717
0.8483391669876293
0.6206731182149874
0.44371168804717354
0.003570573532714268
-0.6182014955977527
-0.9593156579336005
-0.7519198923007413
-0.3036330306480424
-0.16410503943838398
-0.4869477497284895
-0.8956316183502349
-1.0023140116818812
-0.8821203719751592
-0.8875321183833977
-1.0808284115423186
-1.075582098269749
-0.5281456791769576
0.3609262513289949
1.0122472296348957
1.1116896929605364
0.9186760379092371
0.8637956750546745
0.9856172648320587
0.9464466094067246
0.5784593880177417
0.1980234817778139
0.23718344623998516
0.6631058997892308
0.960229227858542
0.7244517879746311
0.11829823850790566
-0.3820621756086743
-0.5932496164556628
-0.7837780048892878
-1.2000435920722348
-1.6259265181752152
-1.597420627453847
-1.010879314994789
-0.3190330121196884
-0.033034980574938484
-0.1545182072030475
-0.25306061783261635
-0.06075639069878839
0.20883283729389035
0.22190520227671612
0.05271962600491427
0.14144535314335646
0.7115293417937003
1.4140825045737622
1.688625410976842
1.3961701511857603
0.923739254862945
0.6506845103265052
0.4932697953789816
0.11665099288238054
-0.49999999999999156
-0.9342358060339617
-0.8301596487712034
-0.38397175285160057
-0.15072880150020676
-0.39887969450706656
-0.8308968009765648
-1.0088411905687737
-0.9066196638098262
-0.8656924360948295
-1.0418961359697005
-1.1151295034722335
-0.6802295741198922
0.18316706589799495
0.9246195726796328
1.1302203372415718
0.9569145130862232
0.8540306320067893
0.9618116406673675
0.9821890368732192
0.6689861824430037
0.2505154114791965
0.18807870039685196
0.5687083879327688
0.9376324086282872
0.8146945603268377
0.2455794652199191
-0.3070563849047578
-0.5650887594596599
-0.730081638469769
-1.1020127749012563
-1.5637370304066782
-1.6535533905932722
-1.156579153592357
-0.4362405816243957
-0.048589046800524185
-0.11650496628835114
-0.25503838312841787
-0.11794607142573352
0.16825064264197254
0.2441124859672064
0.0811295928461011
0.08432458690275128
0.5684386315762633
1.2925986889363346
1.6839780459768434
1.4857432059336646
1.0089586046880954
0.6863164630131322
0.5328186521438782
0.2183645325786407
-0.37427803900095535
-0.8854918378810716
-0.8933230177017892
-0.4739426437596132
-0.15879862225055882
-0.3186818626001427
-0.7543569697194985
-1.0027097338800972
-0.9343072046462492
-0.8544306702634004
-0.9992161644867706
-1.1324867546666124
-0.8133474951670902
-1.3688809002440466E-15
0.8133474951670848
1.1324867546666046
0.999216164486763
0.8544306702633948
0.9343072046462454
1.0027097338800934
0.7543569697194967
0.31868186260014575
0.15879862225055802
0.47394264375961814
0.8933230177017932
0.8854918378810746
0.37427803900096507
-0.2183645325786433
-0.5328186521438731
-0.6863164630131278
-1.008958604688093
-1.4857432059336608
-1.6839780459768412
-1.2925986889363308
-0.5684386315762626
-0.08432458690275396
-0.08112959284610625
-0.24411248596721857
-0.16825064264197068
0.11794607142572856
0.2550383831284123
0.11650496628834578
0.04858904680051627
0.43624058162439855
1.156579153592359
1.653553390593271
1.563737030406677
1.1020127749012558
0.730081638469776
0.5650887594596575
0.30705638490476167
-0.24557946521991525
-0.8146945603268322
-0.9376324086282739
-0.568708387932768
-0.1880787003968525
-0.25051541147919554
-0.6689861824430043
-0.9821890368732207
-0.9618116406673702
-0.8540306320067883
-0.9569145130862279
-1.1302203372415713
-0.9246195726796306
-0.18316706589800455
0.6802295741198965
1.1151295034722366
1.041896135969705
0.8656924360948209
0.9066196638098226
1.0088411905687733
0.8308968009765726
0.3988796945070603
0.15072880150021076
0.38397175285160706
0.8301596487712034
0.9342358060339618
0.49999999999999517
-0.11665099288237661
-0.4932697953789768
-0.6506845103264962
-0.9237392548629445
-1.396170151185761
-1.68862541097684
-1.4140825045737717
-0.7115293417936848
-0.14144535314336223
-0.05271962600491313
-0.22190520227671295
-0.20883283729389684
0.060756390698784586
0.2530606178326037
0.1545182072030472
0.03303498057494259
0.3190330121196969
1.0108793149947908
1.5974206274538487
1.6259265181752227
1.2000435920722243
0.7837780048892907
0.5932496164556669
0.38206217560868144
-0.11829823850790429
-0.7244517879746406
-0.9602292278585443
-0.6631058997892254
-0.23718344623999077
-0.19802348177781082
-0.5784593880177401
-0.9464466094067264
-0.9856172648320615
-0.8637956750546788
-0.9186760379092421
-1.1116896929605484
-1.0122472296348968
-0.3609262513289762
0.528145679176968
1.0755820982697453
1.0808284115423086
0.8875321183833974
0.8821203719751612
1.0023140116818814
0.8956316183502351
0.4869477497284989
0.16410503943839036
0.3036330306480431
0.7519198923007427
0.9593156579336034
0.6182014955977507
-0.0035705735327119206
-0.44371168804716427
-0.6206731182149905
-0.8483391669876246
-1.2994671430033837
-1.6685667254230379
-1.51681247807332
-0.860742641046589
-0.22003738609974752
-0.035440098691336915
-0.19094268948358661
-0.23753930374925483
-1.2053124222283625E-14
0.23753930374924626
0.1909426894835777
0.035440098691330205
0.22003738609974416
0.8607426410465879
1.516812478073318
1.668566725423034
1.2994671430033822
0.8483391669876258
0.620673118214995
0.4437116880471694
0.0035705735327173187
-0.6182014955977436
-0.9593156579335939
-0.7519198923007319
-0.3036330306480349
-0.16410503943838642
-0.48694774972849814
-0.8956316183502351
-1.0023140116818818
-0.8821203719751636
-0.8875321183834022
-1.0808284115423155
-1.0755820982697515
-0.5281456791769722
0.36092625132897205
1.0122472296348901
1.1116896929605393
0.9186760379092354
0.8637956750546747
0.9856172648320591
0.9464466094067249
0.5784593880177399
0.1980234817778138
0.23718344623999815
0.6631058997892031
0.9602292278585517
0.7244517879746342
0.11829823850790928
-0.3820621756086749
-0.5932496164556634
-0.7837780048892867
-1.20004359207224
-1.6259265181752114
-1.5974206274538474
-1.0108793149947581
-0.31903301211969876
-0.03303498057494927
-0.15451820720303822
-0.2530606178326127
-0.060756390698789485
0.20883283729388966
0.22190520227670554
0.052719626004921014
0.14144535314335985
0.7115293417937157
1.4140825045737508
1.688625410976842
1.3961701511857454
0.9237392548629482
0.6506845103265028
0.4932697953789844
0.11665099288238269
-0.5000000000000064
-0.9342358060339536
-0.8301596487711932
-0.38397175285162655
-0.1507288015002056
-0.39887969450707483
-0.8308968009765574
-1.0088411905687737
-0.9066196638098228
-0.8656924360948265
-1.0418961359697123
-1.115129503472239
-0.6802295741199011
0.18316706589803117
0.9246195726796247
1.1302203372415631
0.9569145130862381
0.8540306320067843
0.9618116406673712
0.982189036873227
0.6689861824430042
0.25051541147918865
0.188078700396859
0.5687083879327777
0.9376324086282652
0.81469456032684
0.2455794652199025
-0.30705638490475573
-0.5650887594596519
-0.7300816384697685
-1.1020127749012554
-1.5637370304066904
-1.653553390593281
-1.1565791535923586
-0.4362405816243755
-0.048589046800521125
-0.11650496628835394
-0.255038383128409
-0.11794607142573593
0.16825064264196243
0.2441124859672102
0.08112959284609866
0.08432458690274633
0.5684386315762633
1.2925986889363614
1.683978045976839
1.4857432059336626
1.0089586046880805
0.6863164630131338
0.5328186521438801
0.21836453257866037
-0.37427803900096085
-0.8854918378810718
-0.8933230177017856
-0.4739426437596101
-0.1587986222505639
-0.31868186260014486
-0.7543569697195172
-1.002709733880093
-0.9343072046462501
-0.8544306702634136
-0.9992161644867782
-1.132486754666608
-0.8133474951671088
