0.7071067811865475
0.9569403357322089
0.9807852804032304
0.7730104533627371
0.3826834323650899
-0.09801714032956059
-0.555570233019602
-0.8819212643483549
-1.0
-0.881921264348355
-0.5555702330196022
-0.0980171403295605
0.3826834323650891
0.7730104533627365
0.9807852804032303
0.9569403357322087
0.7071067811865483
0.2902846772544618
-0.19509032201612725
-0.6343932841636462
-0.9238795325112864
-0.9951847266721968
-0.8314696123025456
-0.4713967368259966
-4.898587196589413E-16
0.47139673682599575
0.831469612302545
0.9951847266721967
0.9238795325112868
0.6343932841636469
0.19509032201612822
-0.29028467725446083
-0.7071067811865477
-0.9569403357322085
-0.9807852804032303
-0.7730104533627378
-0.3826834323650892
0.09801714032955954
0.5555702330196028
0.8819212643483546
1.0
0.8819212643483554
0.5555702330196013
0.09801714032956112
-0.382683432365091
-0.7730104533627368
-0.9807852804032308
-0.9569403357322089
-0.7071067811865488
-0.29028467725446233
0.19509032201612664
0.6343932841636457
0.9238795325112862
0.9951847266721968
0.8314696123025459
0.47139673682599714
1.102182119232618E-15
-0.4713967368259983
-0.8314696123025447
-0.9951847266721969
-0.9238795325112871
-0.6343932841636446
-0.1950903220161288
0.2902846772544636
0.7071067811865448
0.9569403357322083
0.9807852804032319
0.7730104533627404
0.38268343236509306
-0.09801714032955892
-0.5555702330195965
-0.8819212643483526
-1.0
-0.8819212643483556
-0.5555702330196077
-0.09801714032956527
0.3826834323650872
0.7730104533627363
0.9807852804032292
0.9569403357322102
0.7071067811865492
0.2902846772544697
-0.19509032201612256
-0.6343932841636425
-0.923879532511286
-0.9951847266721976
-0.8314696123025482
-0.4713967368260008
-1.7145055188062944E-15
0.47139673682599154
0.8314696123025425
0.9951847266721966
0.9238795325112873
0.6343932841636506
0.19509032201613288
-0.29028467725445967
-0.7071067811865418
-0.956940335732207
-0.9807852804032313
-0.7730104533627385
-0.3826834323650969
0.09801714032955477
0.555570233019599
0.881921264348354
1.0
0.8819212643483576
0.5555702330196052
0.09801714032956234
-0.38268343236508334
-0.7730104533627337
-0.9807852804032298
-0.9569403357322093
-0.7071067811865522
-0.2902846772544669
0.19509032201612544
0.6343932841636393
0.9238795325112844
0.9951847266721973
0.8314696123025467
0.47139673682600447
5.879542597180472E-15
-0.4713967368259941
-0.831469612302544
-0.9951847266721962
-0.9238795325112888
-0.6343932841636483
-0.19509032201613
0.29028467725445567
