1.3558899802219425E-17
0.7141685362791031
0.13794968964147122
0.18039572125427564
0.9238795325112865
0.3662052122466034
-0.39284747919355134
0.09055602978576738
7.640957759984658E-17
-0.919430800040282
-0.5879378012096795
0.11108713665472965
-0.38268343236508995
-0.3374966565165888
0.6935199226610737
0.5861029708014092
-4.470062626426012E-17
0.5861029708014092
0.6935199226610742
-0.33749665651658867
-0.3826834323650902
0.11108713665472997
-0.5879378012096796
-0.9194308000402832
-1.1416897386868E-15
0.09055602978576754
-0.3928474791935521
0.3662052122466026
0.9238795325112881
0.18039572125427633
0.13794968964147145
0.7141685362791041
6.525749149728745E-16
-0.7141685362791029
-0.13794968964147153
-0.18039572125427575
-0.9238795325112868
-0.36620521224660335
0.3928474791935511
-0.09055602978576761
1.140405323595492E-16
0.9194308000402823
0.5879378012096791
-0.11108713665473026
0.38268343236508984
0.3374966565165879
-0.6935199226610745
-0.5861029708014094
-2.88366281123287E-16
-0.5861029708014089
