0.0
0.8314696123025452
0.9238795325112867
0.1950903220161286
-0.7071067811865475
-0.9807852804032304
-0.3826834323650904
0.5555702330196018
1.0
0.5555702330196023
-0.38268343236508984
-0.9807852804032305
-0.7071067811865485
0.19509032201612714
0.9238795325112864
0.8314696123025457
6.123233995736766E-16
-0.831469612302545
-0.9238795325112868
-0.19509032201612833
0.7071067811865476
0.9807852804032304
0.38268343236508934
-0.5555702330196027
-1.0
-0.5555702330196043
0.3826834323650876
0.98078528040323
0.7071067811865489
-0.19509032201612653
-0.9238795325112862
-0.831469612302546
