0.7071067811865459
0.19134171618254558
-0.8535533905932741
0.6913417161825451
-5.884604584339652E-17
-0.4619397662556437
0.3535533905932743
-0.03806023374435688
3.721180025950038E-16
-0.19134171618254495
0.1464466094067263
0.30865828381745547
-0.707106781186548
0.4619397662556428
0.3535533905932737
-0.9619397662556434
0.7071067811865472
0.19134171618254847
-0.8535533905932752
0.6913417161825436
2.9454259098688035E-15
-0.46193976625564503
0.35355339059327334
-0.03806023374435588
7.19712072550588E-17
-0.19134171618254442
0.14644660940672438
0.3086582838174578
-0.7071067811865475
0.46193976625563976
