0.006003923623368025
0.007515685042744545
0.04842487492341329
0.11893246382752745
0.20923942231724002
0.30954672095470454
0.40567296077703563
0.49010267817603137
0.5413188974669181
0.5927232127994136
0.614833069796687
0.6430192362960053
0.678648274991022
0.7190099083275459
0.7676535486651077
0.821352052242904
0.8682523397898307
0.9165797606978439
0.9513996273928749
0.9776404281384591
0.9777427504207501
1.0150007629349365
1.0446151504211594
1.0408215100059417
1.0394997415053178
1.0300097271476076
1.0425163751288395
1.0152313153470331
0.9826925334613101
0.9407390405203742
0.9274429324218884
0.9314703308289811
0.9182029926092616
0.8665432429578168
0.865822455626756
0.8402515685055741
0.8306295660572056
0.7591271999256205
0.7113892213578362
0.6403744200469308
0.586980606392477
0.5471659493518598
0.5013242496248403
0.4464067200917579
0.4075276276700571
0.33575420935286865
0.3044813083075785
0.20236168362563878
0.17422123349302687
0.06288111394805279
-0.00652777354954235
-0.08003437195094815
-0.15648175590945002
-0.22842441678625403
-0.332036335234843
-0.41591237293460787
-0.4742838549868039
-0.5548115462172859
-0.5563308645106948
-0.5876229572665256
-0.6209386157705159
-0.6691162832392096
-0.7055701158019588
-0.746366702813299
-0.8251839978339894
-0.8528012547986524
-0.9184004782845693
-0.9565910388086689
-0.9785757324384251
-0.9379686240648903
-0.9514029408139856
-0.9355854561295246
-0.9234209165466365
-0.9456605956380711
-0.9759612755792199
-0.9759430705531016
-1.0191977755713777
-1.0248930070728073
-1.0375068694959086
-0.9956858354570961
-0.9666921915993523
-0.9097488818257567
-0.8584966710387759
-0.85005992918297
-0.8443246641403364
-0.8094118717643195
-0.7681642120491752
-0.7358294676670031
-0.6865022793124441
-0.5971807132432496
-0.5025530169285249
-0.4371630948503961
-0.36681005297806935
-0.3501673344150572
-0.3066860728681992
-0.2608911761376338
-0.2015466779805091
-0.1230413711458468
-0.019764048382668643
0.11389649756000356
