7.110228470925437916e-02
1.123172297392830976e-01
1.570921308235627145e-01
2.049546904856163754e-01
2.554326112489671563e-01
3.080535956371411865e-01
3.686351761446524100e-01
4.051738510110097224e-01
4.621926487898299629e-01
5.537756911696538609e-01
5.516206474067811838e-01
6.285851989935833384e-01
6.892438594590895029e-01
7.316888377954510192e-01
7.372866026201067013e-01
7.736682010241846541e-01
8.266479060004723323e-01
8.608399426830551926e-01
9.016542919274231904e-01
9.039863986122830264e-01
8.952124277655925111e-01
9.511829239694254978e-01
9.734080093868018313e-01
9.591313596224907423e-01
9.413595913684909000e-01
9.339728331134692363e-01
9.752930322639544736e-01
9.894182032887812728e-01
9.857385879511023630e-01
9.245966349982129850e-01
9.079046448730514474e-01
8.823400940576031637e-01
8.704512536244096710e-01
8.555973223186678078e-01
7.926616226179278302e-01
7.880609702522806126e-01
7.852072842795296825e-01
7.960609471683691707e-01
7.470641770203069187e-01
6.758755647938889943e-01
6.220635281214565993e-01
5.427762526511269447e-01
4.953112725343131184e-01
4.336790613690307827e-01
3.059272639940170957e-01
2.598144179253639163e-01
2.007120372943516085e-01
1.398917404472692361e-01
5.871850638846066311e-02
-1.016798970248433340e-02
-9.132627399864211293e-02
-1.655736219318082458e-01
-1.898761301262274492e-01
-2.673713025713283509e-01
-3.163340908797959705e-01
-3.698746467606585098e-01
-4.086933680017215686e-01
-4.624807859969783941e-01
-5.233427530597901667e-01
-5.811800826495616690e-01
-6.442288872836346991e-01
-6.465712444566432682e-01
-6.734687875748079922e-01
-7.227415521246708385e-01
-7.282614301420361480e-01
-7.981319800396522446e-01
-8.287692539741682296e-01
-8.857746489017263025e-01
-9.846191914073062490e-01
-1.002406346316266905e+00
-1.041414899891752954e+00
-1.042900144718438726e+00
-1.086785233035405085e+00
-1.072467379651554698e+00
-1.052577911370840891e+00
-1.032423377502782902e+00
-9.769841166306086899e-01
-9.591198941544302192e-01
-1.002881409490830711e+00
-9.496478164250625742e-01
-9.213366484399270195e-01
-9.021144263789634410e-01
-8.923401617209700820e-01
-8.509837394143553446e-01
-7.931272408851451905e-01
-7.466950078582488270e-01
-7.030546784546046757e-01
-6.752437486816702528e-01
-6.396028031315822426e-01
-5.492454293594221104e-01
-4.532406174516197539e-01
-4.011345023703541401e-01
-3.472715395462817045e-01
-2.871059693917357158e-01
-2.387672377762729004e-01
-2.269685324168003171e-01
-2.140593827869284871e-01
-1.897649266170153837e-01
-1.438103016374179255e-01
-6.592064557849264261e-02
