0.06351126637205277
0.06335091262798373
0.06294922479625291
0.06230620287686034
0.06142184686980601
0.0602961567750899
0.05891876659423557
0.05730413133531779
0.05545875256464876
0.05339006097122307
0.051106386445955596
0.04861692454015089
0.04593169943826356
0.04306152359404546
0.040017954192610526
0.03681324661372954
0.033460305083741045
0.029972630714786556
0.02636426714059685
0.022649743967735766
0.018844018270002608
0.014962414361574965
0.011020562091404243
0.007034333907330083
0.0030197809433354164
-0.0010069316127051808
-0.005029589610531605
-0.009031995226158815
-0.012998032184796685
-0.016911730655400775
-0.020757331555545572
-0.024519350007687034
-0.028182637691299334
-0.03173244383981514
-0.0351544746367563
-0.03843495077188808
-0.04156066292563775
-0.04451902495836293
-0.04729812459029325
-0.04988677136807679
-0.05227454172478614
-0.05445182095194361
-0.05640984191455848
-0.05814072035328564
-0.05963748663155511
-0.06089411379983853
-0.061905541864048105
-0.06266769816034634
-0.06317751375432645
-0.06343293579852767
-0.06343293579852768
-0.06317751375432638
-0.0626676981603463
-0.06190554186404804
-0.06089411379983852
-0.059637486631555076
-0.05814072035328562
-0.056409841914558494
-0.05445182095194361
-0.052274541724786176
-0.049886771368076746
-0.047298124590293235
-0.044519024958362914
-0.041560662925637794
-0.03843495077188812
-0.03515447463675633
-0.031732443839815126
-0.028182637691299348
-0.02451935000768704
-0.020757331555545586
-0.01691173065540076
-0.012998032184796657
-0.009031995226158787
-0.005029589610531619
-0.001006931612705167
0.0030197809433354025
0.007034333907330027
0.011020562091404208
0.014962414361574985
0.018844018270002635
0.022649743967735794
0.02636426714059685
0.02997263071478659
0.03346030508374109
0.036813246613729506
0.040017954192610526
0.04306152359404544
0.04593169943826356
0.048616924540150847
0.051106386445955554
0.05339006097122306
0.05545875256464875
0.05730413133531778
0.058918766594235596
0.06029615677508998
0.06142184686980608
0.062306202876860346
0.06294922479625283
0.06335091262798351
0.06351126637205236
