3.768691500316957710e-02
1.629345725611229811e-01
8.160617558978872088e-02
7.436124493256501822e-02
2.894132824360362566e-01
3.479222410517176511e-01
4.345859308520513276e-01
5.571086595989215295e-01
5.696802485973601060e-01
4.506469557098219392e-01
5.428034803318420032e-01
6.783425986503037741e-01
7.230329007139983943e-01
7.308046920776603006e-01
8.863194583100361124e-01
9.841960394352365915e-01
8.018114430161467077e-01
8.399075134714391044e-01
1.020806995601169609e+00
9.765943569978485783e-01
1.021381662443226146e+00
9.859889783212777425e-01
8.714621455687758811e-01
8.382281904147604878e-01
9.319739587682192017e-01
9.836684733438831874e-01
9.239465335531070744e-01
1.259705939663498420e+00
9.527446409269080263e-01
9.570648709733204917e-01
8.629242345509393619e-01
8.618737799987539194e-01
8.444774807632182689e-01
8.869743534631059356e-01
8.040578531495270465e-01
7.795321561046352210e-01
7.937925270722874238e-01
6.368965787115985488e-01
7.395943173522540048e-01
5.216831115219233705e-01
5.902996284865544840e-01
3.547862290446346378e-01
6.406703280979882953e-01
2.284314062625360520e-01
3.329577219760170292e-01
3.364075750251023234e-01
2.948622901223301729e-01
3.000641977088264190e-01
7.199901294390551043e-02
1.042712487012886907e-01
1.072540164390730633e-01
-1.527660831666628194e-01
-2.221899697886364766e-01
-2.564403895524286492e-01
-3.194079471863226494e-01
-2.377844774128103633e-01
-2.736547656772928550e-01
-4.148392928108716737e-01
-4.907062553406241756e-01
-5.856232930406343185e-01
-6.605494590248095488e-01
-7.445253005544252289e-01
-6.183454635169896019e-01
-5.894196757906965400e-01
-6.627144629589609703e-01
-7.174239718008387223e-01
-8.147677384190665784e-01
-9.687873427947846228e-01
-1.000407576813859389e+00
-1.007801080379290504e+00
-9.824941170070083940e-01
-9.694853440940194300e-01
-1.096776461060434915e+00
-9.504757489805278903e-01
-1.079186037604457971e+00
-1.055170183553623131e+00
-1.075692701512700911e+00
-1.045186231352766670e+00
-1.001547008356081570e+00
-9.504123087233313782e-01
-9.506772814563804186e-01
-9.433371869436197876e-01
-7.909129408354453883e-01
-8.272697836384783621e-01
-8.232158170915940820e-01
-7.775098485580762553e-01
-7.716667074289714767e-01
-7.002701611653858738e-01
-7.048493624258858059e-01
-7.155725117409306169e-01
-5.843016232074006444e-01
-5.578174978516339255e-01
-3.739608824704508394e-01
-4.930195692446213696e-01
-3.388543830238438526e-01
-1.047421161319722904e-01
-3.014174774909571530e-01
-9.517950566009858449e-02
-8.277898880142788018e-02
2.760197983918043912e-02
