1.280000000000000027e-01
3.519999999999999796e-01
5.759999999999999565e-01
8.000000000000000444e-01
1.024000000000000021e+00
1.247999999999999998e+00
1.471999999999999975e+00
1.695999999999999952e+00
1.919999999999999929e+00
2.144000000000000128e+00
2.367999999999999883e+00
2.592000000000000082e+00
2.815999999999999837e+00
3.040000000000000036e+00
3.263999999999999790e+00
3.487999999999999989e+00
3.712000000000000188e+00
3.935999999999999943e+00
4.160000000000000142e+00
4.384000000000000341e+00
4.607999999999999652e+00
4.831999999999999851e+00
5.056000000000000050e+00
5.280000000000000249e+00
5.503999999999999559e+00
5.727999999999999758e+00
5.951999999999999957e+00
6.176000000000000156e+00
6.400000000000000355e+00
6.623999999999999666e+00
6.847999999999999865e+00
7.072000000000000064e+00
7.296000000000000263e+00
7.519999999999999574e+00
7.743999999999999773e+00
7.967999999999999972e+00
8.192000000000000171e+00
8.416000000000000369e+00
8.640000000000000568e+00
8.864000000000000767e+00
9.087999999999999190e+00
9.311999999999999389e+00
9.535999999999999588e+00
9.759999999999999787e+00
