0.0
3.90625
7.8125
11.71875
15.625
19.53125
23.4375
27.34375
31.25
35.15625
39.0625
42.96875
46.875
50.78125
54.6875
58.59375
62.5
66.40625
70.3125
74.21875
78.125
82.03125
85.9375
89.84375
93.75
97.65625
101.5625
105.46875
109.375
113.28125
117.1875
121.09375
125.0
128.90625
132.8125
136.71875
140.625
144.53125
148.4375
152.34375
156.25
160.15625
164.0625
167.96875
171.875
175.78125
179.6875
183.59375
187.5
191.40625
195.3125
199.21875
203.125
207.03125
210.9375
214.84375
218.75
222.65625
226.5625
230.46875
234.375
238.28125
242.1875
246.09375
250.0
253.90625
257.8125
261.71875
265.625
269.53125
273.4375
277.34375
281.25
285.15625
289.0625
292.96875
296.875
300.78125
304.6875
308.59375
312.5
316.40625
320.3125
324.21875
328.125
332.03125
335.9375
339.84375
343.75
347.65625
351.5625
355.46875
359.375
363.28125
367.1875
371.09375
375.0
378.90625
382.8125
386.71875
390.625
394.53125
398.4375
402.34375
406.25
410.15625
414.0625
417.96875
421.875
425.78125
429.6875
433.59375
437.5
441.40625
445.3125
449.21875
453.125
457.03125
460.9375
464.84375
468.75
472.65625
476.5625
480.46875
484.375
488.28125
492.1875
496.09375
500.0
