0.000000000000000000e+00
8.133474951670927044e-01
1.132486754666601758e+00
9.992161644867717518e-01
8.544306702633985839e-01
9.343072046462460589e-01
1.002709733880092546e+00
7.543569697195031676e-01
3.186818626001445831e-01
1.587986222505596290e-01
4.739426437596261921e-01
8.933230177017787987e-01
8.854918378810696655e-01
3.742780390009580183e-01
-2.183645325786419678e-01
-5.328186521438713630e-01
-6.863164630131280974e-01
-1.008958604688092731e+00
-1.485743205933662825e+00
-1.683978045976838755e+00
-1.292598688936341889e+00
-5.684386315762682829e-01
-8.432458690275179691e-02
-8.112959284610596344e-02
-2.441124859672034186e-01
-1.682506426419738133e-01
1.179460714257273835e-01
2.550383831284112057e-01
1.165049662883409498e-01
4.858904680052156255e-02
4.362405816243918877e-01
1.156579153592359965e+00
1.653553390593273775e+00
1.563737030406680661e+00
1.102012774901254932e+00
7.300816384697701444e-01
5.650887594596604169e-01
3.070563849047670546e-01
-2.455794652199120576e-01
-8.146945603268359593e-01
-9.376324086282762371e-01
-5.687083879327494707e-01
-1.880787003968585891e-01
-2.505154114791943720e-01
-6.689861824430066717e-01
-9.821890368732222321e-01
-9.618116406673679064e-01
-8.540306320067880819e-01
-9.569145130862266591e-01
-1.130220337241570450e+00
-9.246195726796320180e-01
-1.831670658980055211e-01
6.802295741198899348e-01
1.115129503472232830e+00
1.041896135969695214e+00
8.656924360948257124e-01
9.066196638098238392e-01
1.008841190568773527e+00
8.308968009765690388e-01
3.988796945070685607e-01
1.507288015002076764e-01
3.839717528516012335e-01
8.301596487712011863e-01
9.342358060339617243e-01
5.000000000000005551e-01
-1.166509928823772357e-01
-4.932697953789793033e-01
-6.506845103264999874e-01
-9.237392548629453914e-01
-1.396170151185759378e+00
-1.688625410976839269e+00
-1.414082504573766164e+00
-7.115293417936983111e-01
-1.414453531433598754e-01
-5.271962600491721107e-02
-2.219052022767183385e-01
-2.088328372938930144e-01
6.075639069878997073e-02
2.530606178326102462e-01
1.545182072030403253e-01
3.303498057493944873e-02
3.190330121196909285e-01
1.010879314994789002e+00
1.597420627453851161e+00
1.625926518175216495e+00
1.200043592072234100e+00
7.837780048892921680e-01
5.932496164556643192e-01
3.820621756086742815e-01
-1.182982385079000276e-01
-7.244517879746309452e-01
-9.602292278585420338e-01
-6.631058997892196327e-01
-2.371834462399824983e-01
-1.980234817778122325e-01
-5.784593880177415492e-01
-9.464466094067252033e-01
-9.856172648320599139e-01
-8.637956750546752493e-01
-9.186760379092323570e-01
-1.111689692960540654e+00
-1.012247229634898105e+00
-3.609262513289923646e-01
5.281456791769623127e-01
1.075582098269746156e+00
1.080828411542312129e+00
8.875321183833952965e-01
8.821203719751593564e-01
1.002314011681879613e+00
8.956316183502338601e-01
4.869477497284880330e-01
1.641050394383851141e-01
3.036330306480448105e-01
7.519198923007414104e-01
9.593156579336029610e-01
6.182014955977548354e-01
-3.570573532709064857e-03
-4.437116880471715930e-01
-6.206731182149882731e-01
-8.483391669876261254e-01
-1.299467143003371961e+00
-1.668566725423034747e+00
-1.516812478073316095e+00
-8.607426410465740529e-01
-2.200373860997550390e-01
-3.544009869133460389e-02
-1.909426894835800914e-01
-2.375393037492509740e-01
-1.175537131054141310e-15
2.375393037492484483e-01
1.909426894835773159e-01
3.544009869133241120e-02
2.200373860997520969e-01
8.607426410465743860e-01
1.516812478073316539e+00
1.668566725423034303e+00
1.299467143003371961e+00
8.483391669876292340e-01
6.206731182149873849e-01
4.437116880471737579e-01
3.570573532714421683e-03
-6.182014955977528370e-01
-9.593156579336004075e-01
-7.519198923007412994e-01
-3.036330306480423125e-01
-1.641050394383838373e-01
-4.869477497284889767e-01
-8.956316183502341932e-01
-1.002314011681880723e+00
-8.821203719751586902e-01
-8.875321183833972949e-01
-1.080828411542317458e+00
-1.075582098269748377e+00
-5.281456791769574277e-01
3.609262513289943630e-01
1.012247229634894552e+00
1.111689692960535103e+00
9.186760379092364648e-01
8.637956750546740281e-01
9.856172648320581375e-01
9.464466094067247592e-01
5.784593880177414382e-01
1.980234817778137868e-01
2.371834462399849408e-01
6.631058997892305129e-01
9.602292278585413676e-01
7.244517879746301681e-01
1.182982385079054122e-01
-3.820621756086742260e-01
-5.932496164556623208e-01
-7.837780048892869500e-01
-1.200043592072233656e+00
-1.625926518175213609e+00
-1.597420627453846498e+00
-1.010879314994788780e+00
-3.190330121196885971e-01
-3.303498057493892137e-02
-1.545182072030477360e-01
-2.530606178326162969e-01
-6.075639069878818743e-02
2.088328372938905164e-01
2.219052022767165622e-01
5.271962600491482409e-02
1.414453531433565447e-01
7.115293417936996434e-01
1.414082504573760612e+00
1.688625410976839714e+00
1.396170151185758268e+00
9.237392548629430600e-01
6.506845103265045394e-01
4.932697953789813572e-01
1.166509928823808717e-01
-4.999999999999907851e-01
-9.342358060339609471e-01
-8.301596487712030736e-01
-3.839717528516010114e-01
-1.507288015002075654e-01
-3.988796945070677280e-01
-8.308968009765657081e-01
-1.008841190568774415e+00
-9.066196638098259486e-01
-8.656924360948290431e-01
-1.041896135969699433e+00
-1.115129503472232830e+00
-6.802295741198917112e-01
1.831670658979946964e-01
9.246195726796317960e-01
1.130220337241571116e+00
9.569145130862217741e-01
8.540306320067883039e-01
9.618116406673662411e-01
9.821890368732191234e-01
6.689861824430037851e-01
2.505154114791970366e-01
1.880787003968522053e-01
5.687083879327680114e-01
9.376324086282854520e-01
8.146945603268364033e-01
2.455794652199184136e-01
-3.070563849047575067e-01
-5.650887594596590846e-01
-7.300816384697678130e-01
-1.102012774901254044e+00
-1.563737030406675332e+00
-1.653553390593269778e+00
-1.156579153592355080e+00
-4.362405816243952184e-01
-4.858904680052433811e-02
-1.165049662883512194e-01
-2.550383831284177005e-01
-1.179460714257333370e-01
1.682506426419723977e-01
2.441124859672061387e-01
8.112959284610105071e-02
8.432458690275113078e-02
5.684386315762621766e-01
1.292598688936332341e+00
1.683978045976840532e+00
1.485743205933661715e+00
1.008958604688093619e+00
6.863164630131307620e-01
5.328186521438771361e-01
2.183645325786401914e-01
-3.742780390009544100e-01
-8.854918378810693325e-01
-8.933230177017867923e-01
-4.739426437596120922e-01
-1.587986222505584633e-01
-3.186818626001418631e-01
-7.543569697194965062e-01
-1.002709733880094323e+00
-9.343072046462467251e-01
-8.544306702633979178e-01
-9.992161644867680881e-01
-1.132486754666609752e+00
-8.133474951670880415e-01
-1.368880900244047044e-15
8.133474951670844888e-01
1.132486754666604645e+00
9.992161644867630921e-01
8.544306702633948092e-01
9.343072046462451707e-01
1.002709733880093435e+00
7.543569697194969503e-01
3.186818626001456378e-01
1.587986222505579081e-01
4.739426437596179764e-01
8.933230177017928986e-01
8.854918378810739954e-01
3.742780390009651237e-01
-2.183645325786431335e-01
-5.328186521438729173e-01
-6.863164630131273203e-01
-1.008958604688092064e+00
-1.485743205933659494e+00
-1.683978045976839866e+00
-1.292598688936330120e+00
-5.684386315762625097e-01
-8.432458690275401736e-02
-8.112959284610611610e-02
-2.441124859672182956e-01
-1.682506426419702883e-01
1.179460714257285076e-01
2.550383831284122049e-01
1.165049662883458625e-01
4.858904680051617797e-02
4.362405816243978274e-01
1.156579153592357745e+00
1.653553390593270445e+00
1.563737030406675554e+00
1.102012774901255154e+00
7.300816384697755845e-01
5.650887594596574193e-01
3.070563849047616145e-01
-2.455794652199148886e-01
-8.146945603268320735e-01
-9.376324086282730175e-01
-5.687083879327676783e-01
-1.880787003968525384e-01
-2.505154114791956488e-01
-6.689861824430040071e-01
-9.821890368732202337e-01
-9.618116406673694607e-01
-8.540306320067876378e-01
-9.569145130862264370e-01
-1.130220337241569784e+00
-9.246195726796294645e-01
-1.831670658980045496e-01
6.802295741198953749e-01
1.115129503472234607e+00
1.041896135969703208e+00
8.656924360948201613e-01
9.066196638098215077e-01
1.008841190568772417e+00
8.308968009765720364e-01
3.988796945070603450e-01
1.507288015002106185e-01
3.839717528516065626e-01
8.301596487712021855e-01
9.342358060339601700e-01
4.999999999999945044e-01
-1.166509928823770970e-01
-4.932697953789770828e-01
-6.506845103264959906e-01
-9.237392548629437261e-01
-1.396170151185760488e+00
-1.688625410976839269e+00
-1.414082504573771715e+00
-7.115293417936847664e-01
-1.414453531433629840e-01
-5.271962600491404694e-02
-2.219052022767137866e-01
-2.088328372938970945e-01
6.075639069878468329e-02
2.530606178326042510e-01
1.545182072030483189e-01
3.303498057494330675e-02
3.190330121196969793e-01
1.010879314994789446e+00
1.597420627453847608e+00
1.625926518175220492e+00
1.200043592072222332e+00
7.837780048892897256e-01
5.932496164556664286e-01
3.820621756086810539e-01
-1.182982385079036358e-01
-7.244517879746388278e-01
-9.602292278585424778e-01
-6.631058997892244067e-01
-2.371834462399906585e-01
-1.980234817778107892e-01
-5.784593880177398839e-01
-9.464466094067254254e-01
-9.856172648320602470e-01
-8.637956750546774698e-01
-9.186760379092405726e-01
-1.111689692960546427e+00
-1.012247229634895218e+00
-3.609262513289758223e-01
5.281456791769671977e-01
1.075582098269743936e+00
1.080828411542306799e+00
8.875321183833956296e-01
8.821203719751598005e-01
1.002314011681879835e+00
8.956316183502335271e-01
4.869477497284980250e-01
1.641050394383901656e-01
3.036330306480424790e-01
7.519198923007412994e-01
9.593156579336015177e-01
6.182014955977492843e-01
-3.570573532711784903e-03
-4.437116880471630997e-01
-6.206731182149888282e-01
-8.483391669876223506e-01
-1.299467143003380842e+00
-1.668566725423033859e+00
-1.516812478073316539e+00
-8.607426410465869315e-01
-2.200373860997468234e-01
-3.544009869133671331e-02
-1.909426894835859756e-01
-2.375393037492540826e-01
-1.205312422228362506e-14
2.375393037492463388e-01
1.909426894835776767e-01
3.544009869133016299e-02
2.200373860997441589e-01
8.607426410465878197e-01
1.516812478073317871e+00
1.668566725423034525e+00
1.299467143003381953e+00
8.483391669876256813e-01
6.206731182149949344e-01
4.437116880471694280e-01
3.570573532717336018e-03
-6.182014955977434001e-01
-9.593156579335937462e-01
-7.519198923007319735e-01
-3.036330306480347074e-01
-1.641050394383863908e-01
-4.869477497284977474e-01
-8.956316183502344153e-01
-1.002314011681881167e+00
-8.821203719751627981e-01
-8.875321183834017358e-01
-1.080828411542314571e+00
-1.075582098269750819e+00
-5.281456791769718606e-01
3.609262513289714924e-01
1.012247229634889001e+00
1.111689692960538434e+00
9.186760379092343554e-01
8.637956750546736950e-01
9.856172648320586926e-01
9.464466094067243151e-01
5.784593880177397729e-01
1.980234817778137035e-01
2.371834462399978194e-01
6.631058997892027573e-01
9.602292278585509155e-01
7.244517879746333877e-01
1.182982385079090482e-01
-3.820621756086747256e-01
-5.932496164556630980e-01
-7.837780048892857288e-01
-1.200043592072239207e+00
-1.625926518175210278e+00
-1.597420627453846276e+00
-1.010879314994757250e+00
-3.190330121196988666e-01
-3.303498057494932971e-02
-1.545182072030380493e-01
-2.530606178326121891e-01
-6.075639069878933235e-02
2.088328372938895727e-01
2.219052022767055155e-01
5.271962600492112461e-02
1.414453531433596534e-01
7.115293417937147424e-01
1.414082504573748844e+00
1.688625410976839714e+00
1.396170151185743169e+00
9.237392548629463906e-01
6.506845103265015418e-01
4.932697953789836887e-01
1.166509928823827591e-01
-5.000000000000059952e-01
-9.342358060339528425e-01
-8.301596487711930816e-01
-3.839717528516265466e-01
-1.507288015002059556e-01
-3.988796945070752775e-01
-8.308968009765576035e-01
-1.008841190568773749e+00
-9.066196638098222849e-01
-8.656924360948256014e-01
-1.041896135969710979e+00
-1.115129503472237937e+00
-6.802295741199002599e-01
1.831670658980310562e-01
9.246195726796238024e-01
1.130220337241562456e+00
9.569145130862367621e-01
8.540306320067831969e-01
9.618116406673703489e-01
9.821890368732261178e-01
6.689861824430035631e-01
2.505154114791885434e-01
1.880787003968589222e-01
5.687083879327768932e-01
9.376324086282634696e-01
8.146945603268385128e-01
2.455794652199017325e-01
-3.070563849047554528e-01
-5.650887594596510910e-01
-7.300816384697674799e-01
-1.102012774901253378e+00
-1.563737030406688655e+00
-1.653553390593279326e+00
-1.156579153592356635e+00
-4.362405816243751788e-01
-4.858904680052122949e-02
-1.165049662883538006e-01
-2.550383831284086522e-01
-1.179460714257356962e-01
1.682506426419622669e-01
2.441124859672099690e-01
8.112959284609852495e-02
8.432458690274619029e-02
5.684386315762621766e-01
1.292598688936359208e+00
1.683978045976836091e+00
1.485743205933659938e+00
1.008958604688079408e+00
6.863164630131324273e-01
5.328186521438792456e-01
2.183645325786601754e-01
-3.742780390009597391e-01
-8.854918378810697766e-01
-8.933230177017837947e-01
-4.739426437596090946e-01
-1.587986222505634593e-01
-3.186818626001440835e-01
-7.543569697195149359e-01
-1.002709733880090548e+00
-9.343072046462473912e-01
-8.544306702634113515e-01
-9.992161644867757486e-01
-1.132486754666605755e+00
-8.133474951671071373e-01
