7.995455439913988493e-02 0.000000000000000000e+00
-8.611351460482642717e-02 1.010014878698693719e-05
9.244651842742074299e-02 2.157211774461752565e-05
-1.434632760724622869e-01 3.619853949004669252e-05
1.947177297816216623e-01 -1.249431909684954600e-01
-3.502318893989048165e-02 2.500885732389854788e-01
-1.242351314141089402e-01 -1.248579055851555542e-01
7.009206914173375658e-02 2.419476734387866756e-04
-1.482494860370891544e-02 4.546931219055840891e-04
-5.374978620142794629e-04 1.006496461780773729e-03
2.142795166287259773e-02 3.028023935802889519e-03
-6.481774870538906108e-02 2.121758898885736655e-02
4.758943810187808710e-02 -1.061060040119545245e-01
5.630744371101418372e-02 1.061008937074048725e-01
-7.531203759319954338e-02 -2.122279846154084826e-02
3.435077085465226832e-02 -3.033436600031452941e-03
-2.167602896015560082e-02 -1.012226501120728431e-03
1.465318123838239145e-02 -4.608711521908935268e-04
-9.800589600298200213e-03 -2.487286512356028058e-04
5.680126659120803695e-03 -1.496681220652378453e-04
-2.194698036929810473e-03 -9.717874142897215588e-05
-2.559192660873461922e-03 -6.675527940720054915e-05
7.042979460503868971e-03 -4.789459216901937200e-05
-2.397174602826972548e-02 -3.557277106443538194e-05
4.076141491034953462e-02 -3.752717688528466738e-02
6.281556306029703086e-03 7.497874507090949991e-02
-5.340513570591289005e-02 -3.751695543751043527e-02
3.697658438374358536e-02 -1.375632113708715951e-05
-2.059866867303125279e-02 -1.132516649461168083e-05
1.702790092987898143e-02 -9.443392802570185329e-06
-1.349086614114834541e-02 -7.963201094252731968e-06
1.182575123636621373e-02 -6.782181661748175219e-06
-1.018413941065719579e-02 -5.827828064522072647e-06
9.187634724709141734e-03 -5.047811270923196233e-06
-8.208095660261469084e-03 -4.403710258968221783e-06
7.533289825967537726e-03 -3.866875614260453353e-06
-6.871087249676721687e-03 -3.415642796582123164e-06
6.379630835507249173e-03 -3.033418890760562064e-06
-5.897762377712391715e-03 -2.707346319586953487e-06
5.522380487428259557e-03 -2.427354797231683070e-06
-5.154440438109506722e-03 -2.185479001406281929e-06
4.857944251950065302e-03 -1.975360962111309682e-06
-4.567324174677428981e-03 -1.791882709981833591e-06
4.327232757428420631e-03 -1.630892008069157427e-06
-4.091850682208899789e-03 -1.488995422009044799e-06
3.893652839069158388e-03 -1.363400663941471101e-06
-3.699278760411996679e-03 -1.251795376542913160e-06
3.533128224510452726e-03 -1.152253136283342902e-06
-3.370118404254055216e-03 -1.063159978009070583e-06
3.229067662469595201e-03 -9.831565271258696503e-07
-3.090623264775240603e-03 -9.110920997966800994e-07
2.969613766781654951e-03 -8.459880524759599840e-07
-2.850787241160078478e-03 -7.870083309335224042e-07
2.746039810423341748e-03 -7.334356635505315247e-07
-2.643136105790384622e-03 -6.846522073587942014e-07
2.551766151243240605e-03 -6.401237291249212841e-07
-2.461965300314308998e-03 -5.993866103461663319e-07
2.381730720315233980e-03 -5.620371191601344907e-07
-2.302840873055409660e-03 -5.277225132022111964e-07
2.231971617621581611e-03 -4.961336279897532453e-07
-2.162262234682538892e-03 -4.669986772114220752e-07
2.099341935805435540e-03 -4.400780448271003620e-07
-2.037428030053866929e-03 -4.151598945048920464e-07
1.981309862253451907e-03 -3.920564540342563742e-07
-1.926069764052868588e-03 -3.706008593097609438e-07
1.875815413448179200e-03 -3.506444651892037800e-07
-1.826331147357747580e-03 -3.320545465734445201e-07
1.781165747898260602e-03 -3.147123263358940493e-07
-1.736679021691164143e-03 -2.985112794763600252e-07
1.695957352745251084e-03 -2.833556696536787545e-07
-1.655836551120736660e-03 -2.691592832435030225e-07
1.619017323580699934e-03 -2.558443312873984188e-07
-1.582732402467502790e-03 -2.433404945110899387e-07
1.549358449919987146e-03 -2.315840904839380071e-07
-1.516461596693288293e-03 -2.205173459473262765e-07
1.486144441277301165e-03 -2.100877593063862903e-07
-1.456255005542375636e-03 -2.002475406586573525e-07
1.428662707988005709e-03 -1.909531194589642045e-07
-1.401455337877718227e-03 -1.821647099232645561e-07
1.376302842951839878e-03 -1.738459274366194185e-07
-1.351498056855043265e-03 -1.659634485031563633e-07
1.328539455876943942e-03 -1.584867094491047151e-07
-1.305896085121764638e-03 -1.513876384557234084e-07
1.284918366206524217e-03 -1.446404169783361074e-07
-1.264227449733978503e-03 -1.382212669873757876e-07
1.245045413388996824e-03 -1.321082608714231263e-07
-1.226125229877435448e-03 -1.262811512110686291e-07
1.208577325349847282e-03 -1.207212183091874169e-07
-1.191269324154069914e-03 -1.154111331502782889e-07
1.175214219142768982e-03 -1.103348342820428818e-07
-1.159379667238601488e-03 -1.054774168129241074e-07
1.144693406133720850e-03 -1.008250323278857274e-07
-1.130210609769252000e-03 -9.636479852363072363e-08
1.116784247547167666e-03 -9.208471738196598658e-08
-1.103546238482189246e-03 -8.797360100880162459e-08
1.091283861623156687e-03 -8.402100440121570719e-08
-1.079196461480675870e-03 -8.021716451054878693e-08
1.068013525818826449e-03 -7.655294437623066679e-08
-1.056993720160563990e-03 -7.301978274571081784e-08
1.046815649881259469e-03 -6.960964776234245324e-08
-1.036790217570561501e-03 -6.631499465596484011e-08
1.027551220690259282e-03 -6.312872730855970116e-08
-1.018455574954377219e-03 -6.004416276683688380e-08
1.010097639328982715e-03 -5.705499871166974657e-08
-1.001874845431481587e-03 -5.415528373658995420e-08
9.943468862121766783e-04 -5.133938995086594070e-08
-9.869468273519012291e-04 -4.860198741694302799e-08
9.802039622678036541e-04 -4.593802099882391549e-08
-9.735826306494920097e-04 -4.334268887085058683e-08
9.675855638643852778e-04 -4.081142210591789943e-08
-9.617044581516475538e-04 -3.833986658046458634e-08
9.564189569628038165e-04 -3.592386542460111049e-08
-9.512445707611019707e-04 -3.355944292642368265e-08
9.466410222639248806e-04 -3.124278973617826416e-08
-9.421444110713564357e-04 -2.897024860976094018e-08
9.381974482493282697e-04 -2.673830136468158258e-08
-9.343538645979372614e-04 -2.454355638864536004e-08
9.310420532253824155e-04 -2.238273703880633292e-08
-9.278306416191355738e-04 -2.025267050505957789e-08
9.251362209675331304e-04 -1.815027739302671472e-08
-9.225397657957445235e-04 -1.607256172554347162e-08
9.204484374852189843e-04 -1.401660139864480126e-08
-9.184531584132404891e-04 -1.197953902742909804e-08
9.169539189044575989e-04 -9.958573077284427200e-09
-9.155493093754851763e-04 -7.950949593160672180e-09
9.146343225937547672e-04 -5.953953602713668580e-09
-9.138130280586242993e-04 -3.964901222879707587e-09
9.134775355252727769e-04 -1.981131784664635909e-09
-9.132352688848294209e-04 0.000000000000000000e+00
-8.200917834105348001e-05 0.000000000000000000e+00
-8.524118613896050655e-05 -6.862660938654341347e-18
-9.559568319658904602e-05 4.537216685262385196e-17
-1.153110104726073404e-04 -3.194203595743329294e-17
-1.491744240936945885e-04 2.500000000000001110e-01
-2.069360395411281965e-04 -5.000000000000001110e-01
-3.093944722876542427e-04 2.500000000000000000e-01
-5.054114432201568547e-04 -9.077821502313787594e-17
-9.278991725713768264e-04 -6.667843360785852269e-18
-2.029036534430045044e-03 7.243825764918776500e-17
-6.070042428838726134e-03 -2.921924854848434450e-17
-4.244745797695467782e-02 -1.040834085586084257e-17
2.122011736748030120e-01 4.185020385794047115e-17
-2.122113942839023715e-01 -1.474514954580286030e-17
4.243703903158779767e-02 -2.341876692568689577e-17
6.059217100381625309e-03 1.023995070594668766e-16
2.017576455750161660e-03 -5.575509672006706552e-17
9.155431120008097759e-04 -3.277339879516338872e-17
4.918494876263089467e-04 -1.531435568635775013e-18
2.942470578462309827e-04 3.291570033030211118e-18
1.897250346539187222e-04 -4.403470182890931173e-17
1.292819282885591915e-04 1.109460694972627670e-16
9.191890511468206633e-05 -5.709997328207008088e-17
6.759437655695062295e-05 2.034107271183839549e-17
5.108771314353137720e-05 7.499999999999998335e-02
3.949932016017714681e-05 -1.500000000000000222e-01
3.113001354401062105e-05 7.500000000000001110e-02
2.493880543320296911e-05 4.479110225080740193e-18
2.026359850344741680e-05 1.476187844651113273e-17
1.666957547939612355e-05 2.722729175433824707e-17
1.386315938109224997e-05 -6.927406019560091929e-17
1.164127927578954919e-05 7.836627728755108974e-17
9.860440213500965502e-06 -9.831673191791894874e-17
8.417306218435364952e-06 9.086181982200983555e-18
7.236190350534226432e-06 6.709909134528868960e-17
6.260806004458023346e-06 8.010231763506308125e-18
5.448713646686669892e-06 -4.513055070441956279e-17
4.767511324602734760e-06 -1.220574476993446789e-18
4.192176453413814022e-06 -4.076600168545496672e-17
3.703181899471046090e-06 1.734723475976807094e-17
3.285141678436513234e-06 -2.818925648462311528e-17
2.925824567066199304e-06 2.871441691192078149e-17
2.615426961025004679e-06 -1.994254371015524718e-17
2.346030828853392137e-06 6.735267183387294576e-17
2.111195440257031070e-06 -3.175695925845822831e-17
1.905646876095293130e-06 5.393905808115384559e-17
1.725039772597644703e-06 -2.075569533951937551e-17
1.565772950813166696e-06 -2.962243623137739146e-17
1.424845616021383965e-06 -5.811323644522303766e-17
1.299744371511548334e-06 8.939585725321885779e-17
1.188353821304777291e-06 6.071532165918824830e-18
1.088885371817310821e-06 -9.540979117872439019e-18
9.998201790182431603e-07 1.192622389734054877e-17
9.198631587118734354e-07 -4.206704429243757204e-17
8.479057110662049750e-07 -2.190088388420718957e-17
7.829953491819756318e-07 2.141299290658871257e-17
7.243108270318666378e-07 -1.454186163846182822e-17
6.711416771565356144e-07 3.522301807862282530e-17
6.228712971670467141e-07 5.204170427930421283e-18
5.789629112886753026e-07 2.602085213965210642e-17
5.389478697750884478e-07 -1.734723475976807094e-17
5.024158566680734913e-07 -2.687635541637894976e-18
4.690066680135259769e-07 2.151167224494383856e-17
4.384032776558786121e-07 5.750930195383072152e-18
4.103259763352847672e-07 2.493664996716660198e-18
3.845273940445254906e-07 1.707152553543679618e-17
3.607882640542721464e-07 -3.542334137064846733e-17
3.389138062459869946e-07 -1.898285538091612490e-17
3.187306282356663217e-07 3.816391647148975608e-17
3.000840645230908044e-07 2.602085213965210642e-17
2.828358853532251388e-07 -5.030698080332740574e-17
2.668623177122686648e-07 -3.234988232153623855e-17
2.520523328619720402e-07 -5.479286729198618033e-17
2.383061590833487941e-07 6.987683001669076077e-17
2.255339906488099296e-07 6.505213034913026604e-19
2.136548598783392927e-07 -6.505213034913026604e-18
2.025956517322929917e-07 1.951563910473907981e-18
1.922902439742413261e-07 -4.336808689942017736e-18
1.826787485760539287e-07 1.474514954580286030e-17
1.737068487398180441e-07 2.206012607829099803e-17
1.653252120708376908e-07 -5.637851296924623057e-18
1.574889747306114449e-07 -4.974116279456153311e-17
1.501572843333814846e-07 -1.014406657631750086e-17
1.432928952572050759e-07 1.797065100894723599e-17
1.368618106847453229e-07 6.176225438199456352e-17
1.308329628325135440e-07 -1.025587492535506851e-17
1.251779304223281610e-07 1.437923131258900256e-17
1.198706844593094063e-07 -6.847753158782665661e-17
1.148873642519625086e-07 -9.063930161978817068e-17
1.102060737069240903e-07 2.116362640691704655e-16
1.058067026556575724e-07 -8.239936510889833698e-17
1.016707643785318791e-07 1.818156221281355678e-17
9.778124936406513409e-08 -1.060648303804730477e-16
9.412249602737859298e-08 1.511201539712645880e-16
9.068007269639275506e-08 -1.320927764210584089e-16
8.744067231248098585e-08 3.131559553593463402e-17
8.439201582746641377e-08 -3.340621608188760318e-18
8.152276747210660798e-08 1.049849030773932173e-17
7.882245642918664694e-08 -4.555396129892830617e-17
7.628140567179941302e-08 1.182955096827923141e-16
7.389066938897126727e-08 -4.617240122954235221e-17
7.164197495248969950e-08 -3.162990431637008326e-17
6.952766946053713648e-08 -1.387778780781445676e-17
6.754067384106415828e-08 0.000000000000000000e+00
6.567443866875187150e-08 5.551115123125782702e-17
6.392290492414386734e-08 -3.868695931641928654e-17
6.228046951547842359e-08 -2.104347478334902405e-17
6.074195051724239590e-08 4.548058706987240241e-17
5.930256102477135353e-08 1.392268055401893467e-17
5.795787904201146409e-08 -5.002407179894446942e-17
5.670382559493352542e-08 2.816215143031097767e-17
5.553664133932899316e-08 -1.053539579794898762e-16
5.445286612565901352e-08 2.187648933532626572e-16
5.344932271561173009e-08 -2.335879699302129131e-16
5.252309768014051805e-08 2.211772431870429045e-16
5.167152802854069193e-08 -1.587271980518778491e-16
5.089218746423540551e-08 5.182486384480711195e-17
5.018287370026075500e-08 -1.821459649775647449e-17
4.954159777336916703e-08 -1.881090769262350193e-17
4.896657439918371268e-08 3.416592096044945848e-17
4.845621311307373585e-08 1.553119612085485102e-17
4.800911035195533708e-08 -1.957323734515237224e-17
4.762404320923264989e-08 -2.775557561562891351e-17
4.729996295376251436e-08 1.110223024625156540e-16
4.703599056576045212e-08 -8.326672684688674053e-17
4.683141279727753370e-08 1.768223629040714673e-17
4.668567712034002708e-08 6.736707139397626887e-17
4.659839256329617726e-08 -1.352957256319821389e-16
4.656932353207677427e-08 0.000000000000000000e+00
-3.780682118997779604e-17 0.000000000000000000e+00
7.652130630369483609e-18 -2.020029757403883842e-05
-1.539652308626266339e-17 -4.314423548919919132e-05
2.410648678461311521e-17 -7.239707898005653573e-05
-3.095078856148452010e-16 -2.501136180630093020e-01
6.074466426138618688e-16 4.998228535220291535e-01
-3.106845500385527377e-16 -2.502841888296888362e-01
4.133725451413371369e-17 -4.838953468773696839e-04
-2.759311064189936308e-17 -9.093862438113177980e-04
3.013609081964285217e-17 -2.012992923561573479e-03
-2.456359671962809909e-17 -6.056047871605696638e-03
-3.787049044951041961e-17 -4.243517797771480943e-02
-7.054972679904002379e-17 2.122120080239090767e-01
9.006536590377910360e-17 -2.122017874148098560e-01
3.514402705227010951e-17 4.244559692308186305e-02
-8.539920318584372024e-17 6.066873200062761033e-03
-1.143360334426790069e-17 2.024453002241432577e-03
6.061572439364158941e-17 9.217423043818152428e-04
-5.747335509378493663e-18 4.974573024713326800e-04
-6.140106572423488303e-17 2.993362441304183905e-04
7.417262850293522355e-17 1.943574828579513049e-04
-2.330258254792052166e-17 1.335105588143427682e-04
-2.286741324275136266e-17 9.578918433803745652e-05
2.835054536683078089e-17 7.114554212883753307e-05
7.821448245714665913e-17 -7.494564622943057641e-02
-2.000671354533418829e-16 1.500425098581810723e-01
1.160574250517418322e-16 -7.496608912497929045e-02
1.095545324554284198e-17 2.751264227429586485e-05
-4.904249870358120358e-18 2.265033298913796041e-05
-8.588137946455623580e-18 1.888678560518836016e-05
6.922587999270458484e-17 1.592640218852095447e-05
-7.990370636361702303e-17 1.356436332357506860e-05
-3.960628380824264982e-17 1.165565612887890441e-05
1.732804766804425352e-16 1.009562254166933039e-05
-5.378913845351108056e-17 8.807420518465737514e-06
-5.947194818686321401e-17 7.733751228191527779e-06
-5.883695520440755870e-17 6.831285593245126116e-06
6.523290098912478056e-17 6.066837781463293801e-06
-3.573087909622878859e-17 5.414692639147018760e-06
2.197746947168942514e-17 4.854709594492856439e-06
-7.487486429780656695e-17 4.370958002781772517e-06
1.259609281425218434e-16 3.950721924132388332e-06
8.758679425356076252e-18 3.583765420194045320e-06
-1.080403938659511683e-16 3.261784015954858529e-06
5.976798620192859198e-17 2.977990844107195769e-06
-8.323757510445074577e-17 2.726801327931653373e-06
5.208468599735612245e-17 2.503590752705850728e-06
5.562839440020826901e-17 2.304506273085286808e-06
-1.319543187455684539e-17 2.126319955714862714e-06
-2.837016891310618085e-17 1.966313054307900973e-06
-6.720465803036150290e-17 1.822184199593360199e-06
1.906793275104339151e-16 1.691976104934572733e-06
-6.364958187898167456e-18 1.574016661941637918e-06
-2.026692206673070936e-16 1.466871327272800674e-06
1.316699363355330960e-16 1.369304414405880278e-06
-5.725060428268881137e-17 1.280247458378971047e-06
9.427798980904936971e-17 1.198773220626772314e-06
-5.676948956864836878e-17 1.124074238381838112e-06
-1.751628259847231410e-17 1.055445026274318132e-06
4.366151292139951382e-17 9.922672560679773879e-07
-3.281949119654446948e-17 9.339973543352406149e-07
-6.910589194418481758e-18 8.801560896377475325e-07
-1.296177371557145381e-18 8.303197891080452086e-07
3.753259427330421631e-17 7.841129079361167342e-07
-3.954154466595460314e-17 7.412017187851879796e-07
3.183545067007179223e-17 7.012889302452830975e-07
-1.174178767709717716e-17 6.641090932795363055e-07
-2.021239459810001428e-17 6.294246525253458428e-07
-3.281949119654446948e-17 5.970225590732833321e-07
9.917266415265734084e-17 5.667113392570505281e-07
-1.751628259847231410e-17 5.383185662875128452e-07
-6.639178384945722063e-17 5.116886630230195682e-07
-2.053373216287699256e-18 4.866809886489229507e-07
4.943488948988483110e-17 4.631681810694657578e-07
-6.392013558085190388e-17 4.410346918605001845e-07
4.366151292139951382e-17 4.201755186353239857e-07
-6.364958187898167456e-18 4.004950813363966633e-07
1.026808600884597726e-17 3.819062388450700229e-07
-2.210184765496452461e-17 3.643294199818375434e-07
1.022742842737777700e-17 3.476918547815153332e-07
-1.850058047307921823e-19 3.319268969981541053e-07
-7.360850456006385952e-17 3.169734189198121586e-07
1.061863744043827937e-16 3.027752769932871401e-07
1.634639443834284265e-17 2.892808335776656285e-07
-1.463538788488915597e-17 2.764425346164484895e-07
-4.484495973720232861e-17 2.642165212562603410e-07
6.359882118731897692e-18 2.525623026279311124e-07
-9.312922586248646513e-17 2.414424365477746377e-07
2.304364674741114570e-16 2.308222663877264325e-07
-3.353368175956840188e-17 2.206696683992870334e-07
-2.508365901173528930e-16 2.109548337377378791e-07
1.496126291287036717e-16 2.016500645161274856e-07
1.098953960204380860e-16 1.927295971003674484e-07
-2.459282548482562849e-17 1.841694349266741074e-07
-1.335643954918155951e-16 1.759472018243628467e-07
4.664168969370729606e-18 1.680420088683932581e-07
9.409690212654758365e-17 1.604343290293290400e-07
-1.319953855868092396e-16 1.531058886845953598e-07
1.784728013977752254e-16 1.460395655888575297e-07
1.402933581112870407e-17 1.392192954801919598e-07
-2.260044130592008836e-16 1.326299893375304040e-07
1.570118854394436123e-16 1.262574546568537179e-07
-1.057738869456508573e-17 1.200883254781626164e-07
-1.965589395175394512e-17 1.141099974649728566e-07
-1.030641207824296822e-16 1.083105674593021206e-07
9.958601623091743941e-17 1.026787797562929362e-07
1.180949628063620516e-16 9.720397498842552313e-08
-1.210107976290194558e-16 9.187604189291390111e-08
3.564618193002062076e-17 8.668537777391553071e-08
-1.451609802781484450e-17 8.162284428192946931e-08
-4.141361041384340220e-18 7.667973313577568228e-08
1.377819054226780402e-17 7.184773068874029944e-08
-7.784098640900504111e-17 6.711888618938371964e-08
1.694948189678790449e-17 6.248557915446845135e-08
3.167458010031649532e-17 5.794049741381090968e-08
5.537089638424296171e-17 5.347660272936316517e-08
-1.156912861582858874e-17 4.908711270790178105e-08
-7.256495996904656150e-17 4.476547411230713536e-08
9.491548268827449570e-17 4.050534102312958185e-08
-6.971892926627211236e-17 3.630055476697147121e-08
-4.676993656773672276e-17 3.214512341010410112e-08
7.258938213602837900e-17 2.803320287410532644e-08
1.197401649313340650e-17 2.395907794383589362e-08
-6.645467881927891915e-18 1.991714634885788371e-08
4.264098000844663912e-17 1.590189896427673943e-08
-6.218139760038091231e-18 1.190790749912415316e-08
-1.297955223930075857e-16 7.929802179032128216e-09
2.650221359680349693e-17 3.962263751541305365e-09
1.217877385998884628e-16 0.000000000000000000e+00
8.200917834118922212e-05 0.000000000000000000e+00
8.524118613884333140e-05 5.093696155784779162e-17
9.559568319670126095e-05 -2.328514747825752990e-17
1.153110104726105117e-04 -4.297845174368319920e-17
1.491744240943068374e-04 2.500000000000002776e-01
2.069360395396844729e-04 -5.000000000000002220e-01
3.093944722885541305e-04 2.499999999999998335e-01
5.054114432200742385e-04 1.685493921082387159e-16
9.278991725713049438e-04 -2.961904809958837426e-17
2.029036534430107494e-03 -5.299038118022902921e-17
6.070042428838741747e-03 7.654467337747661304e-17
4.244745797695471945e-02 -2.818925648462311528e-17
-2.122011736748029287e-01 -1.256590317910699639e-16
2.122113942839021494e-01 1.426810058990923835e-16
-4.243703903158779767e-02 -6.722053469410127491e-18
-6.059217100381589748e-03 -4.533320333705015415e-17
-2.017576455750021147e-03 -6.955156936494510944e-17
-9.155431120010258574e-04 1.096399446925966359e-16
-4.918494876261769993e-04 -9.266879256140947430e-17
-2.942470578462444810e-04 4.138602980284511457e-17
-1.897250346538625876e-04 7.197408359409240841e-17
-1.292819282886244333e-04 -7.127284619288425452e-17
-9.191890511464238453e-05 8.240190620774009989e-17
-6.759437655705648174e-05 -7.684748765612002541e-17
-5.108771314354205659e-05 7.500000000000003886e-02
-3.949932016001126388e-05 -1.499999999999999112e-01
-3.113001354409952563e-05 7.499999999999985845e-02
-2.493880543332347818e-05 5.853421182000842493e-18
-2.026359850330413948e-05 -2.737324611906200370e-17
-1.666957547941316586e-05 1.210594840688015029e-16
-1.386315938128591389e-05 1.560303510269385636e-17
-1.164127927558296463e-05 -2.194097302715844954e-16
-9.860440213343717224e-06 2.838202112657060298e-16
-8.417306218868446122e-06 -2.840654492013997489e-16
-7.236190350501697826e-06 3.251186149083086247e-16
-6.260806004159757634e-06 -3.429737517990740555e-16
-5.448713646735507271e-06 2.167266144448135902e-16
-4.767511324791463865e-06 1.624058621418032755e-17
-4.192176453179192672e-06 -1.266348137463069179e-16
-3.703181899558432785e-06 1.457167719820517959e-16
-3.285141678422472816e-06 -7.459310946700270506e-17
-2.925824567001199690e-06 -3.131421513692840553e-16
-2.615426961025750915e-06 6.864930986952982872e-16
-2.346030829048741651e-06 -4.923683937776632269e-16
-2.111195439926707702e-06 7.046975307976877101e-17
-1.905646876450997840e-06 3.623403660446555818e-16
-1.725039772383206454e-06 -3.249353910939056789e-16
-1.565772951045890692e-06 -1.261198177143763033e-16
-1.424845615770418267e-06 1.233822072288504046e-16
-1.299744371614655961e-06 3.622590508817191690e-17
-1.188353821268348098e-06 5.702903427273753323e-17
-1.088885371921394229e-06 -3.196228004487267071e-16
-9.998201790598765237e-07 4.396439809428720480e-16
-9.198631585236559383e-07 -2.064320936412400442e-16
-8.479057110387204499e-07 1.734723475976807094e-17
-7.829953494154721222e-07 7.234338995909528336e-17
-7.243108268493344258e-07 -1.050862955681575173e-16
-6.711416772057719456e-07 9.792378496617515360e-17
-6.228712971431942663e-07 -9.714451465470119729e-17
-5.789629113515590286e-07 8.673617379884035472e-18
-5.389478697049405673e-07 8.586881206085195117e-17
-5.024158568668852531e-07 -1.346265696036512416e-16
-4.690066676795546501e-07 3.075322521596188241e-17
-4.384032778952674871e-07 1.920124165054196488e-16
-4.103259764506438784e-07 -1.766165338978886723e-16
-3.845273938501648870e-07 -1.057234761027295647e-16
-3.607882640303483361e-07 1.809711302797230303e-16
-3.389138063111852382e-07 1.164416192590486676e-17
-3.187306282071518046e-07 -1.084202172485504434e-16
-3.000840644194410767e-07 9.194034422677077600e-17
-2.828358856208062350e-07 9.714451465470119729e-17
-2.668623174105758577e-07 -1.249204190610642140e-16
-2.520523330848365730e-07 6.640738306473714658e-18
-2.383061591252396555e-07 7.020209066843641210e-18
-2.255339905795836208e-07 -2.393918396847993790e-16
-2.136548597126732008e-07 1.994931997373328159e-16
-2.025956517878041430e-07 7.383416794626285196e-17
-1.922902440644469468e-07 -1.244664094013359090e-16
-1.826787484459496680e-07 6.787105599759257757e-17
-1.737068488314331277e-07 8.000056780227415842e-17
-1.653252120811105064e-07 -8.782037597132585915e-17
-1.574889746943448823e-07 -5.304459128885330443e-17
-1.501572841841783250e-07 2.653042716072029350e-16
-1.432928955446219896e-07 -4.217275400425490872e-16
-1.368618105233152427e-07 4.726071151182204000e-16
-1.308329630103599698e-07 -2.574387236589995021e-16
-1.251779303646750752e-07 -1.056521135769233899e-16
-1.198706843989278156e-07 -1.752595871163872832e-17
-1.148873641407775759e-07 2.792904796322659422e-16
-1.102060737526774220e-07 -2.983724378680108202e-16
-1.058067027124697662e-07 3.295974604355933479e-17
-1.016707644614716513e-07 8.599798458530823198e-17
-9.778124924225163188e-08 2.845237668177582301e-16
-9.412249614751242886e-08 -4.590732756265503926e-16
-9.068007261185251418e-08 9.709342798006992230e-17
-8.744067237375958442e-08 1.373864477912670678e-16
-8.439201572971034133e-08 -1.051915282220929488e-16
-8.152276756614759392e-08 4.776019757639504031e-17
-7.882245635085727514e-08 1.744211833172831360e-16
-7.628140570625163111e-08 -3.628014166657579382e-16
-7.389066937233723425e-08 1.792017843320272037e-16
-7.164197505817908253e-08 2.009966832187091990e-17
-6.952766933954017403e-08 -4.163336342344337027e-17
-6.754067379314242225e-08 5.551115123125782702e-17
-6.567443855713325784e-08 -5.551115123125782702e-17
-6.392290543200449373e-08 1.198894668708472971e-16
-6.228046905001010216e-08 -1.199373242323671651e-16
-6.074195066168523033e-08 4.222618060740297372e-17
-5.930256096200960027e-08 -1.551425546190976501e-17
-5.795787903762044529e-08 1.853951833632322410e-16
-5.670382587547083755e-08 -1.277969429499398180e-16
-5.553664124473235361e-08 -1.986529430536565499e-16
-5.445286583379178869e-08 -9.340401715962620699e-17
-5.344932287650733249e-08 5.080706905538634466e-16
-5.252309767667107110e-08 -2.812420435427398502e-16
-5.167152802854069193e-08 -2.471980953266950110e-17
-5.089218743647982990e-08 7.361732751176575107e-17
-5.018287377658858794e-08 -7.676151381197371393e-17
-4.954159757257492469e-08 3.491130995403324278e-17
-4.896657457742654984e-08 1.158741071843882864e-16
-4.845621303967324878e-08 -2.787144972281330180e-16
-4.800911029210737715e-08 1.677497930060306564e-16
-4.762404328425944022e-08 2.636779683484746784e-16
-4.729996321787416358e-08 -3.330669073875469621e-16
-4.703599035770205522e-08 -1.665334536937734811e-16
-4.683141238551787738e-08 1.657423249210379645e-16
-4.668567763381817597e-08 2.111462555091838528e-17
-4.659839242043221225e-08 -2.356170373553605896e-17
-4.656932347526458044e-08 0.000000000000000000e+00
-9.827020295168212441e-18 0.000000000000000000e+00
-1.211732696714496341e-17 2.020029757398579382e-05
1.568270570561503587e-17 4.314423548918484597e-05
-9.328841565224609465e-18 7.239707898007839595e-05
-6.599146429174766896e-16 -2.498863819369909756e-01
1.284848775138121445e-15 5.001771464779714016e-01
-6.385876820998333575e-16 -2.497158111703113026e-01
-2.651069314204127210e-17 4.838953468771828217e-04
9.083813782849400984e-17 9.093862438114238330e-04
-1.141243930742370881e-16 2.012992923561559601e-03
-1.076804678356774937e-18 6.056047871605761690e-03
-5.479142918496785799e-17 4.243517797771470534e-02
2.117839037608689000e-16 -2.122120080239089934e-01
-2.096154994158978912e-16 2.122017874148099115e-01
-7.963202832173772279e-19 -4.244559692308228632e-02
1.524605923492143490e-16 -6.066873200062379394e-03
-8.821483736587018918e-17 -2.024453002241625998e-03
2.064267554846803322e-16 -9.217423043818277111e-04
-1.260724931821284097e-16 -4.974573024709188400e-04
-3.358742305336238751e-16 -2.993362441307869650e-04
3.407895627265405799e-16 -1.943574828580226996e-04
-1.011867059587564980e-16 -1.335105588142038819e-04
7.052649024307506350e-17 -9.578918433816647658e-05
-3.758797826799620453e-17 -7.114554212872731037e-05
1.189995401784606943e-16 -7.505435377056947355e-02
-1.499843799291951473e-16 1.499574901418191941e-01
-8.015698582264003314e-18 -7.503391087502132850e-02
3.245753578906832532e-16 -2.751264227374220346e-05
-2.354484335982176358e-16 -2.265033298902567773e-05
-2.074782235317384778e-16 -1.888678560555894385e-05
2.559114139423016513e-16 -1.592640218863029626e-05
-7.436853111794207797e-17 -1.356436332334838564e-05
-3.366943204220439769e-18 -1.165565612879663380e-05
-3.212773919219896141e-17 -1.009562254171372000e-05
4.017593392489401162e-17 -8.807420518636373995e-06
9.342331401821205934e-19 -7.733751228121161364e-06
-2.351549623927132691e-17 -6.831285593078253849e-06
8.970307425419598255e-17 -6.066837781632314991e-06
3.275030310319096340e-17 -5.414692639105385397e-06
-9.273850522196051318e-17 -4.854709594532755079e-06
1.159637740955012819e-16 -4.370958002812997539e-06
-2.579412701555974638e-16 -3.950721924299512167e-06
-1.020431319910693754e-16 -3.583765419812073695e-06
4.141293985468018516e-16 -3.261784016281444787e-06
-2.161100361376914937e-16 -2.977990843550894176e-06
6.589382513982485432e-17 -2.726801328338317279e-06
-6.201374301884827574e-19 -2.503590753325689110e-06
1.876491195459558962e-17 -2.304506272185520978e-06
8.823906620614566978e-17 -2.126319955997216064e-06
-1.523086383364609474e-16 -1.966313054371543641e-06
2.208146037728197168e-16 -1.822184199581650815e-06
-3.900267409174858043e-16 -1.691976104785386514e-06
-8.525977688185600957e-18 -1.574016662118579712e-06
3.541696302765644392e-16 -1.466871327300989930e-06
-1.707544446723382189e-16 -1.369304414218530143e-06
4.338307753359457467e-17 -1.280247458455542825e-06
-1.738556777629343588e-17 -1.198773220727318513e-06
3.479077531664695203e-17 -1.124074238298717075e-06
-3.490391245990451328e-17 -1.055445026335033454e-06
-8.211332393160254507e-17 -9.922672560419565357e-07
7.994491958663156086e-17 -9.339973544115684478e-07
-2.978744009849453913e-17 -8.801560895037966834e-07
-7.135938376942188116e-18 -8.303197889732197980e-07
7.695930474407742377e-17 -7.841129081356650969e-07
-8.572117236915351666e-17 -7.412017189920537541e-07
3.329645037901275605e-17 -7.012889302203321539e-07
1.037338981550676919e-16 -6.641090927978475149e-07
-1.371099026474034093e-16 -6.294246528272239383e-07
1.055598054755927708e-17 -5.970225590247110747e-07
2.890897853091310897e-17 -5.667113393142964028e-07
6.729450963538856988e-18 -5.383185666119061352e-07
-1.071861087343209658e-17 -5.116886621190761713e-07
-7.517354356977082221e-17 -4.866809898003863154e-07
5.335773752046121547e-17 -4.631681797233474455e-07
-1.508051246986049373e-16 -4.410346929399318675e-07
5.579719240855359428e-17 -4.201755185143270233e-07
1.580074760055878801e-16 -4.004950811247603992e-07
-9.859319695338221247e-17 -3.819062388485394699e-07
5.081170312709262150e-17 -3.643294198695141983e-07
7.927694570644279968e-17 -3.476918549418688345e-07
-3.319157711223083299e-17 -3.319268969849539438e-07
-4.135409850972563125e-17 -3.169734189057852930e-07
-4.919239475753908140e-17 -3.027752769453111940e-07
4.158059142183741739e-17 -2.892808335590241274e-07
-9.583074806358967781e-18 -2.764425346641017161e-07
-8.328900566239153860e-17 -2.642165207319242885e-07
1.037248878195232974e-16 -2.525623036243599193e-07
2.953493587893401227e-17 -2.414424360000907573e-07
-4.363078569436498316e-17 -2.308222664605848184e-07
5.991716066399851113e-17 -2.206696683142855830e-07
-2.969974203197409199e-17 -2.109548336336544705e-07
-1.805984542728512378e-17 -2.016500649562267468e-07
1.892763068174715448e-17 -1.927295970018299881e-07
8.071781980939755426e-19 -1.841694343769133022e-07
2.260677653294531399e-17 -1.759472022215552304e-07
-4.033210031930411449e-17 -1.680420088463102621e-07
4.876503296301428093e-17 -1.604343290251209804e-07
-1.145939412536518562e-17 -1.531058887088679359e-07
-5.082886241163438966e-17 -1.460395656801558229e-07
4.034752320887196967e-17 -1.392192952100528242e-07
-2.305111042593915675e-17 -1.326299894323625187e-07
3.911977466254613435e-18 -1.262574547073334934e-07
8.392464564450677269e-17 -1.200883254642848286e-07
-5.630931222644756420e-17 -1.141099976176285224e-07
-1.197208225778825368e-17 -1.083105672233797279e-07
2.687927583105496713e-17 -1.026787797968895313e-07
-2.273903702967506538e-17 -9.720397508898527463e-08
-6.464917291439413231e-18 -9.187604187804677882e-08
-6.593363568834580644e-17 -8.668537776925346137e-08
1.670939335459796416e-16 -8.162284415578254654e-08
-1.725247638247392422e-17 -7.667973386164903676e-08
-7.440871224337745384e-17 -7.184772971480148790e-08
7.192182351023881572e-17 -6.711888611197168453e-08
-1.244446425035834835e-16 -6.248557989346065211e-08
5.384746921005204625e-17 -5.794049715707183523e-08
-2.920425791430995335e-17 -5.347660261834086270e-08
-6.791254212208793863e-18 -4.908711284667965913e-08
-2.096432140342011965e-17 -4.476547397699870423e-08
-4.422805114327985141e-17 -4.050534108167649916e-08
1.529688121175669292e-16 -3.630055469606464913e-08
-4.461937109641370038e-17 -3.214512356395238940e-08
9.654225573928335172e-18 -2.803320286469987259e-08
-1.408723074818280349e-17 -2.395907824914722539e-08
-7.517443002769531670e-17 -1.991714504434582977e-08
1.489278923750127017e-17 -1.590190035205552022e-08
2.471468313434660261e-17 -1.190790715503226493e-08
-1.788775109291464947e-17 -7.929802195193516850e-09
7.251775437719122442e-18 -3.962263616051609188e-09
5.695983352993886686e-17 0.000000000000000000e+00
-8.200917834109879966e-05 0.000000000000000000e+00
-8.524118613892978297e-05 3.020318319583862113e-17
-9.559568319655936599e-05 4.987753509906947547e-18
-1.153110104726911493e-04 8.114152118222570098e-18
-1.491744240931131308e-04 2.500000000000001110e-01
-2.069360395420133392e-04 -5.000000000000002220e-01
-3.093944722872929865e-04 2.500000000000000000e-01
-5.054114432202937894e-04 2.305996376922997415e-16
-9.278991725711947889e-04 -1.475260343573869815e-16
-2.029036534430096218e-03 2.228035464457711612e-17
-6.070042428838727869e-03 -7.350890729451720063e-17
-4.244745797695466394e-02 -1.214306433183764966e-17
2.122011736748029287e-01 3.789286592836837997e-16
-2.122113942839023992e-01 -3.482457378023440242e-16
4.243703903158818624e-02 -6.624475273886432092e-17
6.059217100381285304e-03 5.949220608335303861e-17
2.017576455750236253e-03 1.237616779892203311e-16
9.155431120010102449e-04 -6.706129250001746644e-17
4.918494876253840138e-04 -2.642065169075613618e-17
2.942470578471729917e-04 1.354405682659626242e-17
1.897250346536897116e-04 2.337556824537692646e-17
1.292819282885461539e-04 -3.870898217304789835e-17
9.191890511467259311e-05 4.236795274694966223e-17
6.759437655697378422e-05 1.365417110973932147e-18
5.108771314331572938e-05 7.499999999999994171e-02
3.949932016061538133e-05 -1.500000000000000777e-01
3.113001354388008311e-05 7.500000000000035805e-02
2.493880543329472988e-05 -4.035999761801229921e-16
2.026359850247602586e-05 1.694202478571345434e-16
1.666957548041003554e-05 -1.617832929255713648e-19
1.386315938094373799e-05 2.717734328022984504e-17
1.164127927576390612e-05 -2.081828578036554796e-16
9.860440213365279295e-06 3.367222525540331909e-16
8.417306218339087800e-06 1.334306120216873729e-16
7.236190350818383116e-06 -6.732462710238494791e-16
6.260806004263271837e-06 3.852185141917574204e-16
5.448713646806323461e-06 -8.769130932598798514e-17
4.767511324548281553e-06 1.053863569897223532e-16
4.192176453360471275e-06 -1.734723475976807094e-17
3.703181899603969277e-06 0.000000000000000000e+00
3.285141678327984597e-06 -1.734723475976807094e-18
2.925824567078708710e-06 2.497874750464514071e-16
2.615426961022332290e-06 -5.329006143696760067e-16
2.346030828891107549e-06 3.082623945601520310e-16
2.111195439963917013e-06 -1.589270978274298640e-16
1.905646876343866807e-06 1.785342164904724083e-16
1.725039773089194863e-06 3.861114986764002666e-17
1.565772950252403779e-06 -1.188658275540904752e-16
1.424845616029379956e-06 4.770489558936219510e-17
1.299744371653145138e-06 6.318865786517080529e-18
1.188353821212403266e-06 -7.914675859144182368e-18
1.088885371931802570e-06 5.147791914961175053e-16
9.998201789401806039e-07 -9.479179594040765267e-16
9.198631586229688573e-07 2.931682674400803990e-16
8.479057112183727499e-07 2.418855046815160392e-16
7.829953491863259930e-07 -6.776263578034402713e-17
7.243108270084546471e-07 4.716279450311944288e-18
6.711416771312194937e-07 -7.866564387740138109e-17
6.228712971570720541e-07 9.887923813067800438e-17
5.789629113159971974e-07 -5.204170427930421283e-18
5.389478698265880510e-07 8.673617379884035472e-19
5.024158566985946295e-07 -8.697334302407155882e-18
4.690066678750750535e-07 -1.070480238739984769e-16
4.384032775854140471e-07 2.155946607899266246e-16
4.103259768533165652e-07 -2.264898338322218763e-16
3.845273934236146590e-07 6.715848953071489741e-17
3.607882642248222303e-07 1.663471064453775350e-16
3.389138063501983052e-07 -1.499688773772683836e-16
3.187306281900214103e-07 -1.301042606982605321e-17
3.000840644949015479e-07 5.030698080332740574e-17
2.828358853154949032e-07 -3.989863994746656317e-17
2.668623181984791290e-07 1.296773560928443647e-16
2.520523319652758572e-07 -1.690271186904901413e-16
2.383061604006408811e-07 3.361026734705063745e-18
2.255339897025724835e-07 1.037581479068627743e-16
2.136548596376464104e-07 -3.295974604355933479e-17
2.025956521850558190e-07 -9.649399335120989463e-18
1.922902438319940011e-07 5.421010862427522170e-17
1.826787485851612269e-07 -1.100465205072787001e-16
1.737068487513105872e-07 8.735620191623050257e-17
1.653252120454944650e-07 -6.938893903907228378e-18
1.574889748452793772e-07 7.962109704190423187e-19
1.501572842170194864e-07 1.608684973425367204e-17
1.432928951806671788e-07 2.279060729200310664e-16
1.368618108045767680e-07 -6.077122583370703213e-16
1.308329628627233976e-07 9.564594396441888913e-16
1.251779304477959006e-07 -1.134378710214954677e-15
1.198706844519635130e-07 5.192303496339388535e-16
1.148873641503727651e-07 1.092875789865388469e-16
1.102060736733138230e-07 -2.498001805406602216e-16
1.058067028382372182e-07 8.673617379884035472e-17
1.016707641749602158e-07 1.971839761648807796e-16
9.778124944939142155e-08 3.353932833771808980e-18
9.412249616401983045e-08 -3.702226428935672872e-16
9.068007266696979509e-08 2.402921562983918952e-16
8.744067220628931229e-08 1.400224871150163551e-17
8.439201592238661990e-08 -4.150910475409378528e-18
8.152276744261207372e-08 5.347266056457194647e-18
7.882245636243028630e-08 1.392735247011863417e-16
7.628140566142325941e-08 -3.184526244320948912e-16
7.389066949141990224e-08 1.771987631700075970e-16
7.164197480824168265e-08 -3.424660084867543058e-17
6.952766959541188674e-08 1.387778780781445676e-17
6.754067366173711895e-08 -1.249000902703301108e-16
6.567443880958973371e-08 1.526556658859590243e-16
6.392290517945315017e-08 1.008053910527342834e-16
6.228046904592401522e-08 -1.583890201476865697e-16
6.074195077806078102e-08 3.702931583864262077e-17
5.930256094135554889e-08 1.564385150283967296e-17
5.795787910755148542e-08 -1.400467334331315095e-16
5.670382570758213114e-08 8.179831052952668546e-16
5.553664107586786525e-08 -1.217745386949617425e-15
5.445286602374400931e-08 3.171833455606343222e-16
5.344932306299010616e-08 3.449152042537401153e-16
5.252309752748485217e-08 -1.445241495923177411e-16
5.167152805629626755e-08 -2.645453300864630819e-17
5.089218743647982990e-08 3.740497495074990297e-17
5.018287370026075500e-08 5.204170427930421283e-18
4.954159775125144272e-08 -5.204170427930421283e-18
4.896657441154361745e-08 -1.043544591017298018e-16
4.845621309518440001e-08 1.644531407753169194e-16
4.800911038627033584e-08 -4.677993561096049913e-17
4.762404271700486358e-08 4.163336342344337027e-17
4.729996436539374294e-08 -2.220446049250313081e-16
4.703598951831273328e-08 1.110223024625156540e-16
4.683141257807218322e-08 1.255938102541313828e-17
4.668567754992803288e-08 -4.774512965435677436e-17
4.659839239301544981e-08 -3.632818431655287367e-18
4.656932362900444849e-08 0.000000000000000000e+00
-5.260454842779457162e-18 0.000000000000000000e+00
6.837436205035507045e-17 -2.020029757398036604e-05
-1.031847605945023298e-16 -4.314423548915304496e-05
5.776135685861390757e-17 -7.239707898008822153e-05
-9.372406423113191672e-16 -2.501136180630093575e-01
1.921479374493660092e-15 4.998228535220289315e-01
-1.055404817557772102e-15 -2.502841888296881701e-01
4.504051017763041829e-17 -4.838953468778830536e-04
9.666427612262109118e-18 -9.093862438113368800e-04
1.302147552217338432e-16 -2.012992923561380924e-03
-1.437534208233356743e-16 -6.056047871605716587e-03
9.380423098224374012e-18 -4.243517797771488576e-02
-3.708534274048915523e-16 2.122120080239089379e-01
4.252803764636638749e-16 -2.122017874148095506e-01
-9.797360214475706056e-17 4.244559692308182142e-02
7.284690777009458982e-17 6.066873200062453987e-03
-1.114225162851331872e-17 2.024453002241757404e-03
1.067688832417348098e-16 9.217423043820166875e-04
-1.691921323498986331e-16 4.974573024704556689e-04
-8.468258569436567864e-17 2.993362441313115021e-04
3.387751548686949299e-18 1.943574828575011170e-04
2.784310155520146726e-16 1.335105588144934723e-04
8.515151005728134734e-18 9.578918433814106559e-05
-1.060693205795895079e-16 7.114554212910646942e-05
-5.282182268963470999e-17 -7.494564622943077070e-02
-3.976290724528339905e-16 1.500425098581806282e-01
2.803322589443693604e-16 -7.496608912497897126e-02
1.570851814074820128e-16 2.751264227456141985e-05
-6.049928498149502662e-17 2.265033298800988871e-05
9.950409341137148936e-17 1.888678560617870430e-05
-3.301125728803575035e-17 1.592640218840448744e-05
-8.453855606214919627e-18 1.356436332346120196e-05
-1.828298819526450411e-16 1.165565612891391906e-05
6.440918906602087699e-17 1.009562254234065313e-05
7.162484026865610628e-17 8.807420517049677997e-06
2.212121400199737693e-16 7.733751228856606191e-06
-5.199422715811459692e-17 6.831285593438777330e-06
-8.231301102442177344e-17 6.066837781500127876e-06
-2.322785282067771360e-16 5.414692639185182677e-06
4.299069044527501147e-17 4.854709594208361789e-06
3.651643632317085537e-17 4.370958002856799307e-06
1.416928986899768671e-16 3.950721924553277309e-06
-6.637865515754984695e-17 3.583765419448219681e-06
2.846238133396925205e-17 3.261784016528833465e-06
-1.015206671005471649e-16 2.977990843742822524e-06
8.366182444063749655e-17 2.726801327733374819e-06
-6.197809001823831335e-17 2.503590753817866075e-06
3.330063352868581559e-17 2.304506272037852642e-06
-6.494578443810647625e-17 2.126319955977239639e-06
1.280327983496067655e-16 1.966313054154269525e-06
-1.730896051183553067e-17 1.822184199833619400e-06
2.629397698899824318e-17 1.691976105392539731e-06
-1.158490764363009094e-16 1.574016660758556507e-06
8.397353256522707907e-17 1.466871327853933038e-06
-1.343465467364691564e-18 1.369304414647711573e-06
5.480849412536700980e-17 1.280247458213088114e-06
-1.336922046446336993e-16 1.198773220722527694e-06
9.064815218959096574e-17 1.124074238237751032e-06
2.012373754784829623e-17 1.055445026418300181e-06
4.624329696273152477e-17 9.922672561234885391e-07
-2.719741892742135479e-16 9.339973544254462356e-07
-7.438263102457013521e-18 8.801560893667006951e-07
1.003165990492378352e-16 8.303197888854383855e-07
2.372000457180762984e-16 7.841129081009619453e-07
-9.676711820055603139e-17 7.412017190874635453e-07
-3.282219940533308948e-17 7.012889300710847368e-07
-2.995706823847355691e-17 6.641090929983419076e-07
1.323831595667048520e-16 6.294246529326639760e-07
-1.609518868116978939e-16 5.970225589691999235e-07
-9.253458111541304279e-17 5.667113392292949525e-07
4.787931316347720974e-17 5.383185664037393181e-07
4.033862688430347197e-16 5.116886622268119859e-07
-7.057390898326793695e-18 4.866809899097619858e-07
-3.253127875480508448e-16 4.631681801242583038e-07
-4.645146335531721858e-16 4.410346928179049129e-07
1.325457898925776777e-16 4.201755181721528176e-07
2.866067699903183365e-16 4.004950809304713699e-07
2.067052184905861810e-16 3.819062391642591425e-07
-2.046590959173306969e-16 3.643294199237243070e-07
-3.373016578523049605e-17 3.476918547718659339e-07
5.648485888027002035e-17 3.319268969127189741e-07
1.146700065737229234e-16 3.169734190758966138e-07
-2.530687229188084452e-16 3.027752769198900412e-07
-6.698806742622334456e-17 2.892808341701228234e-07
1.032715707548085539e-16 2.764425332741113323e-07
3.480309716740716840e-16 2.642165223410302373e-07
-5.567893496783352506e-17 2.525623018838605256e-07
-1.678535978182126832e-16 2.414424372191210932e-07
-2.341004259292110637e-16 2.308222659770306495e-07
1.678907807156051223e-16 2.206696686143927444e-07
1.077272730846770791e-16 2.109548336024294479e-07
7.656495889206734116e-17 2.016500649251317438e-07
-1.678378411564017285e-16 1.927295966113029067e-07
2.685704214068553933e-17 1.841694351033829679e-07
1.061136301203434426e-17 1.759472019690199804e-07
1.018039996214037284e-16 1.680420087423589907e-07
-1.356044447187971325e-16 1.604343291875090548e-07
1.604657239311571768e-17 1.531058885573583056e-07
-3.215829511015066991e-17 1.460395653426182756e-07
1.201598388631148574e-16 1.392192958329828764e-07
-7.898154389058386002e-17 1.326299892198351760e-07
2.411036008215990822e-18 1.262574547117092656e-07
-8.222494753478329769e-17 1.200883252699957993e-07
1.436046520519298229e-16 1.141099974510950688e-07
-1.639262969412176100e-17 1.083105678340023914e-07
1.622868447677539225e-17 1.026787794065835255e-07
-1.078044955089159136e-16 9.720397497930467236e-08
1.111811837431008671e-16 9.187604199934189687e-08
-1.056796329027490309e-17 8.668537781680927916e-08
-1.763484572150428100e-17 8.162284418941991894e-08
-2.207730507058965065e-16 7.667973283577694116e-08
5.388692227875433103e-17 7.184773186509965659e-08
1.009100428978635645e-16 6.711888484800879184e-08
1.775808376321943181e-16 6.248557963325213072e-08
-1.725667116117597656e-16 5.794049752136376519e-08
-2.574772729030596965e-17 5.347660260446307490e-08
2.813297206977407940e-17 4.908711270790178105e-08
2.071388993595803828e-16 4.476547416434883964e-08
-1.946025027129058323e-16 4.050534120137241900e-08
-1.422452507238734211e-16 3.630055460217274099e-08
2.620051074266605174e-17 3.214512335573136217e-08
4.065745008564999062e-16 2.803320284662080136e-08
4.094041925956998136e-17 2.395907827690280101e-08
-2.469249704773488742e-16 1.991714551619061524e-08
-3.908027473786248339e-16 1.590190032429994460e-08
1.740045586497682553e-16 1.190790660884509175e-08
2.372420160717372726e-16 7.929802242051379492e-09
7.018923601896581572e-17 3.962263932294748177e-09
-2.923571901169410313e-16 0.000000000000000000e+00
8.200917834120938828e-05 0.000000000000000000e+00
8.524118613900775066e-05 -1.185587781107107913e-16
9.559568319630638096e-05 2.988433881866842112e-16
1.153110104729121503e-04 -3.863363859238962833e-16
1.491744240947468067e-04 2.500000000000004441e-01
2.069360395387945598e-04 -5.000000000000005551e-01
3.093944722885974986e-04 2.500000000000003886e-01
5.054114432204648765e-04 -9.322444617480829532e-17
9.278991725713649002e-04 5.669699735741384750e-17
2.029036534430018589e-03 -1.270007319795207756e-16
6.070042428838613377e-03 8.023096076392732812e-18
4.244745797695478884e-02 2.831936074532137582e-16
-2.122011736748027899e-01 -6.267772759138701133e-16
2.122113942839020106e-01 3.838075690598685696e-16
-4.243703903158733276e-02 2.190088388420718957e-17
-6.059217100382355628e-03 -4.223306275009941491e-17
-2.017576455749481648e-03 2.075162958137255487e-16
-9.155431120013927514e-04 -3.066699726193139464e-16
-4.918494876253872664e-04 7.454567562195646424e-17
-2.942470578470378459e-04 1.606448806444615851e-16
-1.897250346535328818e-04 -1.149677819308261850e-16
-1.292819282887511495e-04 -3.284284490892640067e-16
-9.191890511468371974e-05 6.085495504054311972e-16
-6.759437655640219283e-05 5.758079153457898447e-16
-5.108771314562993182e-05 7.499999999999829026e-02
-3.949932015791810316e-05 -1.499999999999990230e-01
-3.113001354468499481e-05 7.499999999999969191e-02
-2.493880543336603650e-05 3.214394743623503678e-16
-2.026359850250723056e-05 -1.485499913114990238e-16
-1.666957548047756779e-05 2.144682128491968119e-17
-1.386315938093073264e-05 6.621264489620746260e-17
-1.164127927569764951e-05 -6.769714292816452861e-17
-9.860440213440858350e-06 -1.701304979400326770e-16
-8.417306218564093632e-06 5.536553104750154182e-16
-7.236190349994143825e-06 -7.786940379022477690e-16
-6.260806004666622150e-06 3.866639229766876806e-16
-5.448713647771190549e-06 7.388692751096495419e-16
-4.767511323412912661e-06 -1.461215902033683074e-15
-4.192176453821040358e-06 7.624109676918067180e-16
-3.703181899390815129e-06 1.040834085586084257e-16
-3.285141678282963102e-06 -1.647987302177966740e-16
-2.925824567101335501e-06 2.519042103816399036e-16
-2.615426961293139312e-06 -3.835822582958989257e-16
-2.346030828376900529e-06 2.882453119506384054e-16
-2.111195440724699136e-06 -2.321649545788256885e-16
-1.905646875788513043e-06 1.375784794248324783e-16
-1.725039773272004902e-06 -5.518589057951217569e-17
-1.565772950130065117e-06 1.412478261523381073e-16
-1.424845616041197759e-06 -1.318389841742373392e-16
-1.299744371819678591e-06 1.675431169669006071e-17
-1.188353821179443520e-06 1.667502941282705820e-16
-1.088885371789555245e-06 4.293440603042597559e-17
-9.998201788586486005e-07 -3.637498288688867376e-16
-9.198631589998375324e-07 -1.127570259384924611e-16
-8.479057108707775334e-07 5.660619542546818650e-16
-7.829953492831859046e-07 -4.269859205791037837e-16
-7.243108269944277815e-07 3.010964958263806501e-16
-6.711416772542357827e-07 -2.634475753868215087e-16
-6.228712970633969864e-07 2.168404344971008868e-16
-5.789629111989033627e-07 -6.591949208711866959e-17
-5.389478697116626207e-07 -2.324529457808921507e-16
-5.024158578016000864e-07 1.109737674746379826e-15
-4.690066665478904687e-07 -1.803359826242243932e-15
-4.384032785236581491e-07 1.083655624476288597e-15
-4.103259759881232316e-07 -4.095031605477750247e-16
-3.845273940641789843e-07 4.639752141109886388e-16
-3.607882639464050417e-07 -2.429159202618508956e-16
-3.389138063435516376e-07 -4.573554398699594681e-17
-3.187306283110183727e-07 -1.040834085586084257e-17
-3.000840644333188645e-07 2.116362640691704655e-16
-2.828358851246753208e-07 -8.847089727481716182e-17
-2.668623183622885248e-07 -3.936331512480184536e-16
-2.520523328123494620e-07 1.297112374107345367e-16
-2.383061574809521932e-07 9.510892507585966271e-16
-2.255339935742584415e-07 -1.340615986278326233e-15
-2.136548573629902525e-07 1.059916043821829135e-15
-2.025956526274103053e-07 -5.938175298703107785e-16
-1.922902439048523870e-07 2.645453300864630819e-17
-1.826787487013876998e-07 3.100818213308542681e-17
-1.737068486329157099e-07 1.476107376521124115e-16
-1.653252119777318292e-07 -1.324895054777286418e-16
-1.574889748034156208e-07 1.526251726998578695e-16
-1.501572845238893588e-07 -4.748263414400266669e-16
-1.432928949362321049e-07 1.052875505964251390e-15
-1.368618108371324793e-07 -9.730477328832171091e-16
-1.308329628416869108e-07 -1.423523571155577150e-16
-1.251779303228955986e-07 9.584940127834937207e-16
-1.198706845685618334e-07 -7.005131880382514664e-16
-1.148873643482125565e-07 1.613292832658430598e-16
-1.102060736544487052e-07 -6.245004513516505540e-17
-1.058067027228781071e-07 2.142383492831356762e-16
-1.016707641570005762e-07 -2.949815532219150424e-16
-9.778124969339959080e-08 2.250321960091156322e-16
-9.412249562209238596e-08 -3.657405151136119536e-16
-9.068007322286989507e-08 3.884329248172486851e-16
-8.744067161498154104e-08 -3.371037142129282478e-16
-8.439201650947277894e-08 4.057976960842672537e-16
-8.152276719204363430e-08 -1.765295608195623968e-16
-7.882245637315795858e-08 5.676341003443450498e-17
-7.628140572899785388e-08 -3.285017703787607071e-16
-7.389066937023659255e-08 3.229358639427934961e-16
-7.164197504718459487e-08 -6.663841130110075700e-17
-6.952766912877127170e-08 1.387778780781445676e-17
-6.754067435063917935e-08 -2.220446049250313081e-16
-6.567443827884566522e-08 2.220446049250313081e-16
-6.392290526747003779e-08 -6.782870435022986255e-17
-6.228046901205624986e-08 4.936889181424326811e-17
-6.074195087589647456e-08 -1.033006442362270454e-16
-5.930256102647897196e-08 1.038852028489509194e-16
-5.795787902943471889e-08 2.643420421791220498e-17
-5.670382551985252498e-08 -4.006059264698158540e-16
-5.553664099542006405e-08 8.611309636284009139e-16
-5.445286635550987409e-08 -9.744809126299713853e-16
-5.344932302092306187e-08 6.886343979859571585e-16
-5.252309758646545035e-08 -3.974685164331859255e-16
-5.167152800078511632e-08 3.586540786582048668e-16
-5.089218736709089086e-08 -2.856872724499304184e-16
-5.018287377311914099e-08 -5.334274688628681815e-17
-4.954159787268208603e-08 8.586881206085195117e-17
-4.896657436947657316e-08 7.493192264590442520e-17
-4.845621249442797623e-08 -1.563216244816756362e-16
-4.800911095829540204e-08 5.414573412028389487e-17
-4.762404362599996499e-08 2.775557561562891351e-16
-4.729996175897172028e-08 -6.938893903907228378e-16
-4.703599188664395886e-08 7.216449660063517513e-16
-4.683141191436427080e-08 -1.540308238758263809e-16
-4.668567731353130169e-08 2.438353745260954386e-17
-4.659839245047816495e-08 -2.212915926349222351e-16
-4.656932382546188215e-08 0.000000000000000000e+00
-7.995455439914006535e-02 0.000000000000000000e+00
8.611351460482666309e-02 1.010014878688957583e-05
-9.244651842742104830e-02 2.157211774464094442e-05
1.434632760724624811e-01 3.619853948987105177e-05
-1.947177297816223840e-01 -1.249431909684950159e-01
3.502318893989166820e-02 2.500885732389858118e-01
1.242351314141084961e-01 -1.248579055851565672e-01
-7.009206914173388148e-02 2.419476734393526292e-04
1.482494860370890677e-02 4.546931219053052323e-04
5.374978620143310709e-04 1.006496461781067981e-03
-2.142795166287263589e-02 3.028023935802562957e-03
6.481774870538897781e-02 2.121758898885773431e-02
-4.758943810187780954e-02 -1.061060040119547881e-01
-5.630744371101449597e-02 1.061008937074048308e-01
7.531203759319957114e-02 -2.122279846154064009e-02
-3.435077085465215729e-02 -3.033436600031517993e-03
2.167602896015555225e-02 -1.012226501120762259e-03
-1.465318123838244349e-02 -4.608711521909271370e-04
9.800589600298198478e-03 -2.487286512353221058e-04
-5.680126659120432464e-03 -1.496681220655581728e-04
2.194698036929319546e-03 -9.717874142898091081e-05
2.559192660873794555e-03 -6.675527940717019149e-05
-7.042979460504485666e-03 -4.789459216884383967e-05
2.397174602827093978e-02 -3.557277106392569849e-05
-4.076141491034993014e-02 -3.752717688528636741e-02
-6.281556306030805503e-03 7.497874507091065177e-02
5.340513570591394477e-02 -3.751695543751036588e-02
-3.697658438374415435e-02 -1.375632113748397750e-05
2.059866867303146096e-02 -1.132516649394858278e-05
-1.702790092987857204e-02 -9.443392803111635894e-06
1.349086614114783020e-02 -7.963201094245250973e-06
-1.182575123636597780e-02 -6.782181661576549403e-06
1.018413941065705527e-02 -5.827828064558793219e-06
-9.187634724708921424e-03 -5.047811270876904189e-06
8.208095660261288673e-03 -4.403710258933418893e-06
-7.533289825966950522e-03 -3.866875614405302763e-06
6.871087249675847386e-03 -3.415642797210526743e-06
-6.379630835507269990e-03 -3.033418889659012657e-06
5.897762377712910398e-03 -2.707346319992878780e-06
-5.522380487428471194e-03 -2.427354797175304557e-06
5.154440438109557029e-03 -2.185479001473936145e-06
-4.857944251949988107e-03 -1.975360961975133889e-06
4.567324174677412502e-03 -1.791882710270665049e-06
-4.327232757428523847e-03 -1.630892007848522285e-06
4.091850682208953566e-03 -1.488995422163679134e-06
-3.893652839069157521e-03 -1.363400663735852159e-06
3.699278760412075175e-03 -1.251795376870125376e-06
-3.533128224510738088e-03 -1.152253136056961488e-06
3.370118404254258612e-03 -1.063159977995626476e-06
-3.229067662469626860e-03 -9.831565270918257021e-07
3.090623264775300451e-03 -9.110920999215801896e-07
-2.969613766781746891e-03 -8.459880523233043181e-07
2.850787241160309196e-03 -7.870083310775044527e-07
-2.746039810423661805e-03 -7.334356636407371455e-07
2.643136105790460516e-03 -6.846522070985856800e-07
-2.551766151243125245e-03 -6.401237292852205753e-07
2.461965300314138128e-03 -5.993866103017140429e-07
-2.381730720315086963e-03 -5.620371191289094681e-07
2.302840873055274351e-03 -5.277225132264973251e-07
-2.231971617621340484e-03 -4.961336280522032904e-07
2.162262234681959494e-03 -4.669986772426470978e-07
-2.099341935804795427e-03 -4.400780440087445622e-07
2.037428030054140582e-03 -4.151598956294265397e-07
-1.981309862254207813e-03 -3.920564535543884926e-07
1.926069764053444516e-03 -3.706008593756804359e-07
-1.875815413448589028e-03 -3.506444653082491786e-07
1.826331147357904139e-03 -3.320545463925995977e-07
-1.781165747898317848e-03 -3.147123263770937318e-07
1.736679021691188429e-03 -2.985112794590127905e-07
-1.695957352745287514e-03 -2.833556696328620728e-07
1.655836551120656863e-03 -2.691592833094225146e-07
-1.619017323580749807e-03 -2.558443309716787462e-07
1.582732402467878141e-03 -2.433404945486033338e-07
-1.549358449919835358e-03 -2.315840907692458088e-07
1.516461596692908823e-03 -2.205173464104974446e-07
-1.486144441277692345e-03 -2.100877587373969901e-07
1.456255005542779826e-03 -2.002475407124337803e-07
-1.428662707988215610e-03 -1.909531193063085386e-07
1.401455337878074713e-03 -1.821647100481646464e-07
-1.376302842952186172e-03 -1.738459274498466850e-07
1.351498056855323857e-03 -1.659634483847614861e-07
-1.328539455877107006e-03 -1.584867095436471446e-07
1.305896085121943748e-03 -1.513876383722398411e-07
-1.284918366206573657e-03 -1.446404170586212783e-07
1.264227449734135061e-03 -1.382212671568094822e-07
-1.245045413389477126e-03 -1.321082609493772625e-07
1.226125229877606535e-03 -1.262811507296828645e-07
-1.208577325349615914e-03 -1.207212185355688305e-07
1.191269324153925932e-03 -1.154111332352797392e-07
-1.175214219142807145e-03 -1.103348341285198542e-07
1.159379667238766287e-03 -1.054774168927213873e-07
-1.144693406133896491e-03 -1.008250323539065796e-07
1.130210609769430677e-03 -9.636479848503312629e-08
-1.116784247547409660e-03 -9.208471749559037425e-08
1.103546238482388739e-03 -8.797360075824250253e-08
-1.091283861623195718e-03 -8.402100477276840357e-08
1.079196461480430407e-03 -8.021716422114134578e-08
-1.068013525818522873e-03 -7.655294437525149670e-08
1.056993720160427815e-03 -7.301978290064330829e-08
-1.046815649881276816e-03 -6.960964763939392688e-08
1.036790217570578848e-03 -6.631499470670550178e-08
-1.027551220690234995e-03 -6.312872725088014558e-08
1.018455574954318238e-03 -6.004416289867586798e-08
-1.010097639329018276e-03 -5.705499847574735384e-08
1.001874845431668937e-03 -5.415528396904289998e-08
-9.943468862124611729e-04 -5.133938982629111109e-08
9.869468273521900606e-04 -4.860198742182193776e-08
-9.802039622680319871e-04 -4.593802102072479937e-08
9.735826306497310763e-04 -4.334268890134377293e-08
-9.675855638647903358e-04 -4.081142210846577453e-08
9.617044581521835833e-04 -3.833986627070802566e-08
-9.564189569630275958e-04 -3.592386605755833878e-08
9.512445707609371720e-04 -3.355944240080246943e-08
-9.466410222636195693e-04 -3.124279000722880728e-08
9.421444110711205133e-04 -2.897024855424978895e-08
-9.381974482491929612e-04 -2.673830137855937039e-08
9.343538645978505253e-04 -2.454355642333982956e-08
-9.310420532253962933e-04 -2.238273700411186340e-08
9.278306416192309836e-04 -2.025267052804466394e-08
-9.251362209677425983e-04 -1.815027746133145159e-08
9.225397657959162612e-04 -1.607256134737375386e-08
-9.204484374849553063e-04 -1.401660177638083815e-08
9.184531584129698722e-04 -1.197953909681803708e-08
-9.169539189045408656e-04 -9.958573132795578431e-09
9.155493093754157874e-04 -7.950949343360491639e-09
-9.146343225935604782e-04 -5.953953727180077982e-09
9.138130280584577658e-04 -3.964901097979617317e-09
-9.134775355250160378e-04 -1.981131892000650985e-09
9.132352688845379873e-04 0.000000000000000000e+00
