0.000000000000000000e+00
0.000000000000000000e+00
0.000000000000000000e+00
0.000000000000000000e+00
0.000000000000000000e+00
0.000000000000000000e+00
0.000000000000000000e+00
0.000000000000000000e+00
0.000000000000000000e+00
1.099024311978453257e-05
-1.771129129668803123e-05
6.586093991570660755e-06
7.028048432745482823e-06
-1.783276158185783435e-05
2.169338794636288396e-05
-1.722381433262561775e-05
-1.291685852585580576e-03
1.526741805453525613e-02
2.337763802591464289e-05
-3.768169693762274603e-05
1.403126439959686002e-05
1.492462495587550025e-05
-3.792723528163543351e-05
4.617493955766730618e-05
-3.669631778628831435e-05
-2.236549586062935163e-03
-2.568817784732848469e-02
3.895519357073726121e-05
-6.281077242560517064e-05
2.343904107367639539e-05
2.480313898585186614e-05
-6.318569198035334721e-05
7.702425466525130262e-05
-6.130616867408309541e-05
-2.577913244365331175e-03
2.801710903860275825e-02
6.051282875686747349e-05
-9.761096430773856828e-05
3.652866319048545180e-05
3.839359859776825994e-05
-9.812353803589069748e-05
1.198141756883883998e-04
-9.555393542209225459e-05
-2.215239988309915600e-03
-2.064242620260571190e-02
9.302536723968966512e-05
-1.501297397401287024e-04
5.636905170405789357e-05
5.877711552965543914e-05
-1.507915912179476456e-04
1.844864306732933419e-04
-1.474736387170178496e-04
-1.228238715997787304e-03
5.688695877293329685e-03
1.464021418753791871e-04
-2.363984352316936711e-04
8.907785500808588488e-05
9.208560097644829037e-05
-2.372251081337043625e-04
2.908504200614234116e-04
-2.330808831519789949e-04
1.478081747068220667e-04
1.402474528280276724e-02
2.427662618768484395e-04
-3.922102245225624214e-04
1.483198964264198028e-04
1.520010424129545202e-04
-3.932219800585964203e-04
4.831412122683762444e-04
-3.881499103706998995e-04
1.590756127105208331e-03
-3.144210314222214975e-02
4.390189550121439141e-04
-7.096298146279388140e-04
2.692521938254532898e-04
2.737016177456144282e-04
-7.108527298031059585e-04
8.751475170422254963e-04
-7.047220878011156275e-04
2.793462350581914222e-03
4.338775838327970508e-02
9.138401348526986340e-04
-1.477763081235095900e-03
5.622925745088983972e-04
5.676317945433259626e-04
-1.479230555073705530e-03
1.824211855730225457e-03
-1.471873906847536578e-03
3.605549214551825952e-03
-3.923486751978048220e-02
2.441324334833423065e-03
-3.949115776084586790e-03
1.505841819695367522e-03
1.512226533908764617e-03
-3.950870601885880969e-03
4.878501091581992355e-03
-3.942073418742151995e-03
4.390941241181684634e-03
2.358050736775618023e-02
1.160092228194175429e-02
-1.876945560203740343e-02
7.166203275161805997e-03
7.173833818105166196e-03
-1.877155284134664204e-02
2.319688768223460498e-02
-1.876103909217267940e-02
9.272816203599924811e-03
5.926466471211022657e-02
-1.624101093123986872e-01
2.627865507960681635e-01
-1.003792312358691430e-01
-1.003700952215150488e-01
2.627840397809805273e-01
-3.248261534766402336e-01
2.627966278450358240e-01
-9.946355046455609972e-02
-1.501319221785437086e-01
2.436194370571319323e-01
-3.941827579831658213e-01
1.505599676943546461e-01
1.505709490183451404e-01
-3.941857761778747027e-01
4.872317405297007520e-01
-3.941706455525894048e-01
1.501721485437428616e-01
1.927867432211234286e-02
-8.858419070525712369e-02
1.433343732455216180e-01
-5.475423674990725909e-02
-5.474095982965217211e-02
1.433307241108149055e-01
-1.771770062387635902e-01
1.433490177250940356e-01
-5.624705749224176432e-02
1.129157044983142288e-01
-5.531323077976398224e-03
8.952478552095827213e-03
-3.426095534844077542e-03
-3.409917586960347670e-03
8.948032075806036656e-03
-1.107315552252252124e-02
8.970322873122974286e-03
-5.583539772143652179e-03
-5.355998628854029275e-02
-1.574529093674253977e-03
2.550852982332001487e-03
-9.824026755978327273e-04
-9.624955724691397528e-04
2.545381555260644094e-03
-3.161990052728143406e-03
2.572810571855366039e-03
-3.249962708761990407e-03
2.262334993785337402e-03
-6.593907486306133797e-04
1.070916038436300032e-03
-4.190956730241238160e-04
-3.943038188377175025e-04
1.064102047405444517e-03
-1.334886548750613498e-03
1.098261521816858285e-03
-2.277891645910714875e-03
1.017049109375770671e-02
-3.323077678315815211e-04
5.427389107567283551e-04
-2.199971014917420815e-04
-1.886700414067645404e-04
5.341287315886980754e-04
-6.849659262330835569e-04
5.772927442245149969e-04
-1.317679452577256907e-03
-1.554694462955659093e-02
-1.840199299940917200e-04
3.042491234137253996e-04
-1.325303179654571662e-04
-9.224600510179412018e-05
2.931770614172692622e-04
-3.942089769868032030e-04
3.486828313415861816e-04
-3.614256873433399761e-04
1.161902762000717633e-02
-1.042345163273137546e-04
1.771905789321984886e-04
-8.911292456953865608e-05
-3.620165780953847655e-05
1.626480241702779128e-04
-2.428407528591179556e-04
2.355518517493343338e-04
4.063556466161306565e-04
-6.674363154951915879e-03
-5.380147892396469058e-05
9.855689233697701107e-05
-6.653164015388216403e-05
4.782191991614790905e-06
7.895642966196725408e-05
-1.539291797558642967e-04
1.772162454086811478e-04
8.178287160070477502e-04
1.691459323379989428e-03
-1.524760390837623988e-05
4.067953134490422725e-05
-5.573392016150329078e-05
4.350049948409881646e-05
1.340515160992804329e-05
-9.495893956399997435e-05
1.501353692482900099e-04
7.993897576128355985e-04
9.476205947819577730e-05
2.205343933753382845e-05
-1.249254447696400503e-05
-5.345809582055960536e-05
9.029856405099183532e-05
-5.200377198366336546e-05
-4.927897264319395728e-05
1.460714468962892392e-04
3.937156734854921412e-04
5.020990284163168171e-04
6.863271726368140818e-05
-7.565760983729467393e-05
-5.996885570355583675e-05
1.594254854817592443e-04
-1.359577012249355932e-04
-5.255456988172638183e-06
1.663349521363313905e-04
-2.615528440879327072e-04
-2.805942126708735156e-03
1.420083899348022747e-04
-1.718430420063154465e-04
-7.982257390447733587e-05
2.792881710179057693e-04
-2.705439046634749252e-04
5.073463028039476916e-05
2.242570977064238752e-04
-9.914050857250480443e-04
4.176077515675207658e-03
2.838355155073382825e-04
-3.545538065358906643e-04
-1.274696779729372399e-04
5.215657918760283843e-04
-5.329398940458405761e-04
1.460507043981265781e-04
3.613341024749972853e-04
-1.676922496515043017e-03
-2.388461196148745393e-03
6.246159442904730946e-04
-7.904027831005353173e-04
-2.511148206182454838e-04
1.114174736407326938e-03
-1.165649859278154211e-03
3.623253084323536433e-04
7.155153547842586217e-04
-2.439479684965248189e-03
-4.622268206769181327e-03
1.747359849367723051e-03
-2.222792294046134140e-03
-6.688058706828786237e-04
3.078400664442442272e-03
-3.252704438986073546e-03
1.060494580645764042e-03
1.910386824332974305e-03
-4.398154826401481574e-03
1.941794448992358729e-02
9.089624999888998996e-03
-1.158388154527850711e-02
-3.418047939001463836e-03
1.594385045587892735e-02
-1.690546019834340483e-02
5.601555398494246531e-03
9.772345656965223532e-03
-1.841071433683431208e-02
-4.731459884151366369e-02
-8.842399705826486933e-02
1.127305226471228550e-01
3.312826448851646788e-02
-1.549619417492284768e-01
1.644267357948103747e-01
-5.466260075777790162e-02
-9.473349234805734931e-02
1.757711338575899951e-01
4.503898846180898891e-03
1.187979149360832709e-01
-1.514464215292164739e-01
-4.452929343895465492e-02
2.082162690581808584e-01
-2.209130287084801192e-01
7.340963118005117138e-02
1.273326293140422116e-01
-2.347632870608902800e-01
7.500632438874094143e-02
-3.752506588385635944e-02
4.784120549110690290e-02
1.405590169840566922e-02
-6.575882852765058129e-02
6.977812282786713394e-02
-2.320163628482584811e-02
-4.019466155199212520e-02
7.583790601361506400e-02
-4.083294378267569857e-02
-3.209024954219643830e-03
4.093136729755787739e-03
1.196496226071819269e-03
-5.617178684118772497e-03
5.965861511772616727e-03
-1.991814402756367924e-03
-3.422365443457635326e-03
7.841198482190676888e-03
-1.760939328940838711e-02
-9.633092030257618676e-04
1.229916165378857479e-03
3.556796254440761085e-04
-1.682214349272948689e-03
1.790027206758873501e-03
-6.027808607344687514e-04
-1.017886495831666488e-03
3.138464327902299594e-03
2.325827123172644062e-02
-4.184187593192357883e-04
5.350356544395178798e-04
1.521347132508849530e-04
-7.279859484107557496e-04
7.769350400119280978e-04
-2.651017999130578923e-04
-4.357398569574009659e-04
1.546081337760176313e-03
-2.026190798239409924e-02
-2.202734653620386143e-04
2.822393592012335285e-04
7.843028720585408986e-05
-3.813458626163386588e-04
4.086079050010423810e-04
-1.418714661879072990e-04
-2.248949990878032707e-04
5.194624767863820171e-04
1.237141331977797791e-02
-1.307770481248050291e-04
1.679834903640202979e-04
4.535769695136335417e-05
-2.250273074578569836e-04
2.422982625120718709e-04
-8.590912895997824194e-05
-1.302519134420086744e-04
-2.479185590291610366e-04
-3.412069494399052726e-03
-8.435627537052179867e-05
1.086665572370770983e-04
2.835871119068096726e-05
-1.441242343029137995e-04
1.560731463033158788e-04
-5.666579953314349538e-05
-8.158260621533790333e-05
-7.428541447415979793e-04
-4.322654906115191986e-03
-5.782743304313862052e-05
7.472848618734265734e-05
1.875756080153509632e-05
-9.801897903148216865e-05
1.068242822129569075e-04
-3.979558696877641405e-05
-5.407635854829768920e-05
-9.279017906062472093e-04
8.928273687310132878e-03
-4.153341610150500121e-05
5.385449592586920097e-05
1.294507649959239910e-05
-6.979774448731930958e-05
7.659619309344925324e-05
-2.931621789729452248e-05
-3.741106328480357020e-05
-8.170297074330758105e-04
-9.911095801395295585e-03
-3.095058258187090826e-05
4.027489203798243563e-05
9.233888765914059109e-06
-5.154138918447314136e-05
5.697885438543636436e-05
-2.242089986309035889e-05
-2.676040675852370840e-05
-4.877487346205698670e-04
7.613542180000091274e-03
-2.376320662333302261e-05
3.103527727640543245e-05
6.762510992774558381e-06
-3.919861035397433861e-05
4.366759861374268874e-05
-1.766958123351689613e-05
-1.965996602673958854e-05
-6.223848917704373029e-05
-3.357362952749679084e-03
-1.870014548857877905e-05
2.451335826946246467e-05
5.059714621545360061e-06
-3.054746971240053689e-05
3.429992093911678707e-05
-1.426948628878535428e-05
-1.476146402223181362e-05
3.268810910829350884e-04
-1.318231373529581401e-03
-1.502312393400964262e-05
1.976649518329210987e-05
3.853019629259188004e-06
-2.429885367173947899e-05
2.750398067963825575e-05
-1.175849231788917043e-05
-1.128509852462360419e-05
5.727755613007549842e-04
4.888405639193693815e-03
-1.228285762706708955e-05
1.622072725631691246e-05
2.977498023334894807e-06
-1.966927975991894333e-05
2.244514837178343927e-05
-9.854128153689326608e-06
-8.758730950278182910e-06
6.212252000661902746e-04
-6.451487110677119920e-03
-1.019496576875602786e-05
1.351252741728564200e-05
2.329423363951139470e-06
-1.616359409534221062e-05
1.859529590074901983e-05
-8.376671209711471092e-06
-6.885321722782542170e-06
4.806851948327726465e-04
5.754926050644467404e-03
-8.573295150627029820e-06
1.140375974307877762e-05
1.841401319914161240e-06
-1.345824932396387822e-05
1.560883780964733201e-05
-7.207774934134088458e-06
-5.471797011236795814e-06
2.137540190120227235e-04
-3.322110871147682283e-03
-7.292398141729976996e-06
9.733812723516032349e-06
1.468399999061671506e-06
-1.133564837957335130e-05
1.325297954995108187e-05
-6.267150622968808895e-06
-4.389087868503585305e-06
-8.617228178220903093e-05
9.100137452574576236e-05
-6.265561317283542542e-06
8.391564066736198826e-06
1.179588334891462295e-06
-9.645719949233550784e-06
1.136687817582704603e-05
-5.498887531434895268e-06
-3.548780755093308703e-06
-3.251919286521407111e-04
2.812355309921093019e-03
-5.431487709775528749e-06
7.298382779921674945e-06
9.534024182147882165e-07
-8.282643114048207633e-06
9.836891233041406002e-06
-4.863142258776723126e-06
-2.889000854870704682e-06
-4.367662151213945465e-04
-4.526141111962350000e-03
-4.745975739545160721e-06
6.397505277574988547e-06
7.744727532899009503e-07
-7.170315948781813553e-06
8.581114400302292111e-06
-4.330932454679747856e-06
-2.365618519725720681e-06
-3.991569244498199831e-04
4.608578311427282727e-03
-4.176578537191943941e-06
5.647214161873248539e-06
6.316594125359287215e-07
-6.253037241717857020e-06
7.539459126161551783e-06
-3.880785090712435270e-06
-1.946625189964967806e-06
-2.380656268417997989e-04
-3.206334028700928707e-03
-3.699092984190029132e-06
5.016352067735256604e-06
5.167658172493434787e-07
-5.489386924223578490e-06
6.667131013883900725e-06
-3.496525430838346230e-06
-1.608450932955203527e-06
-1.480948588227035817e-05
8.877293867731554655e-04
-3.295201368292864294e-06
4.481306839196601971e-06
4.236789149782106342e-07
-4.848120227241199415e-06
5.930250180780733890e-06
-3.165786085920709210e-06
-1.333502119271029983e-06
1.953356990415215395e-04
1.511656636690813897e-03
-2.950856142126801179e-06
4.023945573054072637e-06
3.477834159144855240e-07
-4.305359155167215804e-06
5.302852408349577936e-06
-2.878981506715795700e-06
-1.108483485106487049e-06
3.273631127975425224e-04
-3.228930889807954396e-03
-2.655153919250575882e-06
3.630173585650293229e-06
2.855558710883505935e-07
-3.842637383422159566e-06
4.764799159064292888e-06
-2.628589706062270739e-06
-9.232349323226780348e-07
3.457929280291674413e-04
3.756664949233963838e-03
-2.399537770231857550e-06
3.288912888478297616e-06
2.342789547035863508e-07
-3.445517313392872409e-06
4.300297458694851650e-06
-2.408640846708305308e-06
-7.699125199392962450e-07
2.534371980226778108e-04
-3.029320943826936154e-03
-2.177223691277865511e-06
2.991367230612596874e-06
1.918374842767235806e-07
-3.102597440444923306e-06
3.896836013371680375e-06
-2.214347506478958464e-06
-6.424035556855980629e-07
8.771268368026470768e-05
1.366422787752824726e-03
-1.982782610866068440e-06
2.730486073513791693e-06
1.565708940167661624e-07
-2.804790154469598759e-06
3.544410173806637792e-06
-2.041833667633000349e-06
-5.359033115838048272e-07
-9.351862480391922271e-05
6.174012566777294791e-04
-1.811831911912404822e-06
2.500568691565199959e-06
1.271652405714401217e-07
-2.544789842515659227e-06
3.234950147730506674e-06
-1.887933456022176363e-06
-4.466051165489150611e-07
-2.315102870550724045e-04
-2.266637755206419268e-03
-1.660805118880101516e-06
2.296968353380113726e-06
1.025732839169837295e-07
-2.316676510533737386e-06
2.961894271198072345e-06
-1.750039906948420987e-06
-3.714708259954772765e-07
-2.851745534483690744e-04
3.061988462870729021e-03
-1.526778081312445828e-06
2.115868867553731881e-06
8.195472683747895195e-08
-2.115617315410183264e-06
2.719867103393644787e-06
-1.625990050284777440e-06
-3.080591413019134338e-07
-2.428982266847069392e-04
-2.809619206853155877e-03
-1.407336473468806179e-06
1.954114099020710868e-06
6.463110366576879114e-08
-1.937639537547769477e-06
2.504434138630913406e-06
-1.513976696578307073e-06
-2.543959279124329934e-07
-1.243542300735430307e-04
1.651532493082369032e-03
-1.300473839507647333e-06
1.809076651510845013e-06
5.005143501914111059e-08
-1.779456297845358193e-06
2.311913155516112650e-06
-1.412480047790695692e-06
-2.088754108234974760e-07
2.765840007784917121e-05
-2.712815572480844345e-05
-1.204512451273781828e-06
1.678555844267937514e-06
3.776584801257978924e-08
-1.638331610968515839e-06
2.139227844752519727e-06
-1.320214211649445218e-06
-1.701842655519669742e-07
1.621990058067036659e-04
-1.513072677742881636e-03
-1.118041370283973795e-06
1.560697776735860427e-06
2.740517172829265045e-08
-1.511975037056276088e-06
1.983793316684956862e-06
-1.236085026190168223e-06
-1.372428283400863405e-07
2.368848962347236734e-04
2.466249281640091242e-03
-1.039867597403196231e-06
1.453932221654079325e-06
1.866503022905625599e-08
-1.398458804901627072e-06
1.843425843724580616e-06
-1.159156517659198709e-06
-1.091592680923043543e-07
2.309372877465231842e-04
-2.560305386730880959e-03
-9.689772638148564515e-07
1.356922438024712140e-06
1.129336818183243585e-08
-1.296152165097642982e-06
1.716271201945834276e-06
-1.088624038923892717e-06
-8.519358216163956947e-08
1.506422343874803298e-04
1.806526931929911851e-03
-9.045045894530423514e-07
1.268524980871886792e-06
5.080590972657527933e-09
-1.203669015557196859e-06
1.600747367634449027e-06
-1.023792611408259537e-06
-6.472916102677619228e-08
2.589442397319015321e-05
-5.014470695781595572e-04
-8.457068920322916711e-07
1.187757308198865143e-06
-1.482555056909855284e-10
-1.119825855668259168e-06
1.495498434266691237e-06
-9.640593365556473582e-07
-4.725016589126576801e-08
-1.006195553664942274e-04
-9.041514400599083914e-04
-7.919443444943664564e-07
1.113771516859663737e-06
-4.539742010954759925e-09
-1.043607841885945233e-06
1.399357284641262545e-06
-9.088990285285385672e-07
-3.232345481714565122e-08
-1.877857207060563494e-04
1.940617684271345698e-03
-7.426634832202559785e-07
1.045832916398667682e-06
-8.217079126122354277e-09
-9.741412007675711703e-07
1.311315209583384682e-06
-8.578524096273688481e-07
-1.958404821623092873e-08
-2.092197283224183973e-04
-2.290597787303101304e-03
-6.973836993204416031e-07
9.833024572508957013e-07
-1.128416341915133500e-08
-9.106707098134429745e-07
1.230497032823441115e-06
-8.105163566335719071e-07
-8.723378599605636358e-09
-1.610695888203681815e-04
1.867968826080021461e-03
-6.556861135962894355e-07
9.256222451149535846e-07
-1.382887458050482271e-08
-8.525412075832228091e-07
1.156140634584476926e-06
-7.665357983959114954e-07
5.202343583048454900e-10
-6.221448381441767143e-05
-8.508652984689111728e-04
-6.172043712461203202e-07
8.723035384216801247e-07
-1.592574632803059331e-08
-7.991823403911621493e-07
1.087580031113727363e-06
-7.255969494519235591e-07
8.369360627279165410e-09
5.286141818433651857e-05
-4.036028541165824490e-04
-5.816169874814369756e-07
8.229167549819726979e-07
-1.763816085895153485e-08
-7.500959212959623645e-07
1.024231290093491342e-06
-6.874216435664992630e-07
1.501382972807219218e-08
1.459111446097845211e-04
1.469411742211081118e-03
-5.486409544730452836e-07
7.770831183390169983e-07
-1.902015062116291233e-08
-7.048454077479560098e-07
9.655808047293046315e-07
-6.517625462248988200e-07
2.061597241531654134e-08
1.874748854098912121e-04
-2.007284574587758254e-03
-5.180263802778695137e-07
7.344676387910364923e-07
-2.011787938321907276e-08
-6.630471009305000107e-07
9.111754364181379184e-07
-6.183991173250996676e-07
2.531493888818792115e-08
1.660687705986978180e-04
1.858872942565547443e-03
-4.895519710714987816e-07
6.947731975225860529e-07
-2.097087616038072200e-08
-6.243627635706605269e-07
8.606142385605020789e-07
-5.871341710540680520e-07
2.923028555833206976e-08
9.118725047900727923e-05
-1.103446388769002348e-03
-4.630212142556384969e-07
6.577355350811291482e-07
-2.161305257626557758e-08
-5.884933908017813894e-07
8.135414505387088616e-07
-5.577909469033927835e-07
3.246496201595372097e-08
-1.060576152056233196e-05
1.073293817746394374e-05
-4.382591368965772782e-07
6.231189962849909003e-07
-2.207355651449752036e-08
-5.551739517261217996e-07
7.696405629755386207e-07
-5.302106017693238591e-07
3.510779351967047851e-08
-1.049690472104220450e-04
1.043584624110614929e-03
-4.151095451096660505e-07
5.907128980688715119e-07
-2.237748252243408360e-08
-5.241689149544829867e-07
7.286292593582132434e-07
-5.042500522371565815e-07
3.723556782979603290e-08
-1.612534802961232763e-04
-1.715632645446378557e-03
-3.934326655627819538e-07
5.603284238423292003e-07
-2.254646978526317824e-08
-4.952684456135990690e-07
6.902551037652420287e-07
-4.797801206276377926e-07
3.891478359883504372e-08
-1.623565001180490538e-04
1.794781399009413685e-03
-3.731031217577604042e-07
5.317959543216506748e-07
-2.259920317867331312e-08
-4.682851498046809279e-07
6.542918361328667071e-07
-4.566839245528845872e-07
4.020312892450127748e-08
-1.098252478415605337e-04
-1.277731656668456206e-03
-3.540081940673765921e-07
5.049627708386342776e-07
-2.255183839844726004e-08
-4.430512870610059037e-07
6.205361948726082941e-07
-4.348554852141621669e-07
4.115072213907126225e-08
-2.271629947186163323e-05
3.531887057537894418e-04
-3.360463177229638249e-07
4.796910710106922523e-07
-2.241835880686609989e-08
-4.194163718268150624e-07
5.888051724279463493e-07
-4.141985146980437687e-07
4.180116995173772975e-08
6.920915892942095513e-05
6.577547298800829993e-04
-3.191257832456574238e-07
4.558562457538632847e-07
-2.221087962156944999e-08
-3.972451039605446905e-07
5.589336448952252306e-07
-3.946253558407972683e-07
4.219246501204256276e-08
1.355593142743058465e-04
-1.419942838362464078e-03
-3.031636086654477527e-07
4.333453881091118708e-07
-2.193990842501496131e-08
-3.764155816865337456e-07
5.307723105745049629e-07
-3.760560593272152248e-07
4.235774483230033013e-08
1.552750009174723900e-04
1.686833489847598677e-03
-2.880845577680357259e-07
4.120559878088939651e-07
-2.161456019988814608e-08
-3.568177485490934739e-07
5.041859068422485765e-07
-3.584175684877410743e-07
4.232594895803418102e-08
1.232422309784632678e-04
-1.386642695555541545e-03
-2.738202837409588197e-07
3.918947953849937068e-07
-2.124275131459954806e-08
-3.383520452888039457e-07
4.790516441165209487e-07
-3.416430059041495194e-07
4.212237154972600477e-08
5.149931547054041343e-05
6.334589450911550131e-04
-2.603085801041512409e-07
3.727768242133022193e-07
-2.083135622916868542e-08
-3.209282338773728187e-07
4.552578446992677080e-07
-3.256710447704312108e-07
4.176914248282597927e-08
-3.519887976070478104e-05
3.087086634869173028e-04
-2.474927233138499855e-07
3.546244766461110337e-07
-2.038634524099925890e-08
-3.044643690782540199e-07
4.327027473501109198e-07
-3.104453490281652156e-07
4.128563496727955667e-08
-1.078539850735976561e-04
-1.123891806930484363e-03
-2.353208954542114484e-07
3.373667730932269904e-07
-1.991290760885652822e-08
-2.888858987174294790e-07
4.112934565902656714e-07
-2.959140821112010711e-07
4.068882279370522603e-08
-1.428578948779273255e-04
1.543443525288359930e-03
-2.237456754768107903e-07
3.209386727522078875e-07
-1.941554669121492438e-08
-2.741248740813218010e-07
3.909450166234007540e-07
-2.820294697069430923e-07
3.999358443376732630e-08
-1.296085202946821446e-04
-1.439613964839414270e-03
-2.127235896719897879e-07
3.052804731298874863e-07
-1.889817335953836164e-08
-2.601192511490768577e-07
3.715795990101578017e-07
-2.687474082961605060e-07
3.921296094083759343e-08
-7.366858352645527797e-05
8.583479606296112036e-04
-2.022147137549501483e-07
2.903372777300627927e-07
-1.836418047750781879e-08
-2.468122812931961008e-07
3.531257762937056732e-07
-2.560271179594814095e-07
3.835839417973274657e-08
5.456103394307909582e-06
-5.414506550335124180e-06
-1.921823204742434399e-07
2.760585227357115201e-07
-1.781650744298035605e-08
-2.341519658721757935e-07
3.355178868069685905e-07
-2.438308317198600861e-07
3.743991640325905479e-08
8.106278214414786021e-05
-8.307469971515490936e-04
-1.825925661155802793e-07
2.623975580151594045e-07
-1.725769788185615994e-08
-2.220905772898351671e-07
3.186954607853342836e-07
-2.321235211405481280e-07
3.646632863729681873e-08
1.282073523354021471e-04
1.371275513294720888e-03
-1.734142106258815264e-07
2.493112698717658837e-07
-1.668995061143534187e-08
-2.105842308308680799e-07
3.026027208495596366e-07
-2.208726396389290580e-07
3.544534475912602955e-08
1.318839414513953145e-04
-1.443831830058427829e-03
-1.646183693559174349e-07
2.367597478460450877e-07
-1.611515927803621254e-08
-1.995925098929179908e-07
2.871881276706334668e-07
-2.100479060276145768e-07
3.438372681702477757e-08
9.176181772044137222e-05
1.032788044613172293e-03
-1.561782895515961139e-07
2.247059833049140122e-07
-1.553495361609211547e-08
-1.890781213659785409e-07
2.724039720415280530e-07
-1.996210939446559605e-07
3.328739015440347615e-08
2.199634668169510830e-05
-2.855958344377441949e-04
-1.480691506675589630e-07
2.131156016060527843e-07
-1.495072995467321489e-08
-1.790066010696794892e-07
2.582060256466804996e-07
-1.895658688831717295e-07
3.216152461387703117e-08
-5.372521174715151528e-05
-5.435054933074015548e-04
-1.402678853815159500e-07
2.019566183086358340e-07
-1.436367813443850715e-08
-1.693460381224230933e-07
2.445532069461468522e-07
-1.798575857181437007e-07
3.101064956589189535e-08
-1.101830890461934047e-04
1.175837895468273206e-03
-1.327530182968378889e-07
1.911992237939208104e-07
-1.377481225140814907e-08
-1.600668339980782211e-07
2.314072909614061074e-07
-1.704731866284266942e-07
2.983872070926724390e-08
-1.289828924888464777e-04
-1.404990654061264409e-03
-1.255045204631434182e-07
1.808155842997808641e-07
-1.318498369484017146e-08
-1.511414917494818279e-07
2.187326515518606877e-07
-1.613910302349022693e-07
2.864917657433377080e-08
-1.045160764652675761e-04
1.160461755649043990e-03
-1.185036780281195981e-07
1.707796648186345233e-07
-1.259490821146457950e-08
-1.425444089701102823e-07
2.064960228568693543e-07
-1.525907818753597864e-07
2.744500800058757069e-08
-4.560213361914965471e-05
-5.322234932737313941e-04
-1.117329735461831432e-07
1.610670699548084743e-07
-1.200517876686550515e-08
-1.342517089430156268e-07
1.946662815051187719e-07
-1.440533035421126670e-07
2.622881021616531132e-08
2.765755663239029619e-05
-2.649867562576587506e-04
-1.051759783558022920e-07
1.516548937955845095e-07
-1.141627896891376582e-08
-1.262410830469465979e-07
1.832142588334889416e-07
-1.357605459944530605e-07
2.500281956698176006e-08
9.070262147587224285e-05
9.618618016693971512e-04
-9.881725445825152027e-08
1.425215912393969046e-07
-1.082860120172582548e-08
-1.184916373611399681e-07
1.721125593843911110e-07
-1.276954592251415728e-07
2.376896635807382308e-08
1.227092528695469234e-04
-1.327773033797460464e-03
-9.264226523831957383e-08
1.336468520769817404e-07
-1.024245095377176226e-08
-1.109837699834689568e-07
1.613354006009429069e-07
-1.198419003194551441e-07
2.252889953351143795e-08
1.134360241645069461e-04
1.244196895365030746e-03
-8.663729456157703845e-08
1.250114962343196537e-07
-9.658062625014394650e-09
-1.036990527778988702e-07
1.508584716808716863e-07
-1.121845641169480143e-07
2.128402593428758982e-08
6.647952890387462052e-05
-7.452728640710204119e-04
-8.078937163789184916e-08
1.165973641872875000e-07
-9.075605628019838000e-09
-9.662010741452124046e-08
1.406587938140250321e-07
-1.047089067114474747e-07
2.003553712195439707e-08
-2.088604142165464278e-06
2.102506437913660708e-06
-7.508620311538066749e-08
1.083872310844030684e-07
-8.495192963583336754e-09
-8.973053255523048832e-08
1.307146003043727078e-07
-9.740106783791280254e-08
1.878442781357014812e-08
-6.919689855295566711e-05
7.335507699921355040e-04
-6.951611018768399930e-08
1.003647166070154029e-07
-7.916886091141606130e-09
-8.301478443897836179e-08
1.210052215927515107e-07
-9.024782850197698991e-08
1.753153081041070038e-08
-1.125051529699029607e-04
-1.216165142293196277e-03
-6.406797017910470515e-08
9.251420737821369755e-08
-7.340705029945659987e-09
-7.645811322953832700e-08
1.115109881655307333e-07
-8.323653791220131382e-08
1.627751211596972780e-08
-1.178116910093562897e-04
1.286224393517155368e-03
-5.873116371013509251e-08
8.482078192595388089e-08
-6.766630727961242542e-09
-7.004647839536914944e-08
1.022131193850750464e-07
-7.635506849013040664e-08
1.502293772714935471e-08
-8.369067444000816147e-05
-9.244211974325650116e-04
-5.349552405307239633e-08
7.727014454846081737e-08
-6.194608673671525567e-09
-6.376647412008329407e-08
9.309365715977346856e-08
-6.959175246137871973e-08
1.376821750879997364e-08
-2.185170801373512856e-05
2.551197952968854710e-04
-4.835129113907842002e-08
6.984855974688508606e-08
-5.624558166114103364e-09
-5.760527298963660781e-08
8.413535226240581588e-08
-6.293536032597746299e-08
1.251368960796667151e-08
4.685953538932511112e-05
4.947518559804062188e-04
-4.328906847323203341e-08
6.254279320274617332e-08
-5.056370302872811168e-09
-5.155054764077781140e-08
7.532162458112265369e-08
-5.637502471257920672e-08
1.125958679624224773e-08
9.946002381794718031e-05
-1.073669729582865662e-03
-3.829978184567098959e-08
5.534005697758418579e-08
-4.489915169774696610e-09
-4.559043531200137299e-08
6.663645165652307134e-08
-4.990022986408205324e-08
1.000607181633013029e-08
1.184869304865141231e-04
1.288349700349404603e-03
-3.337464120121795812e-08
4.822795500106355146e-08
-3.925045915565729404e-09
-3.971346258968457953e-08
5.806432927361621782e-08
-4.350074718351810109e-08
8.753231082802648624e-09
9.777236078132797454e-05
-1.069119555092729046e-03
-2.850510455996470294e-08
4.119443300769375961e-08
-3.361594075902685479e-09
-3.390850571808874496e-08
4.959019023797529326e-08
-3.716661169220246766e-08
7.501105656306981083e-09
4.443280828991741707e-05
4.914468401289034949e-04
-2.368284294064840201e-08
3.422773296829994226e-08
-2.799383397293376272e-09
-2.816473944970259704e-08
4.119934918289452300e-08
-3.088808104676919655e-08
6.249675869076905602e-09
-2.356540787469291881e-05
2.490779377438143496e-04
-1.889970763777667345e-08
2.731634422385866663e-08
-2.238223278422282313e-09
-2.247158916594599234e-08
3.287744451417108117e-08
-2.465560630552992519e-08
4.998886714243950136e-09
-8.343562038794411807e-05
-9.034536426533908149e-04
-1.414769818192194301e-08
2.044896338155753005e-08
-1.677913487097465505e-09
-1.681868610084839030e-08
2.461037396115706762e-08
-1.845978974799494018e-08
3.748647837001144959e-09
-1.151793237737881379e-04
1.252067121826653737e-03
-9.418931160411550541e-09
1.361444626201636292e-08
-1.118248573963074406e-09
-1.119582924201849370e-08
1.638424892038260836e-08
-1.229135942251567042e-08
2.498847646876655327e-09
-1.082425170994428393e-04
-1.178634624483733406e-03
-4.705610997618415656e-09
6.801772242551011594e-09
-5.590154221134959584e-10
-5.592934775707678979e-09
8.185334784207386042e-09
-6.141133996052149731e-09
1.249346274322788147e-09
-6.501238506480516276e-05
7.084524815110723739e-04
0.000000000000000000e+00
0.000000000000000000e+00
0.000000000000000000e+00
0.000000000000000000e+00
0.000000000000000000e+00
0.000000000000000000e+00
0.000000000000000000e+00
0.000000000000000000e+00
0.000000000000000000e+00
