0.0398224453086167 0.0
-0.03984293596087109 -1.3118846287074604E-17
0.041279739986482156 2.927345865710862E-17
-0.042759141305966405 6.938893903907228E-18
0.04655942571176106 1.0408340855860843E-17
-0.05040748461631545 -4.336808689942018E-17
0.06051382842157224 -4.683753385137379E-17
-0.07067780431635891 7.37257477290143E-17
0.1234178831540582 -1.734723475976807E-18
-0.1762325256858091 0.1250000000000001
0.016938088668954944 -0.2500000000000001
0.14225290397811016 0.12499999999999994
-0.08916391711907892 6.591949208711867E-17
0.03592025683592546 2.3418766925686896E-17
-0.025060699847859105 -2.7321894746634712E-17
0.013948461142737898 1.951563910473908E-17
-0.008853150444492898 -1.8865117801247777E-17
0.003293914388068746 1.6859343782149594E-17
2.8274385168305694E-4 4.662069341687669E-18
-0.004873895875362709 -1.7997756063259374E-17
0.008579596660552457 -9.974659986866641E-18
-0.015320293889362655 3.382710778154774E-17
0.021596142516581433 -2.6020852139652106E-17
-0.04909569504084077 -2.949029909160572E-17
0.07632642681824106 -0.06250000000000003
0.0025434536878540664 0.1250000000000001
-0.08157778186461137 -0.06250000000000004
0.05450643873518139 -1.734723475976807E-17
-0.027537710738558423 -4.423544863740858E-17
0.021787528519278232 -2.168404344971009E-17
-0.016099301290923494 1.1579279202145187E-16
0.013440709337420913 -2.862293735361732E-17
-0.010813773794646007 -6.808789643208968E-17
0.00919565370617927 1.734723475976807E-18
-0.007582539410269385 2.5370330836160804E-17
0.0064272244386805455 7.589415207398531E-18
-0.0052480544891313164 -1.5612511283791264E-17
0.004314837635308039 6.288372600415926E-18
-0.003318736206132648 1.6940658945086007E-17
0.0024697872848198784 -2.568881522432842E-17
-0.0014930440141539918 -6.071532165918825E-18
6.111929120955785E-4 -1.5341460740669888E-17
5.297852451977295E-4 5.627009275199768E-17
-0.0016060920673714593 -2.959871930885427E-17
0.0032753741011269655 -2.211772431870429E-17
-0.004898665542090386 4.683753385137379E-17
0.00832995728083527 -1.3010426069826053E-18
-0.01172741986984923 -1.3877787807814457E-17
0.027848251306249263 -7.806255641895632E-18
-0.04394350604885822 0.03750000000000002
-0.003630751456266906 -0.0750000000000001
0.05122479239180909 0.03750000000000008
-0.035163198886654486 -8.673617379884035E-18
0.01911720515210662 3.209238430557093E-17
-0.01580898726944559 -2.8406096919120216E-17
0.012513274610488605 -1.0733601507606494E-17
-0.011041072150170084 6.624475273886432E-17
0.00957903843443797 -3.507394027990607E-17
-0.008727262219045838 -4.152494320619482E-17
0.007883858932096262 3.745918505937418E-17
-0.007319469208719995 -5.854691731421724E-18
0.006762050476262469 -2.3906657903305373E-17
-0.00635600523891541 3.8272336688738307E-17
0.005955821402589997 -1.1779687197465555E-17
-0.005647281165897154 -1.73472347597681E-17
0.005343713345318958 -3.3999902502787616E-18
-0.005100051146551326 -1.820782023417844E-17
0.004860641321229069 2.6481638062958446E-17
-0.004662678720724296 5.0442506074888094E-17
0.004468379555431127 -2.336455681706262E-17
-0.004304039659689712 -3.480288973678469E-17
0.00414287722819853 3.2742905609062234E-17
-0.004004136446523912 7.589415207398531E-18
0.0038681689122972976 -3.0140820395097023E-17
-0.003749463377779612 7.589415207398531E-18
0.003633192434306401 1.734723475976807E-18
-0.003530526898594257 2.688821387764051E-17
0.003430010354460132 -1.214306433183765E-17
-0.0033404318039457707 -9.020562075079397E-17
0.0032527599474180043 2.0816681711721685E-17
-0.0031740321524660383 1.3877787807814457E-17
0.0030970043720354124 1.8648277366750676E-17
-0.0030273987588844767 6.5052130349130266E-18
0.002959315993359316 1.214306433183765E-17
-0.002897472751573795 -3.209238430557093E-17
0.002836999812234008 4.2392304944183223E-17
-0.002781832974926055 2.2768245622195593E-18
0.002727904569513951 -5.139118297581291E-17
-0.0026785355058537423 -2.4936649967166602E-18
0.0026302904708190174 1.6927106417929938E-17
-0.0025860002525432972 -1.100465205072787E-17
0.0025427345041532613 2.200930410145574E-17
-0.0025029291215739728 2.2768245622195593E-18
0.0024640613375231444 -2.688821387764051E-17
-0.0024282458574279957 2.4936649967166602E-17
0.0023932920082956064 -1.3877787807814457E-17
-0.002361051078308528 -2.3418766925686896E-17
0.002329605233735497 1.0408340855860843E-17
-0.0023005881721078723 1.7780915628762273E-17
0.002272307836090388 -1.9081958235744878E-17
-0.0022462170888514644 9.540979117872439E-18
0.002220811857897449 -1.214306433183765E-17
-0.0021973939660617434 -7.112366251504909E-17
0.002174616662034057 1.700029006457271E-16
-0.002153655125900926 -9.71445146547012E-17
0.0021332947976829917 -1.0408340855860843E-17
-0.0021146043936647037 -1.734723475976807E-18
0.002096480748655721 5.4643789493269423E-17
-0.002079902972042205 -2.47198095326695E-17
0.0020638619152795277 -1.691355389077387E-17
-0.0020492613062330803 -1.235990476633475E-17
0.0020351713479407813 -7.182839392716467E-18
-0.00202243251854459 9.75781955236954E-18
0.0020101818707283434 -1.3010426069826053E-18
-0.001999207095166942 2.688821387764051E-17
0.0019887013216029793 -1.5612511283791264E-17
-0.0019794085843671872 1.734723475976807E-17
0.001970568700722597 1.7520707107365752E-16
-0.0019628901223868456 -4.2327252813834093E-16
0.0019556510675390534 2.255140518769849E-16
-0.0019495316464546914 -3.2959746043559335E-17
0.001943841064619326 3.0357660829594124E-17
-0.001939237687441098 1.734723475976807E-18
0.0019350549750943246 -5.5077470362263625E-17
-0.0019319356605433224 3.382710778154774E-17
0.001929231243458349 1.5829351718288365E-17
-0.0019275745930267048 -3.447762908503904E-17
0.0019263294079308946 3.241764495731658E-17
-0.0019261242449426542 0.0
1.0828469197698976E-16 0.0
-5.888731922775439E-17 -2.2770399196071E-17
-1.2249451072809845E-17 1.1191605657139135E-16
9.274660925432465E-17 -1.2256401698348083E-16
-1.7673273589860952E-16 1.3309695057735854E-16
2.810236638003399E-17 -1.6245628102466495E-16
1.0864312869489505E-16 1.0328682535857337E-16
-3.764084083258654E-17 -2.065519179829126E-16
5.210086474593224E-17 1.5911521782475E-16
2.706168622523819E-16 0.2500000000000002
-5.759281940243E-16 -0.5000000000000002
1.5959455978986625E-16 0.24999999999999994
5.6796629959513E-17 -2.936970901165381E-17
1.0957808101587096E-16 6.636692654149737E-18
-1.1036588432136839E-16 -4.9628632876296825E-17
9.226928709331186E-17 8.562017740934032E-17
-3.19405303512031E-17 2.038080729873314E-17
-3.277307863259371E-17 -1.5223492258752888E-17
-4.589623595156468E-17 -1.9089416760951895E-17
1.913841995503139E-17 -3.4551998911239397E-17
7.975033756934949E-17 3.064745518277414E-17
6.3100655636242566E-18 2.511425602088839E-17
-1.0147265138289594E-16 -7.978026209409033E-18
2.012933067749138E-17 -3.3951641968011633E-17
-2.42861286636753E-17 0.1250000000000001
1.6653345369377348E-16 -0.2500000000000002
-2.185751579730777E-16 0.12500000000000025
1.1704340705045724E-16 -5.863315334004282E-17
7.605170473008889E-17 3.0761940071423394E-18
-2.4113424989779766E-16 4.781257220871834E-17
6.162238647379817E-18 -1.0726505046358771E-16
1.673161423248699E-16 6.603788742801851E-17
9.654210212861925E-18 -2.405698650257799E-16
2.791298171956726E-17 2.913252075583209E-16
-4.7943041404254875E-17 -8.931552646697667E-18
-9.34634378701853E-18 -6.124472587807768E-17
-8.885198887105168E-18 7.525025174688381E-17
-5.4772481741701394E-17 -6.19383755292828E-17
2.5060710596960028E-17 2.86926796646632E-17
-4.101256456257454E-17 -6.036027806174852E-17
1.2182017355630913E-16 1.5966618072029872E-17
-1.4410841441018949E-16 7.502468970096726E-18
1.1637039762801525E-16 -7.511026023296202E-18
-8.845957616796504E-17 2.114533044396398E-17
1.7661260446460207E-16 -6.383334177985056E-17
-4.377395330218858E-17 1.7260548858936865E-16
-2.1707185042267124E-16 -9.184879894307622E-17
1.70486663864713E-16 -6.47362315255773E-17
-1.1750282268494092E-17 9.01843135943205E-17
-1.4051260155412137E-16 0.07500000000000004
2.3245294578089215E-16 -0.1500000000000002
-1.6653345369377348E-16 0.07500000000000012
6.37951366164348E-17 -7.867374318796632E-17
9.533703112022431E-17 1.5365280698846401E-16
-2.2141694750042903E-16 -1.1066814902749479E-16
1.6562806854885972E-16 4.4773413464749937E-17
-1.5362164532711174E-16 -8.621346805645552E-17
2.6016256316377227E-16 7.135888618333399E-17
-7.722639096879724E-17 3.6426955185296784E-17
-1.622502987484615E-16 3.6135651747610477E-17
1.2680378481615014E-16 -9.418777273368364E-17
-1.467410589638384E-16 5.020404082772061E-17
1.0724079472152942E-16 -9.360333787445514E-17
9.102256220689007E-18 7.31229605757256E-17
9.527426590716371E-17 -3.7730235602495616E-17
-7.44963601453522E-17 1.5540267685170462E-16
-1.7369361243060258E-16 1.529543100601715E-17
1.997105470354923E-16 -4.159520417583603E-16
-9.817557064372937E-17 5.006650534118868E-16
4.3183114719043577E-17 -3.6193038420847785E-16
8.023759805099411E-17 2.686781914850159E-16
-1.474256368323328E-16 -1.800012116699455E-16
6.962788385018793E-17 2.7988463281814146E-17
4.862879377719323E-17 1.2218056806754203E-16
-1.0188788294777752E-16 -3.95800854923084E-17
1.285432195212815E-16 -3.531848248625987E-17
-1.1948908469931042E-16 -1.2620515191225328E-16
1.8735013540549517E-16 2.636779683484747E-16
-3.469446951953614E-18 -1.942890293094024E-16
-2.2724877535296173E-16 1.3183898417423734E-16
1.5840020333660226E-16 -1.0373796435166726E-16
-5.019334717851312E-17 4.534149390946504E-18
-2.9086622287791794E-17 -3.2670159568489373E-17
2.0077327353079272E-16 -4.370886136487318E-17
2.19086614925051E-17 1.8155741410128975E-16
-2.0778409959262799E-16 7.344404463461569E-17
4.867289155705571E-17 -2.742844634552643E-16
-7.719875994053593E-17 3.2251486643982754E-16
9.885590560013524E-17 -4.3854401756444174E-16
1.7732374281812037E-16 3.5713226098398223E-16
-1.5228650422257427E-16 2.0996419556084056E-17
-2.3717326250386125E-16 1.0579529984286608E-17
2.1659577970933008E-16 -3.6960519883764903E-16
-3.4499953849491213E-18 4.068122870031799E-16
-8.976043482812539E-17 -2.854210863285017E-16
9.584982541064141E-17 1.4625121409153325E-16
4.645325221326308E-17 -8.878156087780948E-17
-6.761219977992971E-17 1.0427457319411011E-16
-1.514822334907275E-17 -7.279211263005237E-17
2.508352064429748E-17 4.7281256061746015E-17
-4.3668725670726055E-18 -8.519916922447122E-17
6.427434623944715E-17 1.1093626518815635E-16
-1.9081958235744878E-16 1.214306433183765E-16
2.220446049250313E-16 -4.371503159461554E-16
-4.85722573273506E-17 3.226585665316861E-16
-1.7457362674837967E-16 -3.720814803879793E-17
1.9841840364387801E-16 -8.640569130674615E-17
6.2453136904641675E-18 6.328505209573581E-17
1.999511139687855E-17 -9.018990360673651E-17
-1.7593128851765553E-17 1.9389966226803229E-16
-4.0656462440044716E-17 -6.458895827569921E-17
-4.8249254762261316E-17 -5.5467827170508597E-17
2.5261109750973684E-17 1.6646433064420002E-16
-5.5334159594677283E-17 -3.4022273962482055E-16
1.6435201446788355E-16 2.8316574668303617E-16
-1.0846734363772978E-16 -6.827104284987161E-17
-6.290280656932488E-17 -4.120346272438288E-18
6.245004513516506E-17 3.452099717193846E-16
-2.0816681711721685E-17 -8.534839501805891E-16
6.591949208711867E-17 4.527628272299467E-16
-7.989072108232396E-18 -6.764432562091424E-17
-2.7322879651445992E-17 1.3401265941282213E-16
-4.7465756466910326E-17 -1.4428769667591924E-16
-1.3347181362100476E-17 6.847786728916516E-17
6.592338750450204E-17 -8.06467841995507E-17
8.470107629326401E-17 2.875900950553058E-17
-6.097807292328512E-17 7.923620564908456E-17
1.2954813520712523E-17 -5.3373729146219884E-17
-6.171820866873734E-17 0.0
8.55435514091063E-17 0.0
-3.6301750692619997E-17 -3.79504817160926E-17
-2.5936038946572126E-17 2.8482635356314656E-17
2.6733670942047244E-17 -1.0231301300755305E-17
3.3165164546028927E-18 -1.5796878091845594E-16
-3.0685863565807275E-17 3.350555155016066E-16
5.063288179098822E-17 -1.882837859944891E-16
-1.6373681598522376E-17 -1.2437999027539357E-16
-2.1592769310983985E-16 6.556728276506573E-16
5.48172618408671E-16 0.24999999999999914
-8.049116928532385E-16 -0.4999999999999998
6.453171330633722E-16 0.2500000000000001
-1.9594058878998623E-16 -9.377556467482689E-17
7.27055129277098E-17 -6.99916742873368E-17
2.42242311636489E-17 2.6706321672007645E-16
-1.640466157869792E-16 -3.0012737151102627E-16
6.451272555529195E-17 1.650556081325746E-16
1.4123589321404448E-16 -5.597340258275191E-17
-1.211622253704618E-16 5.1735032113082644E-18
-7.380608883465821E-18 2.102037186298094E-17
4.1103315264633115E-17 4.175148245322966E-17
8.601637435142872E-17 -7.328610101072941E-17
-1.8337678838904325E-16 2.8732796862695066E-17
1.0437086471821045E-16 -7.791594423453016E-18
1.491862189340054E-16 -0.125
-2.914335439641036E-16 0.25000000000000017
7.632783294297951E-17 -0.1250000000000002
-2.3847647952488027E-17 1.258447137320688E-16
4.7910067925344986E-17 -2.4931481587556404E-16
9.033791051082397E-17 5.40675708368156E-16
-6.481145426558023E-17 -7.286711456143436E-16
-3.8294237294825725E-17 4.97764729334648E-16
6.775173899953689E-17 -1.7504546224578627E-18
1.228152395716267E-16 -5.809282899204977E-16
-7.56238210758269E-17 9.434933484588212E-16
-9.285301254829802E-17 -5.693465007027488E-16
-2.6142053289345243E-16 3.5973979060295E-16
1.4594451471068254E-16 -5.376060095094746E-16
2.1735533972758887E-16 2.1758258237800045E-16
-1.6900948915313337E-16 8.060084195880539E-17
7.318045866090968E-17 -6.56223186967015E-17
-8.115926533653428E-17 3.1404838919457904E-17
1.5595704762759518E-16 -1.0137627033725145E-16
-1.0066471693885024E-16 5.105076888546733E-17
3.218321435752202E-17 1.8675614808989895E-16
1.8702109994753437E-17 -2.487126598541684E-16
-8.066648333293952E-17 -9.145123161374363E-17
-6.005385643972522E-17 2.772832692093325E-16
6.479063025722503E-17 -2.611800893973443E-16
-8.153200337090993E-17 0.07500000000000026
2.42861286636753E-16 -0.15000000000000038
-8.326672684688674E-17 0.07500000000000033
6.41274622089534E-17 -1.9357299140066707E-16
-8.631450012799492E-19 3.270824157989698E-16
-2.9829926871083766E-16 -4.861081475279482E-16
3.887456373342424E-16 3.235425078994024E-16
-2.8517759535137947E-16 1.476389428936555E-16
-1.222722693114229E-16 -7.131864597528668E-16
4.047343220560197E-16 6.046375789968503E-16
-1.385953335020675E-16 -9.822249215747506E-17
7.341469438338338E-18 -8.795215019370283E-17
-2.1157880708261453E-17 1.418523211082292E-16
5.798195313915395E-17 -1.399324501485872E-16
-5.539462532482484E-17 -7.536649045764023E-17
5.3234326669038175E-17 3.2851325826310834E-16
6.309365394349243E-17 -2.226879298611851E-16
-6.6454729954991E-17 -1.6684062146806674E-16
-2.5480102484276605E-16 3.8426366608583685E-16
1.1393775883646778E-16 -4.298795242442232E-16
2.1407855591280524E-16 1.3546932764492128E-16
-3.758185118160578E-17 1.8546707481371845E-16
-6.940349519780077E-17 -7.683523831082122E-17
8.64514094792767E-17 -4.630756260110935E-17
1.7139693846802526E-17 8.725976394846114E-17
-1.5591532651979016E-16 -1.2336547926712918E-16
3.119871947491223E-17 7.309756206628828E-17
8.795358488366772E-17 3.982971879290762E-18
-6.591949208711867E-17 -1.8735013540549517E-16
6.938893903907228E-18 2.0816681711721685E-16
5.551115123125783E-17 6.938893903907228E-18
7.99844796146624E-18 -6.92478623837581E-17
-1.302036763257729E-16 -3.6697394923260275E-17
1.960844364090505E-16 2.1746744688084948E-16
-1.6380164369809226E-16 -6.750703025182202E-16
5.348142482414064E-17 1.0334769183423113E-15
1.0744370075064237E-16 -6.847704159390577E-16
-2.941770069218119E-16 3.049048136384953E-16
3.2626503081034053E-16 -4.1938965957727657E-16
-2.0375124781486356E-18 6.518451003602336E-16
-1.5338606487990478E-16 -8.255576923150897E-16
-1.6415117814209427E-16 6.123049909404834E-16
2.2049151735766389E-16 3.931897056145218E-18
1.1730584777332994E-16 -2.967000908237928E-16
-8.760260892829013E-17 3.0618743427080486E-16
-1.250843841869924E-16 -2.2819945318603017E-16
-8.296868081386497E-18 5.89592225114106E-17
6.560512821618014E-17 7.197529310655653E-17
-2.1624369477835337E-17 -1.0502390322774072E-16
2.6815746026102157E-17 7.720824993442204E-18
-5.145599754962084E-17 3.746274951529745E-17
1.325106369077947E-16 6.3261175815401E-17
-1.6863375384607173E-16 -1.2036411205769252E-16
3.122502256758253E-16 -1.1796119636642288E-16
-5.620504062164855E-16 5.551115123125783E-16
1.700029006457271E-16 -5.863365348801608E-16
3.495973996043579E-16 2.9985395738757195E-16
-2.594411570005107E-16 7.799969406510342E-17
2.0446957744197837E-16 -4.462940594357483E-16
-3.1081742420771446E-16 9.487421827935786E-16
4.649095610868414E-17 -1.2672142934064603E-15
1.879044066710427E-16 7.433709940417234E-16
1.016760439301125E-16 -2.365062083255565E-16
-2.799828096730761E-16 3.1535447172271816E-16
-6.210700082685564E-17 -3.7548746147603027E-16
1.9584316307112853E-16 2.9250732638420347E-16
4.9837544517880735E-17 -1.6992772960338356E-16
-1.0471945852625897E-16 2.3070691588462673E-17
-4.85722573273506E-17 4.701100619897147E-16
1.457167719820518E-16 -7.875644580934704E-16
-1.3183898417423734E-16 3.426078865054194E-16
7.2373564870689E-17 1.2257796805975838E-16
5.977639072083688E-18 -2.6724386674600138E-17
2.4608757548904414E-17 -1.2819626658569364E-16
-1.6531391197210042E-16 2.577729501597046E-16
1.786655994465239E-16 -2.6817111382290103E-16
1.8889779365853848E-17 5.781105304669399E-17
-2.466177097468909E-16 2.616131064683533E-16
1.0686729574949579E-16 -3.6469807089443637E-16
1.0245710529988017E-16 0.0
-1.6208822478658291E-16 0.0
1.520661760487941E-16 -1.1783972888188027E-16
-8.537178486591377E-17 1.5216547232368438E-16
1.314596288066064E-17 -1.2977308431849034E-16
7.306937469494136E-17 2.5607363132320356E-16
-1.895877892343671E-16 -2.2149855270716867E-16
1.5977030845340945E-16 -3.3278522766434546E-16
3.2668545135361512E-16 7.345220890930586E-16
-8.616141722355031E-16 -7.986886240457492E-16
9.8879238130678E-16 0.25000000000000083
-9.020562075079397E-16 -0.5000000000000004
6.38378239159465E-16 0.24999999999999997
-3.986169297427291E-16 2.1917731276752942E-16
2.9962545170192695E-16 -2.9646470896294766E-16
-3.3720820554004465E-16 2.8956986650264746E-16
2.0467348732197452E-16 -1.591058700897314E-16
1.933761807679378E-16 -2.7521456286665292E-17
-2.0327285209367587E-16 1.6651924786681606E-16
-2.096996622947308E-17 -2.4630058653576977E-16
1.9045790691281368E-16 2.3350075872150394E-16
-2.565552124707061E-16 -1.180390294277728E-16
2.773041989707189E-16 -5.0256672826615024E-17
-2.1397217614106473E-16 1.7093549191229616E-16
2.153629100102188E-17 -1.3121830666892863E-16
-1.3877787807814457E-16 0.12500000000000008
4.2327252813834093E-16 -0.25000000000000006
-3.712308238590367E-16 0.1249999999999999
1.6360070497790564E-16 9.435639811998848E-17
1.0332410330119013E-16 8.989023748438979E-18
7.067391453344377E-17 1.3450227892321672E-16
-4.188953748388485E-16 6.969881541373622E-17
2.653038206470621E-16 -7.789480862650695E-16
2.6186732709420703E-16 9.5350860114199E-16
-5.733086681510888E-16 -6.354972006903819E-16
-1.464802872677376E-16 4.737328823825224E-16
7.042700128100659E-16 -3.207650113525599E-16
-2.5144644007450725E-16 -4.0010348276374583E-16
-8.667912916743351E-17 9.63886112936948E-16
1.4707036667057099E-16 -4.3848402248974643E-16
-1.660701878194146E-16 3.57017309701018E-17
4.937943783991977E-17 -2.4309923564021553E-16
9.217127610679865E-17 2.9742409798979226E-16
-1.949814309989824E-16 -9.87732837085157E-17
2.401626582158217E-16 -2.418933145326623E-16
-9.272453247230374E-17 2.0769340730064983E-16
-6.370352442429933E-17 1.772081445521733E-16
2.5413415568704435E-16 -3.5477740638739254E-16
-2.20185605273115E-16 7.553443565418359E-16
-5.069102390900215E-16 -6.960776851478614E-16
3.174543961037557E-16 0.07499999999999968
6.175615574477433E-16 -0.14999999999999958
-4.9439619065339E-16 0.0749999999999999
2.7691325745444043E-17 1.440894633865991E-16
3.100744553346973E-16 -2.5949596355500094E-17
-2.320123641419301E-16 -1.2687257051627062E-16
-4.342458735735387E-17 2.094805631705092E-16
-5.386303555289409E-17 -7.938679169605501E-16
2.28763062307686E-16 1.1355004647681082E-15
-2.230136033484841E-16 -2.6822803189167285E-16
1.491584874513543E-16 -2.5118383936131314E-16
-5.4963737649279824E-17 1.1853545204214866E-16
-2.839001346207976E-17 -2.4018040930593574E-17
1.2424024356032796E-16 -1.5269459850661246E-16
-6.254124406105831E-17 3.0116149777791636E-16
-3.479204771505983E-16 -1.7195446455620127E-16
4.1418924425027933E-16 -7.211355661454683E-17
-1.9969001506301033E-17 -1.0261040140753792E-17
-1.88717018781616E-16 5.561976662212805E-16
1.515856666665243E-16 -9.739388459336816E-16
2.6716287059181083E-17 3.522994133243014E-16
-1.4645050690947445E-16 3.3016437715977013E-16
3.0290451693121144E-16 -2.7253453398567366E-16
-3.519138952273679E-16 5.651187543314511E-16
-2.118740849133352E-16 -6.553309885621009E-16
3.182971131717532E-16 -1.9026113828921067E-16
1.9241257424467982E-16 3.028263787562192E-16
-1.9737488548028973E-16 1.411790854403645E-17
1.9081958235744878E-17 -6.245004513516506E-17
6.938893903907228E-18 1.3877787807814457E-16
8.153200337090993E-17 -1.1796119636642288E-16
-1.949455180741164E-16 7.723347232121416E-17
2.066465705866971E-16 -1.8002585029847928E-16
1.0418844946484771E-16 2.87497318836798E-16
-4.3272809563880436E-16 -8.191871810903664E-17
-8.665666643163475E-17 -1.2115856160904168E-16
5.455718436153458E-16 -2.316245431386958E-17
-1.615032889502766E-16 -5.0139309547956756E-17
3.9327388149029065E-17 -3.3458874948101973E-17
-1.117395118765378E-16 4.871630274585539E-16
-1.8749332763188495E-16 -2.848600030543392E-16
1.5731783673002233E-16 -7.768961005085272E-17
2.5092656406827426E-16 -4.716061720767551E-17
-3.246719303567045E-16 5.013433044313115E-16
1.6432351250403126E-16 -7.452489893466694E-16
-2.3949811027639965E-17 3.617970881474508E-16
-1.9089643539171052E-17 -5.029782066623067E-17
1.807367384154972E-17 -1.3599736715079713E-17
7.222119399670365E-18 8.650639190974011E-17
-5.753596267629913E-17 -5.4045903563263665E-17
1.0477072470216974E-16 -8.861908915057632E-17
-1.2078435117049866E-16 1.5000840517650167E-16
9.127690592241213E-17 -8.642426913202964E-17
-1.9081958235744878E-16 1.6653345369377348E-16
3.191891195797325E-16 -5.551115123125783E-17
1.3877787807814457E-17 -2.706168622523819E-16
-5.430408745714244E-16 1.7592639437864845E-16
3.727002426083825E-16 -7.903432799155049E-16
7.959287615006563E-16 9.989834642926175E-16
-1.1142204083665425E-15 -9.207163217499501E-17
-3.3976143912253104E-16 1.6907936442849423E-16
9.393787957169506E-16 -6.857991231391849E-16
-1.1677614627652138E-16 4.460202262661406E-16
-3.714589067930356E-16 -4.0953613381814467E-16
4.181232555487432E-16 5.406973943993752E-16
-2.868146548432186E-16 -1.4434100302612643E-16
5.3434914821168403E-17 -2.560153871096328E-16
1.3034242597542278E-16 2.276559179639389E-16
-2.220446049250313E-16 3.5735303605122226E-16
1.8735013540549517E-16 -9.939965517347105E-16
6.245004513516506E-17 6.574601973952099E-16
-2.68190031669741E-16 -1.2589076739504326E-16
4.574277174194845E-16 -1.0058403372032358E-16
-3.059328416573E-16 6.143043104043628E-16
-4.046540951015491E-16 -4.937111014043559E-16
4.621730108337432E-16 -4.236837742856984E-16
2.9069299834558986E-16 4.183923164049185E-16
-5.717986246813842E-16 -2.477020040407063E-17
5.506693360307009E-17 9.265951291852691E-18
3.7003820146930266E-16 0.0
-0.03982244530861696 0.0
0.039842935960871316 1.7672495411513722E-17
-0.04127973998648236 2.7538735181131813E-17
0.042759141305966655 -3.707971429900425E-17
-0.04655942571176142 -2.1250362580715887E-17
0.05040748461631567 2.220446049250313E-16
-0.06051382842157215 -6.071532165918825E-17
0.07067780431635913 -2.3418766925686896E-16
-0.12341788315405862 7.45931094670027E-17
0.17623252568580952 0.12499999999999996
-0.016938088668955652 -0.2500000000000002
-0.14225290397810963 0.12500000000000044
0.08916391711907867 -4.111294638065033E-16
-0.035920256835925236 4.579669976578771E-16
0.025060699847858973 -5.169475958410885E-16
-0.013948461142737963 5.074066167232161E-16
0.00885315044449311 -2.8709673527416157E-16
-0.00329391438806879 1.4850859257620197E-16
-2.827438516830327E-4 -1.9868004810796869E-16
0.004873895875362666 1.2728533504979822E-16
-0.008579596660552457 -1.4268100589909238E-16
0.015320293889362659 1.4311468676808659E-16
-0.02159614251658154 -1.3010426069826053E-16
0.04909569504084086 2.7755575615628914E-16
-0.0763264268182409 -0.06250000000000029
-0.0025434536878542295 0.12500000000000014
0.08157778186461141 -0.06250000000000006
-0.05450643873518151 -2.42861286636753E-17
0.027537710738558416 1.8735013540549517E-16
-0.02178752851927779 -1.6132928326584306E-16
0.01609930129092305 -3.0097452308197603E-16
-0.013440709337420996 4.0939474033052647E-16
0.010813773794645997 -3.5561831257524545E-17
-0.009195653706178922 2.682316174729138E-16
0.007582539410269422 -6.320898665590491E-16
-0.0064272244386811015 4.137315490204685E-16
0.005248054489131912 1.568840543586525E-16
-0.004314837635308185 -4.72928987638177E-16
0.003318736206132388 2.5516698129446347E-16
-0.002469787284819653 2.8893987896738693E-17
0.0014930440141539384 -9.199455433539505E-17
-6.111929120954916E-4 2.0003530082357557E-17
-5.29785245197809E-4 -7.340048707726865E-17
0.001606092067371352 3.0466081046842675E-17
-0.0032753741011269646 1.949395506128937E-16
0.0048986655420907126 -1.6306400674181987E-16
-0.00832995728083583 4.5536491244391186E-17
0.011727419869850106 3.7947076036992655E-16
-0.027848251306249773 -1.3010426069826053E-15
0.04394350604885747 0.03750000000000131
0.003630751456268058 -0.07500000000000032
-0.05122479239180969 0.037499999999999846
0.03516319888665487 1.3617579286417936E-16
-0.019117205152106964 -2.242130092700023E-16
0.015808987269445695 2.1575623232461538E-16
-0.012513274610488704 -6.808789643208968E-17
0.01104107215017046 2.3527187142935446E-16
-0.009579038434438128 -6.723137671582613E-16
0.008727262219045413 4.710858439449517E-16
-0.007883858932095835 -5.3939058081153846E-17
0.007319469208719693 1.4609624274242172E-17
-0.006762050476262181 2.4638494369733088E-17
0.006356005238915199 -7.989214758502561E-18
-0.005955821402589664 4.650041473836658E-17
0.005647281165896837 -3.3306690738754746E-16
-0.005343713345318987 3.241493445188537E-16
0.0051000511465513435 -1.5212711732687234E-17
-0.004860641321228802 1.5399736607440984E-16
0.004662678720724305 -3.7334501809538345E-16
-0.004468379555431426 1.1709383462843448E-17
0.004304039659689668 2.669305748659312E-16
-0.004142877228198034 -1.7748389563587708E-16
0.0040041364465231 -2.957703526540456E-16
-0.0038681689122969177 1.0168732175741546E-15
0.0037494633777801047 -8.959846753420209E-16
-0.003633192434307068 1.968911145233676E-16
0.0035305268985945694 6.071532165918825E-17
-0.0034300103544603507 -3.469446951953614E-18
0.003340431803945894 0.0
-0.003252759947417968 8.673617379884035E-18
0.0031740321524660435 -6.331740687315346E-17
-0.003097004372035444 -6.5052130349130266E-18
0.003027398758884256 6.418476861114186E-17
-0.0029593159933589074 3.447762908503904E-16
0.0028974727515738083 -7.689161807267197E-16
-0.002836999812234518 5.132613084546378E-16
0.0027818329749265953 -3.848917712323541E-17
-0.0027279045695142654 -2.422107653332617E-16
0.0026785355058536503 1.986258379993444E-16
-0.0026302904708188006 2.310231541659269E-16
0.0025860002525434542 -3.7976891596736007E-16
-0.002542734504153494 6.196215415754658E-17
0.0025029291215739233 -9.768661574094395E-17
-0.002464061337523249 3.3371742869103826E-16
0.002428245857428343 -1.8236280541206185E-16
-0.0023932920082959074 4.163336342344337E-17
0.0023610510783087756 -2.42861286636753E-17
-0.0023296052337356543 -5.204170427930421E-18
0.0023005881721080367 -5.594483210025203E-17
-0.0022723078360906137 3.209238430557093E-17
0.00224621708885167 1.734723475976807E-17
-0.0022208118578976345 5.204170427930421E-18
0.0021973939660619693 -8.326672684688674E-17
-0.0021746166620342684 1.3530843112619095E-16
0.002153655125901016 -1.5265566588595902E-16
-0.002133294797683375 3.0010716134398763E-16
0.0021146043936656894 1.3097162243624894E-16
-0.002096480748656208 -1.1514227071796057E-15
0.0020799029720413504 8.552186736565659E-16
-0.0020638619152787275 3.7925391993542945E-16
0.0020492613062332325 -5.334816789714925E-16
-0.0020351713479411174 -7.318364664277155E-18
0.0020224325185447863 1.8431436932253575E-16
-0.00201018187072836 -2.875304161431558E-16
0.0019992070951667384 1.717376241217039E-16
-0.001988701321602885 3.903127820947816E-17
0.0019794085843671447 4.5102810375396984E-17
-0.0019705687007225223 2.1163626406917047E-16
0.001962890122386856 -4.432218481120742E-16
-0.0019556510675389563 1.0061396160665481E-16
0.0019495316464544924 6.938893903907228E-18
-0.0019438410646190406 -4.2500725161431774E-17
0.0019392376874404033 -1.8648277366750676E-16
-0.0019350549750938744 1.0009354456386177E-15
0.0019319356605439109 -1.0395330429791017E-15
-0.0019292312434591706 2.896988204881268E-16
0.0019275745930271559 -1.0993810029003015E-16
-0.001926329407931419 2.5760643618255585E-16
0.0019261242449433585 0.0
