2.588074342794664435e-05
1.253341237249746554e-05
2.404217557447540333e-09
3.878269023402778124e-09
7.043737521151334944e-09
1.422838636095593110e-08
3.225562316788059678e-08
8.440227744081216109e-08
2.687447029064189761e-07
1.149085031747009529e-06
8.154637824431617302e-06
1.838025192588532274e-04
3.601299176474069552e-02
8.103365590770396365e-02
1.071376403488590902e-02
4.181953497294997309e-05
3.648184478260731868e-06
1.992771299930499121e-06
1.326753787424686308e-05
6.933077649541082976e-04
1.577842096114009593e-02
1.495701864789275408e-02
5.427934471803760267e-04
1.185699263726030298e-05
1.343639686946149678e-06
2.810269427750631986e-07
8.234316591009527930e-08
2.995939717758110718e-08
1.268635561259395331e-08
6.012131297276913980e-09
3.107934620201779072e-09
1.721673537148079319e-09
1.008986453516503140e-09
6.195901945818330769e-10
3.957375017445943252e-10
2.613863485494985626e-10
1.777162891026330077e-10
1.239125686642672336e-10
8.833091310707904467e-11
6.421116847266526379e-11
4.749833591299010552e-11
3.568848546861010787e-11
2.719486058412070410e-11
2.098822333179055941e-11
1.638676563868180074e-11
1.293011849525645339e-11
1.030197067582374462e-11
8.281498161590440147e-12
6.712264695695258190e-12
5.481941995119551898e-12
4.508860739608263113e-12
3.732951757281924542e-12
3.109555534870308195e-12
2.605134805621124605e-12
2.194267752836025498e-12
1.857514625083225833e-12
1.579887366208261933e-12
1.349740551717089401e-12
1.157959826946423579e-12
9.973626605826537288e-13
8.622520561890533506e-13
7.480814754195379110e-13
6.512013447900897131e-13
5.686658753292206919e-13
4.980848272612588469e-13
4.375090352768743743e-13
3.853414278625743944e-13
3.402674771399507067e-13
3.012005092677186127e-13
2.672384832632832556e-13
2.376296433919951955e-13
2.117450987601036743e-13
1.890568235812041159e-13
1.691199291713420999e-13
1.515583138994006714e-13
1.360530026709691272e-13
1.223326291021385493e-13
1.101656403384015263e-13
9.935388768987706366e-14
8.972733709123868640e-14
8.113969114838392287e-14
7.346475037851975930e-14
6.659338085109162457e-14
6.043098146215780379e-14
5.489535694749103384e-14
4.991493141236895488e-14
4.542724151220498760e-14
4.137766229938290638e-14
3.771832610239482789e-14
3.440720584999238118e-14
3.140733139013476076e-14
2.868612269601641918e-14
2.621481680812416296e-14
2.396797907326705204e-14
2.192307858983444562e-14
2.006012790503250739e-14
1.836136706311170616e-14
1.681099306045755598e-14
1.539492476604023974e-14
1.410059844324747912e-14
1.291678992172377212e-14
1.183346047628448280e-14
1.084162125566368151e-14
9.933215202011601809e-15
9.101013964658237080e-15
8.338527209591334494e-15
7.639922850759364592e-15
6.999957615288719828e-15
6.413914960649378486e-15
5.877551314516806903e-15
5.387048300790268383e-15
4.938970300908426000e-15
4.530227586137967252e-15
4.158043237213820812e-15
3.819924498987039424e-15
3.513636767353395158e-15
3.237181376695623803e-15
2.988775609944958438e-15
2.766835111753163197e-15
2.569958881469863480e-15
2.396915581041458026e-15
2.246632157873477903e-15
2.118183683446975220e-15
2.010784987854420410e-15
1.923783190987782133e-15
1.856652099619218736e-15
1.808987174874424340e-15
1.780502059940134987e-15
8.855129612881739904e-16
