1.1199455611318737E-9
2.4941604950773015E-9
3.3705542445511365E-9
5.294394651798564E-9
9.354225677758857E-9
1.8383027677687253E-8
4.053956150319636E-8
1.0314440871690804E-7
3.19128185078527E-7
1.3250374723947739E-6
9.129041241882365E-6
2.0029859919130414E-4
0.0361261110080065
0.08074922014134493
0.010869907166962985
3.970279482865859E-5
3.3727510491935067E-6
1.9581040580389517E-6
1.3511979005785697E-5
7.147027545052385E-4
0.015753923619591725
0.014940945726607464
5.612937563118763E-4
1.2156698319745837E-5
1.3751373615531166E-6
2.871010852665418E-7
8.389790523315855E-8
3.040646328657188E-8
1.2808218375032322E-8
6.0295974302901785E-9
3.0919729086303957E-9
1.696835677984447E-9
9.83915174167421E-10
5.971204179837019E-10
3.7652862452533225E-10
2.453028987178579E-10
1.6436823046793715E-10
1.1286600340523682E-10
7.918554988569058E-11
5.6623526733115863E-11
4.1183414531655605E-11
3.0413643666610455E-11
2.2771635961079634E-11
1.7264363087111662E-11
1.3239263127223434E-11
1.0259423085927566E-11
8.027293508919933E-12
6.337056269211628E-12
5.044295465012676E-12
4.04633608779687E-12
3.2692856702819003E-12
2.6593623840496433E-12
2.1770089190491964E-12
1.7928444222212154E-12
1.4848461948560385E-12
1.2363650305122977E-12
1.034712548060932E-12
8.701455586446758E-13
7.351289359958746E-13
6.237958726705753E-13
5.315493349238679E-13
4.547654416045989E-13
3.9057105091412855E-13
3.3667579576182874E-13
2.912443833685802E-13
2.5279888934689545E-13
2.2014353582657278E-13
1.9230645170163897E-13
1.684943223112979E-13
1.4805689758725731E-13
1.3045906633574522E-13
1.1525878372980163E-13
1.0208953897561876E-13
9.064637284479101E-14
8.0674670414838E-14
7.196115180345874E-14
6.432659007958672E-14
5.761991187155883E-14
5.171339472683228E-14
4.6498746640058504E-14
4.1883893065548516E-14
3.7790336247474594E-14
3.415097641871085E-14
3.0908311164918174E-14
2.8012939418670517E-14
2.542231792929988E-14
2.3099723130845228E-14
2.1013382927518823E-14
1.91357470608467E-14
1.744287545076718E-14
1.5913920262777014E-14
1.4530690147820367E-14
1.3277278968695124E-14
1.2139753040930104E-14
1.1105882142911287E-14
1.0164912477113462E-14
9.307371329332174E-15
8.524899878775044E-15
7.810110461578245E-15
7.156462771712217E-15
6.5581578949913995E-15
6.0100471255490105E-15
5.507551901049928E-15
5.046596303016286E-15
4.623546407183792E-15
4.235159744378432E-15
3.878539179680864E-15
3.5510950666721407E-15
3.250509406214101E-15
2.974707426555874E-15
2.7218311062611134E-15
2.4902155494639683E-15
2.2783700182859993E-15
2.084959689663987E-15
1.908790645944119E-15
1.748796168893798E-15
1.6040251144691118E-15
1.4736313969875504E-15
1.356865099478628E-15
1.2530645343325007E-15
1.161649461031527E-15
1.0821150502792848E-15
1.0140269765739812E-15
9.570169566969004E-16
9.107792429743453E-16
8.750675653589051E-16
8.496927886216878E-16
8.34521085479883E-16
4.1473635565773667E-16
