0.019230769230769273
0.05769230769230771
0.09615384615384615
0.13461538461538458
0.17307692307692313
0.21153846153846156
0.25
0.28846153846153844
0.32692307692307687
0.3653846153846154
0.40384615384615385
0.4423076923076923
0.4807692307692307
0.5192307692307692
0.5576923076923077
0.5961538461538461
0.6346153846153846
0.6730769230769231
0.7115384615384616
0.75
0.7884615384615384
0.8269230769230769
0.8653846153846154
0.9038461538461539
0.9423076923076923
0.9807692307692307
0.9807692307692307
0.9423076923076923
0.9038461538461539
0.8653846153846154
0.8269230769230769
0.7884615384615384
0.75
0.7115384615384616
0.6730769230769231
0.6346153846153846
0.5961538461538461
0.5576923076923077
0.5192307692307692
0.4807692307692307
0.4423076923076923
0.40384615384615385
0.3653846153846154
0.32692307692307687
0.28846153846153844
0.25
0.21153846153846156
0.17307692307692313
0.13461538461538458
0.09615384615384615
0.05769230769230771
