1.422394173873473320e-05
3.840464269458355941e-04
1.777992717341829324e-03
4.878812016385977376e-03
1.036925352753756066e-02
1.893206645425581092e-02
3.125000000000000000e-02
4.800580336822939109e-02
6.988222576240324391e-02
9.756201638598091530e-02
1.317279244424214846e-01
1.730626991351843225e-01
2.222490896677286609e-01
2.799129494765589810e-01
3.453715293582158008e-01
4.166334774692762033e-01
4.916505461993628812e-01
5.683744879380974169e-01
6.447570550751025031e-01
7.187500000000000000e-01
7.883050751024123226e-01
8.513740327719617751e-01
9.059086253982704395e-01
9.498606053709603980e-01
9.811817250796540657e-01
9.978237369139736357e-01
9.978237369139736357e-01
9.811817250796540657e-01
9.498606053709603980e-01
9.059086253982704395e-01
8.513740327719617751e-01
7.883050751024123226e-01
7.187500000000000000e-01
6.447570550751025031e-01
5.683744879380974169e-01
4.916505461993628812e-01
4.166334774692762033e-01
3.453715293582158008e-01
2.799129494765589810e-01
2.222490896677286609e-01
1.730626991351843225e-01
1.317279244424214846e-01
9.756201638598091530e-02
6.988222576240324391e-02
4.800580336822939109e-02
3.125000000000000000e-02
1.893206645425581092e-02
1.036925352753756066e-02
4.878812016385977376e-03
1.777992717341829324e-03
3.840464269458355941e-04
