1.507715735275280786e-05
4.070832485243234948e-04
1.884644669094088067e-03
5.171464971994175000e-03
1.099124771015673463e-02
2.006769643651386270e-02
3.312451470399770115e-02
5.088540606554037976e-02
7.407407407407409772e-02
1.034142222825308599e-01
1.396295542438428516e-01
1.834437735109421819e-01
2.355805836367611816e-01
2.965601465499695388e-01
3.651310581902887931e-01
4.391297464775991144e-01
5.163851007531039539e-01
5.947260103580070956e-01
6.719813646335118795e-01
7.459800529208223674e-01
8.145509645611416216e-01
8.755229888956735929e-01
9.267250152656218987e-01
9.659859330121899346e-01
9.911346314765814292e-01
1.000000000000000000e+00
9.911346314765814292e-01
9.659859330121899346e-01
9.267250152656218987e-01
8.755229888956735929e-01
8.145509645611416216e-01
7.459800529208223674e-01
6.719813646335118795e-01
5.947260103580070956e-01
5.163851007531039539e-01
4.391297464775991144e-01
3.651310581902887931e-01
2.965601465499695388e-01
2.355805836367611816e-01
1.834437735109421819e-01
1.396295542438428516e-01
1.034142222825308599e-01
7.407407407407409772e-02
5.088540606554037976e-02
3.312451470399770115e-02
2.006769643651386270e-02
1.099124771015673463e-02
5.171464971994175000e-03
1.884644669094088067e-03
4.070832485243234948e-04
1.507715735275280786e-05
