0.0
0.039215686274509776
0.07843137254901966
0.11764705882352944
0.1568627450980392
0.196078431372549
0.23529411764705888
0.27450980392156865
0.3137254901960784
0.3529411764705882
0.3921568627450981
0.43137254901960786
0.47058823529411764
0.5098039215686274
0.5490196078431373
0.5882352941176471
0.6274509803921569
0.6666666666666667
0.7058823529411764
0.7450980392156863
0.7843137254901961
0.8235294117647058
0.8627450980392157
0.9019607843137255
0.9411764705882353
0.9803921568627451
0.9803921568627451
0.9411764705882353
0.9019607843137255
0.8627450980392157
0.8235294117647058
0.7843137254901961
0.7450980392156863
0.7058823529411764
0.6666666666666667
0.6274509803921569
0.5882352941176471
0.5490196078431373
0.5098039215686274
0.47058823529411764
0.43137254901960786
0.3921568627450981
0.3529411764705882
0.3137254901960784
0.27450980392156865
0.23529411764705888
0.196078431372549
0.1568627450980392
0.11764705882352944
0.07843137254901966
0.039215686274509776
