-4.210510000000012784e-04
-8.201449794007420122e-04
-2.124960902684885564e-03
-4.631802229465247986e-03
-8.747773961264866671e-03
-1.486481281569207620e-02
-2.319439361075671668e-02
-3.357922086750452645e-02
-4.530744569309894804e-02
-5.696348873558017278e-02
-6.635437087518814003e-02
-7.054862557524455013e-02
-6.605449596406219592e-02
-4.914511886741701474e-02
-1.631287300106138219e-02
3.519282716753036055e-02
1.068147663581966444e-01
1.982105299999999126e-01
3.069370875001286025e-01
4.283722223604159440e-01
5.559184979905836821e-01
6.814946658526007672e-01
7.962735524090427397e-01
8.915825741889197298e-01
9.598512005196042640e-01
9.954753542313987680e-01
9.954753542313987680e-01
9.598512005196042640e-01
8.915825741889197298e-01
7.962735524090427397e-01
6.814946658526011003e-01
5.559184979905836821e-01
4.283722223604159440e-01
3.069370875001286025e-01
1.982105300000003012e-01
1.068147663581965473e-01
3.519282716753049933e-02
-1.631287300106130586e-02
-4.914511886741701474e-02
-6.605449596406226531e-02
-7.054862557524460565e-02
-6.635437087518814003e-02
-5.696348873558019360e-02
-4.530744569309894804e-02
-3.357922086750452645e-02
-2.319439361075676526e-02
-1.486481281569207620e-02
-8.747773961264842385e-03
-4.631802229465247986e-03
-2.124960902684885564e-03
-8.201449794007359406e-04
