0.000000000000000000e+00
3.921568627450980338e-02
7.843137254901960675e-02
1.176470588235294101e-01
1.568627450980392135e-01
1.960784313725490169e-01
2.352941176470588203e-01
2.745098039215686514e-01
3.137254901960784270e-01
3.529411764705882582e-01
3.921568627450980338e-01
4.313725490196078649e-01
4.705882352941176405e-01
5.098039215686274161e-01
5.490196078431373028e-01
5.882352941176470784e-01
6.274509803921568540e-01
6.666666666666666297e-01
7.058823529411765163e-01
7.450980392156862919e-01
7.843137254901960675e-01
8.235294117647058432e-01
8.627450980392157298e-01
9.019607843137255054e-01
9.411764705882352811e-01
9.803921568627450567e-01
9.803921568627451677e-01
9.411764705882352811e-01
9.019607843137253944e-01
8.627450980392157298e-01
8.235294117647058432e-01
7.843137254901961786e-01
7.450980392156862919e-01
7.058823529411764053e-01
6.666666666666667407e-01
6.274509803921568540e-01
5.882352941176469674e-01
5.490196078431373028e-01
5.098039215686274161e-01
4.705882352941177516e-01
4.313725490196078649e-01
3.921568627450979783e-01
3.529411764705883137e-01
3.137254901960784270e-01
2.745098039215685404e-01
2.352941176470588758e-01
1.960784313725489891e-01
1.568627450980393245e-01
1.176470588235294379e-01
7.843137254901955124e-02
3.921568627450988664e-02
