0.364266922811332
0.12262588192279011
-0.08004975584645457
-0.5125067699631263
-0.6244680053019938
-0.45376095640058445
0.4580136146988192
0.5139841416088764
0.6114409574643975
0.5428996200754526
-0.44780436707993054
-0.49237968431039825
-0.49358295884574765
0.7067197178910334
0.5792208559946115
0.6986761476555561
0.6500018832970742
0.034344484981446044
0.5744375127330947
0.9190856495706203
1.2832832435862827
0.7972711366830509
1.4673499126452398
0.7351060017432385
0.997216169137511
2.06112560253664
1.534539060465434
1.2200718161581872
1.238579119196146
0.9555229126321851
0.1488728175932561
0.1518359254904098
-0.4106343108785051
-0.2051564750667758
-0.6961869716895368
0.04746185131337022
-0.3754831743606104
-0.5678323119693083
-0.19239208279033626
-0.8391426205131758
-0.7567310327169707
-0.13447803508161904
-0.969538031868094
-0.9085394821078037
-0.8099164644894525
-0.4503234081066587
-1.1001171430515608
-1.7916638290995621
-1.5620114257969746
-1.4448374686862415
-1.350909423019166
-1.209003697776538
-1.5803344380716453
-1.495525968997006
-1.3803081118535268
-1.768802200372571
-0.8672333243060546
-0.661635243356022
-1.2886053714632073
-0.9916469466521551
-1.5103061612716768
-1.1480822389063121
-0.6001028289084722
-1.041762367590188
-0.591392682473888
-0.4163205985115006
-0.03660889802011624
0.8804692138009944
0.7264567762936984
0.3182703146090926
-0.15780527970953173
-0.5970288016981122
-0.666898035911025
-0.5276404280085654
-0.4206134078494159
-0.03834016283726527
-0.0631575964041744
0.6322910626686227
0.46864426654378377
1.7974104703327303
2.078925764709375
1.6190286069953714
1.052263978458953
1.2621818065746826
1.1191320344058973
1.4448139019460822
1.650114334726993
1.582381498892694
1.1276662603526297
0.3389242685038365
0.08434841296446471
0.4812294306203402
0.5569579231795814
-0.09722984568227488
-0.04195776226254644
0.1193825480960129
-0.35386454951041557
-0.3083203760435147
-0.3105343963263749
-0.9133379247475482
