3.642669228113533109e-01
1.226258819228114305e-01
-8.004975584643325703e-02
-5.125067699631049578e-01
-6.244680053019724397e-01
-4.537609564005649077e-01
4.580136146988387225e-01
5.139841416088959392e-01
6.114409574644170675e-01
5.428996200754721002e-01
-4.478043670799110032e-01
-4.923796843103804832e-01
-4.935829588457298911e-01
7.067197178910511468e-01
5.792208559946292468e-01
6.986761476555738426e-01
6.500018832970901883e-01
3.434448498146203121e-02
5.744375127331107223e-01
9.190856495706363205e-01
1.283283243586298639e+00
7.972711366830669277e-01
1.467349912645254051e+00
7.351060017432526905e-01
9.972161691375251991e-01
2.061125602536654000e+00
1.534539060465448301e+00
1.220071816158201372e+00
1.238579119196158373e+00
9.555229126321975741e-01
1.488728175932685360e-01
1.518359254904222411e-01
-4.106343108784926699e-01
-2.051564750667633774e-01
-6.961869716895261462e-01
4.746185131338087615e-02
-3.754831743605997474e-01
-5.678323119692976206e-01
-1.923920827903256026e-01
-8.391426205131651272e-01
-7.567310327169618489e-01
-1.344780350816101588e-01
-9.695380318680832943e-01
-9.085394821077947825e-01
-8.099164644894436549e-01
-4.503234081066516126e-01
-1.100117143051553725e+00
-1.791663829099555016e+00
-1.562011425796965725e+00
-1.444837468686234416e+00
-1.350909423019158950e+00
-1.209003697776532604e+00
-1.580334438071639980e+00
-1.495525968997000632e+00
-1.380308111853519648e+00
-1.768802200372565636e+00
-8.672333243060492691e-01
-6.616352433560184210e-01
-1.288605371463203753e+00
-9.916469466521498077e-01
-1.510306161271673275e+00
-1.148082238906308561e+00
-6.001028289084686662e-01
-1.041762367590186145e+00
-5.913926824738862109e-01
-4.163205985114988295e-01
-3.660889802011446648e-02
8.804692138009961866e-01
7.264567762936984252e-01
3.182703146090926083e-01
-1.578052797095317317e-01
-5.970288016981104562e-01
-6.668980359110250333e-01
-5.276404280085653653e-01
-4.206134078494176975e-01
-3.834016283726704444e-02
-6.315759640417617504e-02
6.322910626686226720e-01
4.686442665437819954e-01
1.797410470332728494e+00
2.078925764709371293e+00
1.619028606995367880e+00
1.052263978458951144e+00
1.262181806574680820e+00
1.119132034405893705e+00
1.444813901946078616e+00
1.650114334726987764e+00
1.582381498892688754e+00
1.127666260352626182e+00
3.389242685038329483e-01
8.434841296445938497e-02
4.812294306203348526e-01
5.569579231795742658e-01
-9.722984568228021374e-02
-4.195776226255176766e-02
1.193825480960057916e-01
-3.538645495104226768e-01
-3.083203760435218044e-01
-3.105343963263837992e-01
-9.133379247475552631e-01
