-4.699719664797338048e+00
-4.916198790878445912e+00
-4.422212270232406262e+00
-3.883531510068638948e+00
-4.661113024624218504e+00
-4.560094714727039644e+00
-3.552409727488652802e+00
-3.857288669655793090e+00
-4.374733126189622290e+00
-3.767705810419062828e+00
-4.169684577608174791e+00
-4.069830506976972018e+00
-3.614974393398725283e+00
-4.591585550500540513e+00
-4.396394243418056291e+00
-3.714068990771925538e+00
-3.838330685308550372e+00
-3.073781357833600403e+00
-3.583906960881741544e+00
-3.735036672778681233e+00
-2.195050336640157251e+00
-2.939752770334101317e+00
-2.692090416736770297e+00
-3.337218511177360014e+00
-2.796025679323121516e+00
-2.367362921195496295e+00
-2.897310903751479483e+00
-2.032955004857391224e+00
-2.420113257979528587e+00
-2.164630686906663826e+00
-2.218627017114622735e+00
-8.906245177353540043e-01
-1.722502121348689741e+00
-2.143598872447570969e+00
-1.102460850907926115e+00
-2.023145030934930144e+00
-1.207281307436939954e+00
-2.190538065869105377e+00
-1.773785927368331627e+00
-9.102521839744532883e-01
-5.384394109012085039e-01
-7.209784592938284220e-01
-7.634766400728327795e-01
-7.551942456632554368e-01
-1.242893292042223763e+00
-7.625443000457634568e-01
-5.319314803182022544e-01
3.279591192812505440e-01
7.221725196612460707e-02
-8.801018694893718575e-01
2.644702938994933916e-01
1.089727000403861723e-02
-3.401248893068142820e-02
7.112967566528336505e-01
1.021968474490475565e+00
1.073118873810700258e+00
2.888801536513829760e-01
6.548928283471964207e-01
1.076140832984685325e+00
1.499291781854184435e+00
8.729422003804607755e-01
1.120709931981298979e+00
7.613820343202934993e-01
8.174563102930738623e-01
1.922832634540609043e+00
2.295699838639023049e+00
1.682584864573545502e+00
2.321366475319824652e+00
2.101428139907731030e+00
1.699060351091453036e+00
2.303328132158322994e+00
2.992658713647201374e+00
2.306737511869342505e+00
3.207982460341422204e+00
1.216798181399647127e+00
3.038632086642231833e+00
2.772214469583807350e+00
2.680197361241890341e+00
2.976591525752675160e+00
2.037936781194578550e+00
3.022895395586369993e+00
3.412297726271099840e+00
4.073698563896084757e+00
3.176626533398605012e+00
3.132524942098936727e+00
3.386903322763363811e+00
4.196493004416770312e+00
4.004177601405674913e+00
3.675932045702414719e+00
4.298455965152712999e+00
4.191371124280155236e+00
4.728164945882682879e+00
3.993826004687661246e+00
4.282031579337556515e+00
4.350818677080462216e+00
3.916125380590581351e+00
4.896953094199031575e+00
4.980430692766787182e+00
4.953469886008176282e+00
4.934629692009472102e+00
