0.3347635035443035
0.016577646789627032
0.4088574367620983
0.8458314662522972
-0.033456778976850954
-0.03414519975324071
0.8718330568115777
0.46524738397086907
-0.15390380323652897
0.3514167818604621
-0.1522687160022187
-0.15412137604458365
0.19902800686009403
-0.8792898809152889
-0.785805304506374
-0.20518678253381184
-0.4311552077440046
0.2316873890573765
-0.380144944664333
-0.6329813872348411
0.805298218230114
-0.04111094613739796
0.10484467678636422
-0.6419901483277943
-0.20250404714712378
0.12445198030693261
-0.5072027329226185
0.2554464352979009
-0.2334185484978053
-0.07964270809850849
-0.23534576898003623
0.9909499997256637
0.05736566543875998
-0.4654378163336901
0.4739934745323868
-0.548397436168186
0.16575955665623532
-0.919203932449498
-0.6041585246222931
0.15766848809801637
0.4277745304976932
0.14352875143150445
-6.761600210678509E-4
-0.09410049628505934
-0.6835062733375965
-0.30486401201470414
-0.17595792296071178
0.5822259459651731
0.2247773479764783
-0.829248504152587
0.2136169285627103
-0.1416628260063133
-0.2882793156146013
0.35532319929534495
0.564288186459418
0.5137318551060748
-0.37221359572681134
-0.10790765170456673
0.21163362225935423
0.5330778404552845
-0.194978471692008
-0.048917470764737736
-0.509952099099312
-0.5555845538000996
0.4480850397738667
0.7192455131987119
0.00442380845966639
0.5414986885323767
0.21985362244671514
-0.2842208970431317
0.21834015335016943
0.8059640041654799
0.018336071714051272
0.817874289512563
-1.27501672010278
0.445110454466235
0.07698610673424255
-0.1167377322812424
0.0779497015559727
-0.9624117736756919
-0.07915988995746837
0.20853571005369353
0.7682298170051087
-0.23054894416593896
-0.3763572661391752
-0.22368561614831783
0.4841973348315207
0.19017520114685738
-0.23977708522997254
0.2810401035467578
0.07224853200063208
0.5073356229295918
-0.3287100489389996
-0.14221120496267226
-0.1751308378933345
-0.7115308650567851
0.1675901178780972
0.14936098577228485
0.020693448340104226
-0.0998534763321679
