3.347635035443067286e-01
1.657764678963036253e-02
4.088574367621014005e-01
8.458314662523003236e-01
-3.345677897684784519e-02
-3.414519975323737633e-02
8.718330568115808532e-01
4.652473839708719527e-01
-1.539038032365258601e-01
3.514167818604652105e-01
-1.522687160022155872e-01
-1.541213760445805381e-01
1.990280068600971397e-01
-8.792898809152862594e-01
-7.858053045063708719e-01
-2.051867825338087314e-01
-4.311552077440019559e-01
2.316873890573796224e-01
-3.801449446643299090e-01
-6.329813872348384329e-01
8.052982182301171576e-01
-4.111094613739529890e-02
1.048446767863668860e-01
-6.419901483277912213e-01
-2.025040471471211134e-01
1.244519803069357167e-01
-5.072027329226163062e-01
2.554464352979035624e-01
-2.334185484978021918e-01
-7.964270809850582111e-02
-2.353457689800335650e-01
9.909499997256663306e-01
5.736566543876264745e-02
-4.654378163336874152e-01
4.739934745323894916e-01
-5.483974361681833720e-01
1.657595566562379830e-01
-9.192039324494953867e-01
-6.041585246222904715e-01
1.576684880980190329e-01
4.277745304976958707e-01
1.435287514315071178e-01
-6.761600210651863563e-04
-9.410049628505667840e-02
-6.835062733375938393e-01
-3.048640120147023680e-01
-1.759579229607091122e-01
5.822259459651748514e-01
2.247773479764809679e-01
-8.292485041525843315e-01
2.136169285627120829e-01
-1.416628260063106381e-01
-2.882793156145995184e-01
3.553231992953467255e-01
5.642881864594198049e-01
5.137318551060765515e-01
-3.722135957268086770e-01
-1.079076517045640671e-01
2.116336222593568905e-01
5.330778404552871663e-01
-1.949784716920053285e-01
-4.891747076473595968e-02
-5.099520990993093861e-01
-5.555845538000978578e-01
4.480850397738684876e-01
7.192455131987136596e-01
4.423808459668165938e-03
5.414986885323784804e-01
2.198536224467169120e-01
-2.842208970431290282e-01
2.183401533501712066e-01
8.059640041654816400e-01
1.833607171405482461e-02
8.178742895125648005e-01
-1.275016720102778223e+00
4.451104544662385365e-01
7.698610673424433060e-02
-1.167377322812406248e-01
7.794970155597624739e-02
-9.624117736756900854e-01
-7.915988995746658929e-02
2.085357100536953112e-01
7.682298170051122810e-01
-2.305489441659371863e-01
-3.763572661391734187e-01
-2.236856161483142813e-01
4.841973348315224968e-01
1.901752011468591519e-01
-2.397770852299707656e-01
2.810401035467595676e-01
7.224853200063385827e-02
5.073356229295917785e-01
-3.287100489389978009e-01
-1.422112049626704788e-01
-1.751308378933327248e-01
-7.115308650567833126e-01
1.675901178780989653e-01
1.493609857722866252e-01
2.069344834010600209e-02
-9.985347633216612451e-02
