-1.185992862728802777e+00
-1.396315524111482631e+00
-1.567672782374867069e+00
-1.968811416985676743e+00
-2.049454272818682199e+00
-1.847428844411412641e+00
-9.043358938061469843e-01
-8.170469873902277413e-01
-6.882717920288463631e-01
-7.254947499119293042e-01
-1.684880357561450381e+00
-1.698137295286057835e+00
-1.668022190315545217e+00
-4.364011340729021526e-01
-5.325816164634638028e-01
-3.818079452966571807e-01
-3.991638301492788088e-01
-9.835028489590449396e-01
-4.120914417015342224e-01
-3.612492535814659789e-02
3.593910481633759701e-01
-9.530267923399371455e-02
6.060944762340554348e-01
-9.483105516208389929e-02
1.985974917380506355e-01
1.293825304643039686e+00
7.985571420776960139e-01
5.154082772763111109e-01
5.652339598201301385e-01
3.134961327620313654e-01
-4.618355827710356465e-01
-4.275540953680216916e-01
-9.587059522310745763e-01
-7.219097369134832576e-01
-1.181621854030384000e+00
-4.066546515216149515e-01
-7.982812976897335489e-01
-9.593120557925711722e-01
-5.525534471077371279e-01
-1.167985605324714626e+00
-1.054255638022649322e+00
-4.006842608814356055e-01
-1.204425878162048491e+00
-1.112108948895897953e+00
-9.821675517716847992e-01
-5.912561158830307306e-01
-1.209731471322070817e+00
-1.869959777864210082e+00
-1.608988995055760540e+00
-1.460496658439167206e+00
-1.335250233266229714e+00
-1.162026128517741341e+00
-1.502038489306986691e+00
-1.385911640726485317e+00
-1.239375404077144083e+00
-1.596551113090328045e+00
-6.636638575179496513e-01
-4.267473970620567769e-01
-1.022399145663380082e+00
-6.941223413464658876e-01
-1.181463176460127329e+00
-7.879208745889005883e-01
-2.086230850851986673e-01
-6.189642442610541195e-01
-1.372761796388921596e-01
6.911428382935724812e-02
4.801443638266018610e-01
1.428540855153574540e+00
1.305846797152138805e+00
9.289787149733950145e-01
4.842215001606327007e-01
7.631635767791422609e-02
3.776550297086167518e-02
2.083414903791833694e-01
3.466868900441930634e-01
7.602785145622057428e-01
7.667794605011586384e-01
1.493546499079817735e+00
1.361218082460839085e+00
2.721302665755647610e+00
3.034136339638152435e+00
2.605557561430011049e+00
2.070111312399454562e+00
2.311347520021046265e+00
2.199616127358121176e+00
2.556616374404168113e+00
2.793235186690939287e+00
2.756820730362502303e+00
2.333423871328299981e+00
1.576000258985368774e+00
1.352742782951857237e+00
1.780942180113594731e+00
1.887989052178696170e+00
1.265119662822701940e+00
1.351710125748292413e+00
1.544368815612711998e+00
1.102440097512145556e+00
1.179302650484908455e+00
1.208407009707908486e+00
6.369218607925972719e-01
