1.248357076505616448e+00
1.031877950424508583e+00
1.525864471070548234e+00
2.064545231234315548e+00
1.286963716678735992e+00
1.387982026575914851e+00
2.395667013814301693e+00
2.090788071647161406e+00
1.573343615113331984e+00
2.180370930883891667e+00
1.778392163694779260e+00
1.878246234325982700e+00
2.333102347904229212e+00
1.356491190802414204e+00
1.551682497884897982e+00
2.234007750531028957e+00
2.109746055994404124e+00
2.874295383469354093e+00
2.364169780421212952e+00
2.213040068524273263e+00
3.753026404662797244e+00
3.008323970968853178e+00
3.255986324566184198e+00
2.610858230125594481e+00
3.152051061979832980e+00
3.580713820107458201e+00
3.050765837551475013e+00
3.915121736445563272e+00
3.527963483323425908e+00
3.783446054396290670e+00
3.729449724188331761e+00
5.057452223567600491e+00
4.225574619954264755e+00
3.804477868855383527e+00
4.845615890395028380e+00
3.924931710368024351e+00
4.740795433866014541e+00
3.757538675433849118e+00
4.174290813934622868e+00
5.037824557328501207e+00
5.409637330401745992e+00
5.227098282009126073e+00
5.184600101230121716e+00
5.192882495639699059e+00
4.705183449260730733e+00
5.185532441257191039e+00
5.416145260984752241e+00
6.276035860584205039e+00
6.020293993269079103e+00
5.067974871813582638e+00
6.212547035202447887e+00
5.958974011306993113e+00
5.914064252372273067e+00
6.659373497955788146e+00
6.970045215793430060e+00
7.021195615113654753e+00
6.236956894954337471e+00
6.602969569650150916e+00
7.024217574287639820e+00
7.447368523157138931e+00
6.821018941683415271e+00
7.068786673284253474e+00
6.709458775623247995e+00
6.765533051596028358e+00
7.870909375843563538e+00
8.243776579941977545e+00
7.630661605876499998e+00
8.269443216622779147e+00
8.049504881210685525e+00
7.647137092394407532e+00
8.251404873461277489e+00
8.940735454950155869e+00
8.254814253172297001e+00
9.156059201644376699e+00
7.164874922702601623e+00
8.986708827945186329e+00
8.720291210886761846e+00
8.628274102544844837e+00
8.924668267055629656e+00
7.986013522497533046e+00
8.970972136889324489e+00
9.360374467574054336e+00
1.002177530519903925e+01
9.124703274701559508e+00
9.080601683401891222e+00
9.334980064066318306e+00
1.014456974571972481e+01
9.952254342708629409e+00
9.624008787005369214e+00
1.024653270645566749e+01
1.013944786558310973e+01
1.067624168718563737e+01
9.941902745990615742e+00
1.023010832064051101e+01
1.029889541838341671e+01
9.864202121893535846e+00
1.084502983550198607e+01
1.092850743406974168e+01
1.090154662731113078e+01
1.088270643331242660e+01
