5.987833960242454000e-02
5.745404111582621400e-02
5.507515794051112000e-02
5.274350221784313000e-02
5.046073795435948600e-02
4.822838085163544000e-02
4.604779853660374000e-02
4.392021109154740000e-02
4.184669182134497000e-02
3.982816823646842500e-02
3.786542326951158000e-02
3.595909677666671000e-02
3.410968740017023000e-02
3.231755488083029600e-02
3.058292291002169500e-02
2.890588259796345000e-02
2.728639661095176000e-02
2.572430399692899000e-02
2.421932567967696700e-02
2.277107056096203500e-02
2.137904213126547000e-02
2.004264545722989800e-02
1.876119439097221000e-02
1.753391883536041000e-02
1.635997190147086000e-02
1.523843680969112800e-02
1.416833341298637400e-02
1.314862425722489700e-02
1.217822013576639100e-02
1.125598513978184000e-02
1.038074124782837800e-02
9.551272534094806000e-03
8.766329101112871000e-03
8.024630857175957000e-03
7.324871259965852000e-03
6.665721135994524000e-03
6.045832661740872000e-03
5.463843559276543000e-03
4.918381520116657000e-03
4.408068829966610000e-03
3.931527128121284000e-03
3.487382202446679000e-03
3.074268697471099800e-03
2.690834601537044600e-03
2.335745380452841000e-03
2.007687639583267000e-03
1.705372222496487700e-03
1.427536689653908300e-03
1.172947161795331000e-03
9.403995556642629000e-04
7.287202803821363000e-04
5.367664971825288000e-04
3.634260700323671400e-04
2.076173475062434300e-04
6.828891592122020000e-05
-5.558054974913057000e-05
-1.649822359304088000e-04
-2.608768747672227000e-04
-3.441941364181296500e-04
-4.158317453458929400e-04
-4.766543766653741500e-04
-5.274924224525813000e-04
-5.691407422366470000e-04
-6.023575243070838000e-04
-6.278633837577674000e-04
-6.463408094327119000e-04
-6.584340464948636000e-04
-6.647494667145526000e-04
-6.658564381781403000e-04
-6.622886639270191000e-04
-6.545459192073176000e-04
-6.430960834662694000e-04
-6.283773392818608000e-04
-6.108003984276958000e-04
-5.907506164520939000e-04
-5.685898713961510000e-04
-5.446581082155851000e-04
-5.192744855848571000e-04
-4.927381026290469000e-04
-4.653283257649892000e-04
-4.373047760804500000e-04
-4.089070716151997000e-04
-3.803544432261859000e-04
-3.518453550591582000e-04
-3.235572598240529300e-04
-2.956466051851393600e-04
-2.682491820138765400e-04
-2.414808705419027000e-04
-2.154388000194990600e-04
-1.902028953176799300e-04
-1.658377441657551200e-04
-1.423946853086197500e-04
-1.199139940945517700e-04
-9.842703021465098000e-05
-7.795821368278852000e-05
-5.852670955231470000e-05
-4.014772791531792000e-05
-2.283338088176826700e-05
-6.593079055705929000e-06
8.566507476726827000e-06
2.264185861299746500e-05
3.563328549121999000e-05
4.754576092716829000e-05
5.838976448896626000e-05
6.818200891509828000e-05
7.694592887727027000e-05
8.471183902348916000e-05
9.151670325775168000e-05
9.740349787957326000e-05
1.024201935247694400e-04
1.066184206626202400e-04
1.100519168042331400e-04
1.127748772826797800e-04
1.148403431487675200e-04
1.162987582382695200e-04
1.171968129505940700e-04
1.175766661569862000e-04
1.174756014889745400e-04
1.169261334930556500e-04
1.159565367730923100e-04
1.145917314324019000e-04
1.128544247775823900e-04
1.107663856270647100e-04
1.083497159963658600e-04
1.056279865447928400e-04
1.026271168078166000e-04
9.937590747094635000e-05
9.590616719335275000e-05
9.225241730679282000e-05
8.845120009599115000e-05
8.454005615576156000e-05
8.055626961732707000e-05
7.653550357787765000e-05
7.251045954668512000e-05
6.850969301452104000e-05
6.455670253048672000e-05
6.066938337813407400e-05
5.685990166218792600e-05
5.313500381113973000e-05
4.949673417428673600e-05
4.594349369839741000e-05
4.247133950476307000e-05
3.907540180721961000e-05
3.575128331138389000e-05
3.249630812559067000e-05
2.931050211178845000e-05
2.619721305105708000e-05
2.316331440178687400e-05
2.021897731867499200e-05
1.737703796910513000e-05
1.465202687667521000e-05
1.205896014843692800e-05
9.612015755590860000e-06
7.323229252180489400e-06
5.201341334536854400e-06
3.250914661893615300e-06
1.471810846805046200e-06
-1.409169154120872000e-07
-1.596700998640821800e-06
-2.908734027769296000e-06
-4.092908452275805000e-06
-5.166521385960531500e-06
-6.146868259515985000e-06
-7.049859891016371000e-06
-7.888795438250152000e-06
-8.673408565213392000e-06
-9.409277516308244000e-06
-1.009765425784122000e-05
-1.073572690179615000e-05
-1.131728728682165100e-05
-1.183373600810208700e-05
-1.227532424312389200e-05
-1.263250864508631700e-05
-1.289728463266575000e-05
-1.306436566695968800e-05
-1.313209135151103400e-05
-1.310297392380462300e-05
-1.298382830433621600e-05
-1.278547184060611000e-05
-1.252202220950573400e-05
-1.220986147101407600e-05
-1.186636712170450300e-05
-1.150853395569652800e-05
-1.115162135147295300e-05
-1.080795820507516800e-05
-1.048602235879442300e-05
-1.018988453728027100e-05
-9.919071132277010000e-06
-9.668859171683756000e-06
-9.430974490284030000e-06
-9.194624639055433000e-06
-8.947765299863612000e-06
-8.678476126834305000e-06
-8.376311255640034000e-06
-8.033492254994234000e-06
-7.645826792520646000e-06
-7.213263229962176000e-06
-6.740027107982896000e-06
-6.234326522812733000e-06
-5.707655710392491000e-06
-5.173765588501524000e-06
-4.647402695930334000e-06
-4.142940704114131000e-06
-3.673039230915206000e-06
-3.247462023408590000e-06
-2.872170957911978600e-06
-2.548785263149139300e-06
-2.274459558838585500e-06
-2.042193229939666600e-06
-1.841541354800574400e-06
-1.659658022698011200e-06
-1.482570275567566100e-06
-1.296558287726670400e-06
-1.089506974887737500e-06
-8.520970220937935000e-07
-5.787190650021543000e-07
-2.680219059979137000e-07
7.695846661556177000e-08
4.491011813923066000e-07
8.379039386275980000e-07
1.230518112699512800e-06
1.613013480510609500e-06
1.971748045307312000e-06
2.294708130862419600e-06
2.572686851452911000e-06
2.800184930823192400e-06
2.975945092062709000e-06
3.103067197459796500e-06
3.188692456209059000e-06
3.243287303414708700e-06
3.279596838745412400e-06
3.311370144268671500e-06
3.351982197565410500e-06
3.413087261550975700e-06
3.503435569521603000e-06
3.627969133267016500e-06
3.787285152078198000e-06
3.977519473714066000e-06
4.190661388480952000e-06
4.415268762581019000e-06
4.637513283245412000e-06
4.842453244028774000e-06
5.015409016414155000e-06
5.143306319082757000e-06
5.215855593114315000e-06
5.226451906485691000e-06
5.172707263972894000e-06
5.056563296363596000e-06
4.883973505255157000e-06
4.664186505478451500e-06
4.408700890874010000e-06
4.129994607562993000e-06
3.840153888040441000e-06
3.549536704965932500e-06
3.265602373853901300e-06
2.992022695505215000e-06
2.728162474593852000e-06
2.468981082829527500e-06
2.205365500874763000e-06
1.924863016907183400e-06
1.612742625813992300e-06
1.253281999647992900e-06
8.311548426051454000e-07
3.327836656329668600e-07
-2.524735243076130000e-07
-9.314177669126001000e-07
-1.706472417563359400e-06
-2.575566403654698600e-06
-3.532447468492712400e-06
-4.567393162410644000e-06
-5.668248263557073000e-06
-6.821685230176579000e-06
-8.014562349055505000e-06
-9.235244603211743000e-06
-1.047475588199764600e-05
-1.172764764595432700e-05
-1.299249692024815600e-05
-1.427198280200323100e-05
-1.557253196741684600e-05
-1.690356590399902000e-05
-1.827642162934226500e-05
-1.970304966245393600e-05
-2.119461484849928000e-05
-2.276013516193027000e-05
-2.440528989300916200e-05
-2.613151202429035500e-05
-2.793545175547558700e-05
-2.980886176938253000e-05
-3.173891351617140600e-05
-3.370891158057000000e-05
-3.569933422870637000e-05
-3.768909633018735500e-05
-3.965690914698001000e-05
-4.158260210306865000e-05
-4.344827551837243000e-05
-4.523917002831326600e-05
-4.694416637585533000e-05
-4.855586571369463000e-05
-5.007024191617683000e-05
-5.148589961736182000e-05
-5.280301062344752000e-05
-5.402203317667985400e-05
-5.514234015269055000e-05
-5.616089153543347000e-05
-5.707108252556101000e-05
-5.786188179078168000e-05
-5.851734631319802000e-05
-5.901656278060454000e-05
-5.933402408711723000e-05
-5.944040731209700000e-05
-5.930368067370513000e-05
-5.889043521703914000e-05
-5.816731550902582000e-05
-5.710241448011875500e-05
-5.566650167137170000e-05
-5.383397110982339000e-05
-5.158342318040087500e-05
-4.889783142695660000e-05
-4.576428661085798000e-05
-4.217335252091460400e-05
-3.811810682581374000e-05
-3.359297188218446500e-05
-2.859246175399212200e-05
-2.310998066619064300e-05
-1.713680382495585700e-05
-1.066135440596961900e-05
-3.668862217790662300e-06
3.858547139370726000e-06
1.194132528406078500e-05
2.060157111646768400e-05
2.986177163357936400e-05
3.974331880873222300e-05
5.026492916079819000e-05
6.144110156769768000e-05
7.328074455515875000e-05
8.578608714541750000e-05
9.895195907063698000e-05
1.127654895233642200e-04
1.272062322321033300e-04
1.422466825812473000e-04
1.578531138758912000e-04
1.739866284801243000e-04
1.906042985185265000e-04
2.076602621979078000e-04
2.251066464364670000e-04
2.428942039366425700e-04
2.609725814051121000e-04
2.792901725176006000e-04
2.977935508398557000e-04
3.164265201791415400e-04
3.351288586192298000e-04
3.538348639943675000e-04
3.724718297061333000e-04
3.909585885191219500e-04
4.092042574425873600e-04
4.271072994717189000e-04
4.445549895361872000e-04
4.614233352849031000e-04
4.775774619377205000e-04
4.928724284289654000e-04
5.071544035853884000e-04
5.202620999076518000e-04
5.320283417277333000e-04
5.422816361443235000e-04
5.508476200246780000e-04
5.575502740338222000e-04
5.622128233849780000e-04
5.646582819873944000e-04
5.647096382781087000e-04
5.621897231862634000e-04
5.569208392608460000e-04
5.487242612133216000e-04
5.374197389244537000e-04
5.228251422992244000e-04
5.047563824055554000e-04
4.830277255828409600e-04
4.574525883902199700e-04
4.278448642004700000e-04
3.940207905586609300e-04
3.558013241916488300e-04
3.130149519026685300e-04
2.655008342884538000e-04
2.131121583241875000e-04
1.557195664005634000e-04
9.321453417155369000e-05
2.551258708418272300e-05
-4.744372603679371000e-05
-1.256821473164694000e-04
-2.091983158526345300e-04
-2.979536275898232000e-04
-3.918732732588212700e-04
-4.908443481100901000e-04
-5.947139071825264000e-04
-7.032868323776348000e-04
-8.163233834467209000e-04
-9.335363236367961000e-04
-1.054587540419551400e-03
-1.179084119608033700e-03
-1.306573873608012000e-03
-1.436540367472223700e-03
-1.568397525699381800e-03
-1.701483934580994800e-03
-1.835056976313355500e-03
-1.968286940053216800e-03
-2.100251250822123500e-03
-2.229928940175756000e-03
-2.356195454620611300e-03
-2.477817861726717000e-03
-2.593450473394549400e-03
-2.701630864868706000e-03
-2.800776230970603000e-03
-2.889179991401857300e-03
-2.965008537868848700e-03
-3.026298009185652000e-03
-3.070950987188701300e-03
-3.096733025701799600e-03
-3.101268955134306600e-03
-3.082038943713845400e-03
-3.036374339188477300e-03
-2.961453357986780000e-03
-2.854296728167010700e-03
-2.711763424257071000e-03
-2.530546653261000700e-03
-2.307170259693746400e-03
-2.037985712739981000e-03
-1.719169821051870000e-03
-1.346723292089814300e-03
-9.164702161256026000e-04
-4.240585137157147700e-04
1.350386563080887000e-04
7.655205693847891000e-04
1.472255760067216200e-03
2.260278091241256000e-03
3.134782167773092700e-03
4.101118189535356000e-03
5.164786321161559000e-03
6.331430627596628000e-03
7.606832588439562000e-03
8.996904163889392000e-03
1.050768034491245000e-02
1.214531108417877700e-02
1.391605247612132500e-02
1.582625703716213000e-02
1.788236293269400400e-02
2.009088200654262500e-02
2.245838649079767000e-02
2.499149430728099200e-02
2.769685291363518000e-02
3.058112169340139500e-02
3.365095293642004000e-02
3.691297149931613000e-02
4.037375327198694500e-02
4.403980260190213000e-02
4.791752884170366000e-02
5.201322218633224000e-02
5.633302895428357000e-02
6.088292644543047400e-02
6.566869747801422000e-02
7.069590467356678000e-02
7.596986452474838000e-02
8.149562125145864000e-02
8.727792042880209000e-02
9.332118235950292000e-02
9.962947516506060000e-02
1.062064875849762200e-01
1.130555015011024500e-01
1.201793642426798300e-01
1.275804607739457800e-01
1.352606859165858800e-01
1.432214168095634000e-01
1.514634858548092300e-01
1.599871544350679000e-01
1.687920877167964000e-01
1.778773308643764000e-01
1.872412869912084800e-01
1.968816971590022500e-01
2.067956227104695600e-01
2.169794301854403600e-01
2.274287790296827300e-01
2.381386122633544800e-01
2.491031502359770000e-01
2.603158875606323400e-01
2.717695932945026000e-01
2.834563144175985000e-01
2.953673826570131000e-01
3.074934247094297500e-01
3.198243759277928000e-01
3.323494975558378000e-01
3.450573976126033400e-01
3.579360555437196600e-01
3.709728507627924600e-01
3.841545952005367400e-01
3.974675699582020000e-01
4.108975661230263000e-01
4.244299297459460000e-01
4.380496109058526000e-01
4.517412166918308700e-01
4.654890678275738000e-01
4.792772585438646000e-01
4.930897191793236500e-01
5.069102808611927000e-01
5.207227414966962000e-01
5.345109322130749000e-01
5.482587833489476000e-01
5.619503891350949000e-01
5.755700702952061000e-01
5.891024339183617000e-01
6.025324300834477000e-01
6.158454048413944000e-01
6.290271492794329000e-01
6.420639444988049000e-01
6.549426024302165000e-01
6.676505024872639000e-01
6.801756241155676000e-01
6.925065753341545000e-01
7.046326173867485000e-01
7.165436856262812000e-01
7.282304067494226000e-01
7.396841124832516000e-01
7.508968498077639000e-01
7.618613877801266000e-01
7.725712210134054000e-01
7.830205698571051000e-01
7.932043773313666000e-01
8.031183028819402000e-01
8.127587130486377000e-01
8.221226691741526000e-01
8.312079123201753000e-01
8.400128456000877000e-01
8.485365141782520000e-01
8.567785832211059000e-01
8.647393141113741000e-01
8.724195392509684000e-01
8.798206357788325000e-01
8.869444985166334000e-01
8.937935124285897000e-01
9.003705248439240000e-01
9.066788176444711000e-01
9.127220795697151000e-01
9.185043787411398000e-01
9.240301354614537000e-01
9.293040953057476000e-01
9.343313024939083000e-01
9.391170735185848000e-01
9.436669710012993000e-01
9.479867777602854000e-01
9.520824710954099000e-01
9.559601973251649000e-01
9.596262466444894000e-01
9.630870284060267000e-01
9.663490469572502000e-01
9.694188781880645000e-01
9.723031469551042000e-01
9.750085055482234000e-01
9.775416133509799000e-01
9.799091178210373000e-01
9.821176368802425000e-01
9.841737427607145000e-01
9.860839473063125000e-01
9.878546886824683000e-01
9.894923194056472000e-01
9.910030955703312000e-01
9.923931671292443000e-01
9.936685690734127000e-01
9.948352133631010000e-01
9.958988814779801000e-01
9.968652174830727000e-01
9.977397215430964000e-01
9.985277438580151000e-01
9.992344790327921000e-01
9.998649609304177000e-01
1.000424058085556100e+00
1.000916469773764700e+00
1.001346722836336900e+00
1.001719169352847800e+00
1.002037985233165800e+00
1.002307169769976400e+00
1.002530546154780700e+00
1.002711762918554700e+00
1.002854296216949800e+00
1.002961452843135200e+00
1.003036373822762800e+00
1.003082038427959700e+00
1.003101268442489000e+00
1.003096732518798300e+00
1.003070950488861300e+00
1.003026297522473700e+00
1.002965008066020800e+00
1.002889179537878500e+00
1.002800775799446400e+00
1.002701630459234000e+00
1.002593450097756200e+00
1.002477817520407700e+00
1.002356195152158500e+00
1.002229928681320500e+00
1.002100251040532600e+00
1.001968286783491600e+00
1.001835056878839700e+00
1.001701483901744400e+00
1.001568397563230100e+00
1.001436540481270000e+00
1.001306574069729800e+00
1.001179084404253400e+00
1.001054587919914400e+00
1.000933536804415000e+00
1.000816323972030000e+00
1.000703287535353000e+00
1.000594714731177600e+00
1.000490845299765600e+00
1.000391874359200200e+00
1.000297954854394700e+00
1.000209199690016200e+00
1.000125683675215000e+00
1.000047445413887500e+00
9.999744892667353000e-01
9.999067874913870000e-01
9.998442826363738000e-01
9.997868902267985000e-01
9.997345017379178000e-01
9.996869878116689000e-01
9.996442016345148000e-01
9.996059823664792000e-01
9.995721584937280000e-01
9.995425509722843000e-01
9.995169760389200000e-01
9.994952475861638000e-01
9.994771790296568000e-01
9.994625846347449000e-01
9.994512803114247000e-01
9.994430839284505000e-01
9.994378152344714000e-01
9.994352955028849000e-01
9.994353470348435000e-01
9.994377926597954000e-01
9.994424553646124000e-01
9.994491581615548000e-01
9.994577242741018000e-01
9.994679776811022000e-01
9.994797440175247000e-01
9.994928517884893000e-01
9.995071338162714000e-01
9.995224288112394000e-01
9.995385829400164000e-01
9.995554512592650000e-01
9.995728988918700000e-01
9.995908018430875000e-01
9.996090473854027000e-01
9.996275339793212000e-01
9.996461707393250000e-01
9.996648764956229000e-01
9.996835785390404000e-01
9.997022111648272000e-01
9.997207141484833000e-01
9.997390312912462000e-01
9.997571091641384000e-01
9.997748961583333000e-01
9.997923419180911000e-01
9.998093971937394000e-01
9.998260141099109000e-01
9.998421468026337000e-01
9.998577523419809000e-01
9.998727918284109000e-01
9.998872315334921000e-01
9.999010439510625000e-01
9.999142086335183000e-01
9.999267127089587000e-01
9.999385510062864000e-01
9.999497257539853000e-01
9.999602458603611000e-01
9.999701258244186000e-01
9.999793843631785000e-01
9.999880428695223000e-01
9.999961238317915000e-01
1.000003649350698500e+00
1.000010639880173800e+00
1.000017113297461000e+00
1.000023084376158600e+00
1.000028564697096300e+00
1.000033562989702600e+00
1.000038085855050200e+00
1.000042138785066600e+00
1.000045727364115200e+00
1.000048858522004200e+00
1.000051541703211600e+00
1.000053789826060900e+00
1.000055619926939300e+00
1.000057053416267800e+00
1.000058115911723000e+00
1.000058836656389600e+00
1.000059247570905400e+00
1.000059382025231700e+00
1.000059273443828300e+00
1.000058953874969300e+00
1.000058452659065200e+00
1.000057795321711800e+00
1.000057002795713200e+00
1.000056091044576600e+00
1.000055071121111400e+00
1.000053949652567300e+00
1.000052729702363600e+00
1.000051411921954000e+00
1.000049995878318200e+00
1.000048481425724900e+00
1.000046869986419600e+00
1.000045165614156500e+00
1.000043375736096300e+00
1.000041511500421500e+00
1.000039587695953400e+00
1.000037622252266400e+00
1.000035635370169000e+00
1.000033648368856800e+00
1.000031682364021200e+00
1.000029756907926200e+00
1.000027888726340300e+00
1.000026090677834700e+00
1.000024371039244500e+00
1.000022733189204600e+00
1.000021175722689600e+00
1.000019692987281500e+00
1.000018275990573000e+00
1.000016913591748500e+00
1.000015593862535000e+00
1.000014305486118800e+00
1.000013039058900000e+00
1.000011788169490300e+00
1.000010550151182200e+00
1.000009326436131000e+00
1.000008122478524700e+00
1.000006947256257600e+00
1.000005812401918000e+00
1.000004731050222300e+00
1.000003716516782000e+00
1.000002780939579500e+00
1.000001934018132300e+00
1.000001181975682200e+00
1.000000526847807600e+00
9.999999661687784000e-01
9.999994930878968000e-01
9.999990969058210000e-01
9.999987639796178000e-01
9.999984789090478000e-01
9.999982258889404000e-01
9.999979900961554000e-01
9.999977589761677000e-01
9.999975233040925000e-01
9.999972779170234000e-01
9.999970220467296000e-01
9.999967592208938000e-01
9.999964967433282000e-01
9.999962448048398000e-01
9.999960153125856000e-01
9.999958205533108000e-01
9.999956718221045000e-01
9.999955781516352000e-01
9.999955452669226000e-01
9.999955748685355000e-01
9.999956643148448000e-01
9.999958067347788000e-01
9.999959915602613000e-01
9.999962054263106000e-01
9.999964333506820000e-01
9.999966600774804000e-01
9.999968714530563000e-01
9.999970556993026000e-01
9.999972044595029000e-01
9.999973135141649000e-01
9.999973830966141000e-01
9.999974177773643000e-01
9.999974259285443000e-01
9.999974188208426000e-01
9.999974094414481000e-01
9.999974111488226000e-01
9.999974362961259000e-01
9.999974949581787000e-01
9.999975938866863000e-01
9.999977357960421000e-01
9.999979190496053000e-01
9.999981377770577000e-01
9.999983824111616000e-01
9.999986405910961000e-01
9.999988983436002000e-01
9.999991414258912000e-01
9.999993566984685000e-01
9.999995333929748000e-01
9.999996641505824000e-01
9.999997457288826000e-01
9.999997793077697000e-01
9.999997703641449000e-01
9.999997281275617000e-01
9.999996646700378000e-01
9.999995937191446000e-01
9.999995293106315000e-01
9.999994844125868000e-01
9.999994696559317000e-01
9.999994922956210000e-01
9.999995555043049000e-01
9.999996580675968000e-01
9.999997945107160000e-01
9.999999556439636000e-01
1.000000129473422200e+00
1.000000302387448900e+00
1.000000460502492600e+00
1.000000591036140500e+00
1.000000683572639600e+00
1.000000731096688000e+00
1.000000730694026000e+00
1.000000683850041500e+00
1.000000596317044900e+00
1.000000477563168600e+00
1.000000339856897700e+00
1.000000197076971200e+00
1.000000063364344400e+00
9.999999517483913000e-01
9.999998728820598000e-01
9.999998340100137000e-01
9.999998382709413000e-01
9.999998844024480000e-01
9.999999668774593000e-01
1.000000076458747100e+00
1.000000201117184700e+00
1.000000327223659500e+00
1.000000440897742300e+00
1.000000529380832700e+00
1.000000582299106300e+00
1.000000592692397400e+00
1.000000557708112600e+00
1.000000478892126200e+00
1.000000362048132800e+00
1.000000216679272000e+00
1.000000055066799000e+00
9.999998910761814000e-01
9.999997388077412000e-01
9.999996112241977000e-01
9.999995188897414000e-01
9.999994689443267000e-01
9.999994644137975000e-01
9.999995039235250000e-01
9.999995818436538000e-01
9.999996888517199000e-01
9.999998128574690000e-01
9.999999401991697000e-01
1.000000056994093900e+00
1.000000150510704300e+00
1.000000210427966600e+00
1.000000229858261500e+00
1.000000206033565500e+00
1.000000140587583000e+00
1.000000039406147700e+00
9.999999120605436000e-01
9.999997708793056000e-01
9.999996297495095000e-01
9.999995027650940000e-01
9.999994028547459000e-01
9.999993405238932000e-01
9.999993228341395000e-01
9.999993527201889000e-01
9.999994287111973000e-01
9.999995450838176000e-01
9.999996924318587000e-01
9.999998585966040000e-01
1.000000029866465300e+00
1.000000192328212700e+00
1.000000333237161200e+00
1.000000442271813800e+00
1.000000512549801700e+00
1.000000541305354000e+00
1.000000530161734500e+00
1.000000484971786700e+00
1.000000415242096500e+00
1.000000333197107700e+00
1.000000252574829500e+00
1.000000187272104500e+00
1.000000149972144500e+00
1.000000150888780800e+00
1.000000196750421700e+00
1.000000290123188600e+00
1.000000429139438200e+00
1.000000607658101800e+00
1.000000815840927700e+00
1.000001041087904000e+00
1.000001269239912300e+00
1.000001485930453800e+00
1.000001677953655400e+00
1.000001834514173000e+00
1.000001948236190200e+00
1.000002015832334600e+00
1.000002038366697400e+00
1.000002021085946400e+00
1.000001972834892600e+00
1.000001905113630400e+00
1.000001830868527700e+00
1.000001763135457600e+00
1.000001713668156500e+00
1.000001691686064100e+00
1.000001702864293600e+00
1.000001748664632900e+00
1.000001826073055000e+00
1.000001927769345700e+00
1.000002042712096800e+00
1.000002157081586500e+00
1.000002255487989300e+00
1.000002322326346600e+00
1.000002343145365700e+00
1.000002305895772500e+00
1.000002201935792800e+00
1.000002026695170800e+00
1.000001779932673300e+00
1.000001465561909600e+00
1.000001091062682900e+00
1.000000666535775500e+00
1.000000203494066700e+00
9.999997135087970000e-01
9.999992068440272000e-01
9.999986912135470000e-01
9.999981707825155000e-01
9.999976455121632000e-01
9.999971109122765000e-01
9.999965582262429000e-01
9.999959750310516000e-01
9.999953461940019000e-01
9.999946550929275000e-01
9.999938849809582000e-01
9.999930203627111000e-01
9.999920482477360000e-01
9.999909591591334000e-01
9.999897477993257000e-01
9.999884133086460000e-01
9.999869590923927000e-01
9.999853922343804000e-01
9.999837225556172000e-01
9.999819614116016000e-01
9.999801203474079000e-01
9.999782097437278000e-01
9.999762375879578000e-01
9.999742084922034000e-01
9.999721230558819000e-01
9.999699776368435000e-01
9.999677645548843000e-01
9.999654727091407000e-01
9.999630885502774000e-01
9.999605973135901000e-01
9.999579843935624000e-01
9.999552367265359000e-01
9.999523440473498000e-01
9.999492998981490000e-01
9.999461022918392000e-01
9.999427539665106000e-01
9.999392622072171000e-01
9.999356382538873000e-01
9.999318963546617000e-01
9.999280525586578000e-01
9.999241233676301000e-01
9.999201243797378000e-01
9.999160690592832000e-01
9.999119677538175000e-01
9.999078270556006000e-01
9.999036495704772000e-01
9.998994341171118000e-01
9.998951763371255000e-01
9.998908696561972000e-01
9.998865065015479000e-01
9.998820796558725000e-01
9.998775836141603000e-01
9.998730158093161000e-01
9.998683775851060000e-01
9.998636748194627000e-01
9.998589181351905000e-01
9.998541226752963000e-01
9.998493074625610000e-01
9.998444944034411000e-01
9.998397070309574000e-01
9.998349691065009000e-01
9.998303032140046000e-01
9.998257294803493000e-01
9.998212645431653000e-01
9.998169208626093000e-01
9.998127064396410000e-01
9.998086249631558000e-01
9.998046763659718000e-01
9.998008577293065000e-01
9.997971644409387000e-01
9.997935914871596000e-01
9.997901347452964000e-01
9.997867921433892000e-01
9.997835645665242000e-01
9.997804564141138000e-01
9.997774757466544000e-01
9.997746340008177000e-01
9.997719452942092000e-01
9.997694253815927000e-01
9.997670903588686000e-01
9.997649552362473000e-01
9.997630325154060000e-01
9.997613309056611000e-01
9.997598543013342000e-01
9.997586011177775000e-01
9.997575640494304000e-01
9.997567302731241000e-01
9.997560820776116000e-01
9.997555978601317000e-01
