2.798873887301968288e+00
1.994512755447170882e+00
3.055979912923540986e+00
2.359255105706601796e+00
2.513168325176408757e+00
2.869207054838490034e+00
3.363024008807012244e+00
3.995770655362558266e+00
4.372207820915060772e+00
4.875426490049028061e+00
4.963885436009533692e+00
4.677570517349476376e+00
4.246921080019585126e+00
3.958155408497403549e+00
3.833278970584089951e+00
4.196110254445811094e+00
5.129729196679722492e+00
5.150057953310470005e+00
5.250057171324277405e+00
4.636594363261245633e+00
3.999067010493127849e+00
4.760805904246790732e+00
3.681209517176832424e+00
3.775244309251181818e+00
3.909075148273731148e+00
4.705457605159165446e+00
4.864342485144675265e+00
4.208024722526193528e+00
4.471285642641060321e+00
4.292084126499442043e+00
4.452046280979196524e+00
4.452020919784227537e+00
4.893534315617895203e+00
4.669731151235638755e+00
5.121859041862014017e+00
4.234395159815594667e+00
4.788599917792510041e+00
3.598350681103466009e+00
4.807610294788342564e+00
4.494630318752193432e+00
4.825543309669312109e+00
4.866453434070985296e+00
4.320839655410989799e+00
5.038974758881286320e+00
4.134688819100586166e+00
3.295566643577861221e+00
3.127010456422914420e+00
2.241808354213798093e+00
3.019879847682544138e+00
2.192545867184261699e+00
