1.747334277990371387e-02
3.207109142877963004e-01
5.915457016381365785e-01
8.030731504013497446e-01
9.347809331164772528e-01
9.744871343924940144e-01
9.193028874925307514e-01
7.756022644225387674e-01
5.580968940244984688e-01
2.881922299653300046e-01
-8.157894541453880599e-03
-3.028768481817955549e-01
-5.682676340616852340e-01
-7.794165654528029119e-01
-9.163479348126881696e-01
-9.657962951591331224e-01
-9.224721652161623764e-01
-7.897054448493925349e-01
-5.793688750931735854e-01
-3.110211617738318779e-01
-1.027100282286187716e-02
2.935530121733443965e-01
5.702461225009630708e-01
7.918136478483877028e-01
9.354626849297642543e-01
9.861384764342743248e-01
9.382744259714087542e-01
7.965090232089518940e-01
5.752516943311515307e-01
2.971329704860586340e-01
-9.473397051782753153e-03
-3.135440215196578229e-01
-5.847269688735354798e-01
-7.964870293802199797e-01
-9.287173682988086876e-01
-9.695542494830290403e-01
-9.162547263243359108e-01
-7.751250285227571091e-01
-5.605974909234237025e-01
-2.936304677849012612e-01
3.575330343308508185e-04
2.938076091020653813e-01
5.594062290263739357e-01
7.723825294095373328e-01
9.125913479971137221e-01
9.662714060235272351e-01
9.273690067996621655e-01
7.983115788858243800e-01
5.901152221313995527e-01
3.217302448344235843e-01
1.857888048215260157e-02
-2.896777546091079958e-01
-5.719989131637764901e-01
-7.991909173796927224e-01
-9.471459224384322084e-01
-9.996834399714372710e-01
-9.505935753590408765e-01
-8.045595083061898301e-01
-5.767791224568569186e-01
-2.912907145085656402e-01
2.179678031956266970e-02
3.297992639553588012e-01
6.011987947577841496e-01
8.091220782392181121e-01
9.341054777081663207e-01
9.658282890726559433e-01
9.036748744753249074e-01
7.561744415896864968e-01
5.395270068393602791e-01
2.755256756160203158e-01
-1.078604112905848234e-02
-2.934244260286351103e-01
-5.475371568254416843e-01
-7.511407274616691554e-01
-8.865243084547197450e-01
-9.413754818165654958e-01
-9.096835694075759982e-01
-7.924265573368248772e-01
-5.979690763623074501e-01
-3.420236248713686700e-01
-4.698919016738303811e-02
2.594935829695635965e-01
5.468343332964494818e-01
7.845381045087422844e-01
9.457234515107268980e-01
1.010663388367047721e+00
9.697929330757465438e-01
8.256224588010824261e-01
5.931101576520315666e-01
2.982697657217336928e-01
-2.491556436618269643e-02
-3.388927205740341897e-01
-6.076112205819158563e-01
-8.014767878544523105e-01
-9.013862012477085184e-01
-9.011865468240646271e-01
-8.081682697160327278e-01
-6.415367536706559903e-01
-4.291423564480230102e-01
-2.030164464742043040e-01
