0.017473342779906295
0.3207109142877943
0.5915457016381308
0.8030731504013416
0.9347809331164684
0.9744871343924861
0.9193028874925251
0.775602264422536
0.5580968940244984
0.2881922299653321
-0.008157894541450314
-0.3028768481817912
-0.5682676340616808
-0.7794165654527988
-0.9163479348126847
-0.965796295159131
-0.9224721652161622
-0.7897054448493943
-0.5793688750931767
-0.3110211617738355
-0.010271002822865083
0.29355301217334195
0.5702461225009612
0.7918136478483855
0.93546268492976
0.9861384764342668
0.9382744259713979
0.7965090232089383
0.5752516943311365
0.29713297048604403
-0.009473397051794799
-0.3135440215196653
-0.5847269688735368
-0.7964870293802147
-0.928717368298797
-0.9695542494830124
-0.9162547263243163
-0.7751250285227371
-0.5605974909234059
-0.29363046778488805
3.575330343375954E-4
0.29380760910206444
0.5594062290263648
0.7723825294095206
0.9125913479970906
0.9662714060234999
0.9273690067996339
0.7983115788857985
0.5901152221313792
0.32173024483441126
0.01857888048214927
-0.2896777546091028
-0.5719989131637644
-0.7991909173796762
-0.947145922438414
-0.9996834399714201
-0.9505935753590268
-0.8045595083061796
-0.5767791224568517
-0.29129071450856625
0.021796780319555828
0.32979926395534576
0.6011987947577655
0.8091220782391947
0.9341054777081396
0.9658282890726281
0.9036748744752986
0.756174441589664
0.5395270068393432
0.27552567561601027
-0.010786041129060883
-0.2934244260286302
-0.5475371568254305
-0.7511407274616533
-0.8865243084547012
-0.9413754818165457
-0.9096835694075559
-0.792426557336806
-0.5979690763622916
-0.34202362487135723
-0.046989190167377445
0.2594935829695628
0.5468343332964427
0.7845381045087305
0.9457234515107117
1.0106633883670315
0.9697929330757312
0.8256224588010698
0.5931101576520239
0.29826976572173325
-0.02491556436617512
-0.3388927205740192
-0.6076112205818958
-0.8014767878544307
-0.9013862012476898
-0.9011865468240524
-0.808168269716029
-0.6415367536706603
-0.42914235644803383
-0.20301644647421835
