0.000000000000000000e+00
3.090169943749474513e-01
5.877852522924730261e-01
8.090169943749475623e-01
9.510565162951533091e-01
9.999999999999994449e-01
9.510565162951533091e-01
8.090169943749461190e-01
5.877852522924728040e-01
3.090169943749480619e-01
1.286498119741309280e-15
-3.090169943749483950e-01
-5.877852522924738032e-01
-8.090169943749483394e-01
-9.510565162951508666e-01
-1.000000000000000888e+00
-9.510565162951546414e-01
-8.090169943749483394e-01
-5.877852522924743583e-01
-3.090169943749482284e-01
2.083137519823677179e-15
3.090169943749466741e-01
5.877852522924751355e-01
8.090169943749433434e-01
9.510565162951519769e-01
9.999999999999997780e-01
9.510565162951556406e-01
8.090169943749440096e-01
5.877852522924787992e-01
3.090169943749477843e-01
2.083137519823677179e-15
-3.090169943749505044e-01
-5.877852522924748024e-01
-8.090169943749470072e-01
-9.510565162951519769e-01
-1.000000000000003109e+00
-9.510565162951559737e-01
-8.090169943749472292e-01
-5.877852522924722489e-01
-3.090169943749508374e-01
4.166275039647354359e-15
3.090169943749422332e-01
5.877852522924738032e-01
8.090169943749515591e-01
9.510565162951578611e-01
1.000000000000000888e+00
9.510565162951616358e-01
8.090169943749443426e-01
5.877852522924708056e-01
3.090169943749421222e-01
1.103420080505794614e-15
-3.090169943749436210e-01
-5.877852522924686962e-01
-8.090169943749466741e-01
-9.510565162951460927e-01
-1.000000000000001998e+00
-9.510565162951429841e-01
-8.090169943749522252e-01
-5.877852522924736922e-01
-3.090169943749443981e-01
2.696698880670530214e-15
3.090169943749469517e-01
5.877852522924793544e-01
8.090169943749465631e-01
9.510565162951494234e-01
9.999999999999951150e-01
9.510565162951534202e-01
8.090169943749385695e-01
5.877852522924766898e-01
3.090169943749347392e-01
3.676416319988412977e-15
-3.090169943749459525e-01
-5.877852522924768008e-01
-8.090169943749503378e-01
-9.510565162951543083e-01
-9.999999999999936717e-01
-9.510565162951514218e-01
-8.090169943749440096e-01
-5.877852522924680301e-01
-3.090169943749471737e-01
8.332550079294708717e-15
3.090169943749442316e-01
5.877852522924879031e-01
8.090169943749405679e-01
9.510565162951551965e-01
1.000000000000003331e+00
9.510565162951450935e-01
8.090169943749349057e-01
5.877852522924827960e-01
3.090169943749433434e-01
-8.560147981299703206e-16
-3.090169943749407344e-01
-5.877852522924565948e-01
-8.090169943749582204e-01
-9.510565162951494234e-01
-9.999999999999995559e-01
-9.510565162951598595e-01
-8.090169943749379033e-01
-5.877852522924623679e-01
-3.090169943749566661e-01
