6.351126637205270486e-02
6.335091262798370204e-02
6.294922479625290890e-02
6.230620287686035319e-02
6.142184686980602104e-02
6.029615677508991939e-02
5.891876659423560258e-02
5.730413133531780945e-02
5.545875256464878611e-02
5.339006097122309114e-02
5.110638644595560248e-02
4.861692454015090203e-02
4.593169943826358459e-02
4.306152359404546992e-02
4.001795419261055392e-02
3.681324661372957496e-02
3.346030508374110007e-02
2.997263071478660154e-02
2.636426714059689203e-02
2.264974396773579771e-02
1.884401827000263888e-02
1.496241436157500979e-02
1.102056209140424813e-02
7.034333907330094990e-03
3.019780943335461515e-03
-1.006931612705136382e-03
-5.029589610531610619e-03
-9.031995226158785403e-03
-1.299803218479664291e-02
-1.691173065540079595e-02
-2.075733155554558562e-02
-2.451935000768704770e-02
-2.818263769129934412e-02
-3.173244383981513317e-02
-3.515447463675630546e-02
-3.843495077188806286e-02
-4.156066292563776604e-02
-4.451902495836294882e-02
-4.729812459029323485e-02
-4.988677136807678075e-02
-5.227454172478616240e-02
-5.445182095194361915e-02
-5.640984191455849367e-02
-5.814072035328564370e-02
-5.963748663155511720e-02
-6.089411379983855621e-02
-6.190554186404812614e-02
-6.266769816034636897e-02
-6.317751375432649474e-02
-6.343293579852769815e-02
-6.343293579852771202e-02
-6.317751375432639760e-02
-6.266769816034632734e-02
-6.190554186404807757e-02
-6.089411379983854233e-02
-5.963748663155510332e-02
-5.814072035328566451e-02
-5.640984191455852143e-02
-5.445182095194363303e-02
-5.227454172478619016e-02
-4.988677136807678769e-02
-4.729812459029324873e-02
-4.451902495836295576e-02
-4.156066292563782849e-02
-3.843495077188811837e-02
-3.515447463675637485e-02
-3.173244383981516786e-02
-2.818263769129936841e-02
-2.451935000768705464e-02
-2.075733155554559256e-02
-1.691173065540079595e-02
-1.299803218479667934e-02
-9.031995226158814893e-03
-5.029589610531647048e-03
-1.006931612705176064e-03
3.019780943335398631e-03
7.034333907330036009e-03
1.102056209140420649e-02
1.496241436157500632e-02
1.884401827000265275e-02
2.264974396773577342e-02
2.636426714059684692e-02
2.997263071478657032e-02
3.346030508374110701e-02
3.681324661372951945e-02
4.001795419261051229e-02
4.306152359404545604e-02
4.593169943826357765e-02
4.861692454015083265e-02
5.110638644595554003e-02
5.339006097122310501e-02
5.545875256464877223e-02
5.730413133531780251e-02
5.891876659423562340e-02
6.029615677509000266e-02
6.142184686980614594e-02
6.230620287686043646e-02
6.294922479625292278e-02
6.335091262798359102e-02
6.351126637205245506e-02
