3.492767979945379103e-02
1.017995339315004855e-01
1.711594968784534154e-01
2.408641651061668720e-01
3.087701350804951117e-01
3.727340032672957770e-01
4.301723714110860519e-01
4.599829519266178113e-01
5.161431858686544860e-01
5.690701068187341560e-01
5.757355948022877534e-01
5.798826623893742482e-01
6.008971588096942984e-01
6.475078206723903218e-01
6.823203237234010121e-01
7.043646503221884236e-01
7.567440791700059677e-01
8.088158573066180912e-01
8.929844689171942962e-01
9.223235903438856687e-01
9.288004771392811554e-01
9.556233278560204436e-01
9.452036928953735373e-01
9.667609159643717476e-01
9.620252272922258374e-01
9.382545774441914954e-01
9.316656928836459794e-01
9.490512126647231428e-01
9.795455990177712735e-01
9.537721518500774653e-01
9.547812119735236136e-01
9.353960595145085488e-01
9.117372037636951587e-01
8.774713173210615391e-01
8.037667706648661259e-01
7.314502575082657554e-01
6.653475671037534234e-01
6.488526697866909831e-01
6.220242727639476721e-01
5.851711023351645613e-01
5.567745768148750773e-01
4.954307949880868422e-01
4.398189406868446283e-01
3.683706237777800707e-01
3.100834963228810137e-01
2.310577023075734704e-01
1.801538042985560695e-01
1.310698965212416522e-01
6.770091531826265274e-02
1.089464648910420594e-02
-5.588678702803696885e-02
-9.928947645567021141e-02
-1.616520106523864353e-01
-2.071862274741450016e-01
-2.536413607737126874e-01
-3.150683526667286682e-01
-3.655873185571305584e-01
-4.223780616368417729e-01
-5.025434578828746890e-01
-5.936297400105676747e-01
-6.597619843092897840e-01
-6.836079878453911185e-01
-7.386743083918626551e-01
-7.747705336001229348e-01
-7.893164913565561269e-01
-8.013848718193621323e-01
-8.341837128489457687e-01
-8.356806245096001229e-01
-8.749122367904965669e-01
-8.831157746521399732e-01
-9.311588581330436654e-01
-9.451393796757574517e-01
-9.692456877392343628e-01
-9.795726251723638756e-01
-9.708701183929833167e-01
-1.012561379354235180e+00
-1.043182859028247034e+00
-1.043402391581096600e+00
-1.015849839659255904e+00
-9.522037947722873374e-01
-9.579210962239959049e-01
-9.352896592001778142e-01
-8.941110475769047383e-01
-8.423243695732287595e-01
-7.949543778854415432e-01
-7.748939685542652889e-01
-7.483495482379090014e-01
-6.883514439627069770e-01
-6.122567556646272280e-01
-5.593127499258563340e-01
-5.117957840319476981e-01
-4.969404591696651163e-01
-4.517190594115587654e-01
-3.977657966153227420e-01
-3.512658340487582742e-01
-2.878687998938994630e-01
-2.189552137646920138e-01
-1.463250259428365285e-01
-7.177818671003199924e-02
2.885353652022470961e-03
