0.03492767979945372
0.10179953393150028
0.17115949687845322
0.24086416510616673
0.3087701350804949
0.3727340032672924
0.43017237141108267
0.4599829519266144
0.5161431858686516
0.5690701068187309
0.5757355948022846
0.5798826623893714
0.6008971588096909
0.6475078206723869
0.6823203237233979
0.7043646503221846
0.7567440791700021
0.8088158573066142
0.8929844689171903
0.9223235903438818
0.9288004771392777
0.9556233278560171
0.9452036928953705
0.9667609159643684
0.962025227292223
0.9382545774441895
0.9316656928836433
0.9490512126647204
0.9795455990177686
0.9537721518500752
0.9547812119735221
0.935396059514507
0.9117372037636944
0.8774713173210608
0.8037667706648656
0.7314502575082652
0.6653475671037535
0.6488526697866911
0.6220242727639478
0.5851711023351654
0.5567745768148757
0.4954307949880879
0.43981894068684496
0.36837062377778107
0.3100834963228833
0.2310577023075758
0.18015380429855837
0.13106989652124407
0.06770091531826479
0.010894646489106073
-0.05588678702803473
-0.0992894764556672
-0.16165201065238294
-0.2071862274741419
-0.25364136077371
-0.3150683526667252
-0.36558731855712717
-0.42237806163683783
-0.5025434578828699
-0.5936297400105635
-0.6597619843092859
-0.6836079878453878
-0.7386743083918592
-0.7747705336001192
-0.789316491356552
-0.8013848718193587
-0.834183712848943
-0.8356806245095971
-0.8749122367904936
-0.8831157746521355
-0.9311588581330399
-0.9451393796757541
-0.9692456877392308
-0.9795726251723608
-0.9708701183929801
-1.0125613793542318
-1.0431828590282435
-1.0434023915810946
-1.0158498396592537
-0.9522037947722858
-0.9579210962239937
-0.9352896592001764
-0.894111047576904
-0.8423243695732282
-0.7949543778854415
-0.7748939685542648
-0.7483495482379089
-0.6883514439627066
-0.6122567556646278
-0.5593127499258571
-0.5117957840319483
-0.4969404591696656
-0.45171905941156
-0.39776579661532424
-0.3512658340487596
-0.2878687998938992
-0.21895521376469182
-0.14632502594283642
-0.07177818671003201
0.002885353652022169
