4.967141530112326869e-02
4.959748953944603800e-02
1.913613073838185130e-01
3.415542300012127663e-01
2.277326497087456270e-01
2.886197500035689867e-01
5.295837372110667740e-01
5.065383850044624658e-01
4.392492975069735017e-01
5.948968218141940101e-01
5.465661597733941779e-01
5.962146343295136042e-01
7.142752386387154484e-01
5.432636841917535264e-01
6.036546810404535002e-01
7.583471991262384915e-01
7.484423179160719641e-01
9.128780967071095098e-01
8.188295878023972296e-01
7.929174901315776403e-01
1.101467118336229234e+00
9.492339382748881116e-01
9.915605734810003513e-01
8.513636458399084228e-01
9.444290667304896525e-01
1.010966386644861714e+00
8.817554182097120385e-01
1.027391243715499947e+00
9.187385772228982006e-01
9.346727835806143414e-01
8.848301574917287748e-01
1.107582112555475229e+00
8.946440518175424739e-01
7.602543108888485390e-01
9.148243458450903143e-01
6.736774755337298082e-01
7.766359338547339508e-01
5.167271589908852825e-01
5.339503956264485263e-01
6.378451098075174075e-01
6.409065218623118954e-01
5.308142196924033884e-01
4.466616934885864754e-01
3.708201658476847351e-01
1.941679442889261420e-01
2.097481360019587404e-01
1.742466556905620523e-01
2.637136185952414502e-01
1.294178722610285770e-01
-1.445760820382057388e-01
6.804634414116494945e-04
-1.335642713458142783e-01
-2.256935960039459510e-01
-1.591429039024537806e-01
-1.786326045918347205e-01
-2.488921314140488117e-01
-4.848522877288776733e-01
-4.891477593125317380e-01
-4.805510484330500209e-01
-4.695053511505347110e-01
-6.660764100051342895e-01
-6.853348981826732356e-01
-8.233276687794656157e-01
-8.753702367623252822e-01
-7.145092582914123192e-01
-6.969458517776889739e-01
-8.732264159424721894e-01
-7.956404845021335381e-01
-8.861906915998178924e-01
-1.009512794175180694e+00
-9.277025980091007096e-01
-8.249987895681818451e-01
-9.934040457919278699e-01
-8.403904103705416295e-01
-1.261848638082849527e+00
-9.166770887454855909e-01
-9.851337576374370464e-01
-1.014708488058794877e+00
-9.626354906699914338e-01
-1.153659132904163220e+00
-9.561150490488579123e-01
-8.739207382033435945e-01
-7.336639589734303968e-01
-9.015524517768791490e-01
-8.954253123396547220e-01
-8.263221686502102425e-01
-6.430514968873256576e-01
-6.572039005161436354e-01
-6.957636300632434878e-01
-5.415811857433046050e-01
-5.309330625207934196e-01
-3.893322370471798410e-01
-5.000002214769071474e-01
-4.044286703201040445e-01
-3.512442610117028075e-01
-3.974994819942911928e-01
-1.596392166539521429e-01
-1.004869263557601061e-01
-6.291257399231843517e-02
-2.345871333751493870e-02
