-2.2547390525614006e+01
1.0432137921629899e+01
1.1129188277966470e+01
1.6456719313231666e+01
1.0052200638671422e+01
-1.2980453118331265e+00
-4.4438225836385810e+00
-6.5447565543607809e+00
-1.5609441874542341e+01
2.8314804877224944e+00
1.1562856442042115e+01
-6.6246190048159184e+00
5.2253310507183546e+00
-2.8625309822499485e+00
-5.9609361435847594e+00
9.3266336689964096e+00
-1.2300579219133418e+01
8.9441069610151462e+00
-8.1683961452386473e+00
1.3340964526111636e+01
-1.0322175364704112e+01
-1.5051435204305449e+01
-8.6501165419385408e+00
7.6304102156641012e+00
-5.3307796405497339e+00
1.4606081149007732e+01
-7.8673169433380696e+00
-1.5733054430338629e+00
9.7058538214067767e+00
1.1679071817846996e+01
1.2544447444700255e+00
5.1875355199725721e+00
1.3542335510239147e+01
9.1710711291026907e+00
-1.4008573316721558e+00
9.5908321397013676e+00
-1.3429408460367004e+01
-1.4979126561529570e+01
5.9947107363872476e-01
1.7168864294675776e+00
7.8658483464102424e+00
6.5386407368194810e+00
-1.4485450220024745e+01
-4.5756353310568638e+00
1.7357411926881298e+01
-8.9290228661921685e+00
-3.9067192684733527e+00
1.1833615656454528e+00
-1.2471705548536960e+00
1.9897376861777101e+00
