5.9636357215752067e+00
9.9217995548132709e-01
-3.0812765182329827e+00
4.4773337494620469e+00
5.2164457265724451e+00
-1.2298060727600939e+01
-2.3867518268964716e-02
-7.0792750927720451e+00
7.8273768863330533e+00
-3.1052727572860190e+00
-3.3611194380526497e+00
-1.6192449964199334e+01
1.6565030951700614e+01
4.3364992352869098e+00
8.2348396326239310e+00
1.0150625021278300e+01
-2.0026541384055387e+00
3.3658643285252077e+00
4.9127889969807725e+00
-3.6480922668764499e+00
-6.5798903536602946e+00
-9.1209113390422658e-01
5.4443860364990400e+00
8.6846886805504653e+00
-1.2199483743680286e+01
1.7874097575554790e+00
7.3531102888240625e+00
-1.1402789959891919e+01
1.3138778219835187e+01
-8.3295881200549875e+00
-3.7044455276738431e+00
4.1573550859076862e+00
-1.1549339468934438e+01
