4.9671415301123267e-01
-1.3826430117118427e-01
6.4768853810069227e-01
1.5230298564080251e+00
-2.3415337472333608e-01
-2.3413695694917958e-01
1.5792128155073919e+00
7.6743472915290822e-01
-4.6947438593495244e-01
5.4256004358596466e-01
-4.6341769281246192e-01
-4.6572975357025675e-01
2.4196227156603406e-01
-1.9132802446577977e+00
-1.7249178325130330e+00
-5.6228752924097247e-01
-1.0128311203344238e+00
3.1424733259527404e-01
-9.0802407552121089e-01
-1.4123037013352915e+00
1.4656487689215536e+00
-2.2577630048653535e-01
6.7528204687924046e-02
-1.4247481862134568e+00
-5.4438272452518266e-01
1.1092258970986613e-01
-1.1509935774223035e+00
3.7569801834567251e-01
-6.0063868991880465e-01
-2.9169374979327711e-01
-6.0170661222939692e-01
1.8522781845089380e+00
-1.3497224737934466e-02
-1.0577109289559006e+00
8.2254491210318936e-01
-1.2208436499710222e+00
2.0886359500475582e-01
-1.9596701238797756e+00
-1.3281860488984305e+00
1.9686123586912341e-01
7.3846657999541043e-01
1.7136828118997022e-01
-1.1564828238824042e-01
-3.0110369558928896e-01
-1.4785219903674276e+00
-7.1984420839470853e-01
-4.6063877095978728e-01
1.0571222262189159e+00
3.4361828956846147e-01
-1.7630401553627340e+00
