3.2408396939479511e-01
-3.8508228041631687e-01
-6.7692200030595873e-01
6.1167628884086800e-01
1.0309995224959512e+00
9.3128011911619857e-01
-8.3921752322263887e-01
-3.0921237585121480e-01
3.3126343140356412e-01
9.7554512712235941e-01
-4.7917423784528940e-01
-1.8565897666381709e-01
-1.1063349740060280e+00
-1.1962066240806708e+00
8.1252582239419802e-01
1.3562400285708232e+00
-7.2010121580334041e-02
1.0035328978920242e+00
3.6163602504763426e-01
-6.4511975460512505e-01
3.6139560550841421e-01
1.5380365664659694e+00
-3.5826039109951413e-02
1.5646436558140062e+00
-2.6197451040897448e+00
8.2190250437522350e-01
8.7047068238171432e-02
-2.9900735046586735e-01
9.1760776535502547e-02
-1.9875689146008930e+00
-2.1967188783751213e-01
3.5711257151174658e-01
1.4778940447415163e+00
