-22.547390525614013
10.432137921629904
11.129188277966469
16.456719313231666
10.052200638671414
-1.2980453118331503
-4.443822583638548
-6.544756554360793
-15.609441874542348
2.8314804877224935
11.562856442042095
-6.624619004815914
5.225331050718371
-2.862530982249912
-5.960936143584788
9.326633668996477
-12.300579219133423
8.944106961015136
-8.168396145238642
13.340964526111705
-10.32217536470413
-15.051435204305527
-8.650116541938347
7.6304102156641
-5.33077964054989
14.606081149007776
-7.867316943338073
-1.5733054430338314
9.705853821406663
11.67907181784716
1.254444744469894
5.187535519972716
13.542335510239177
9.171071129102707
-1.4008573316720971
9.59083213970136
-13.429408460366982
-14.979126561529583
0.599471073638741
1.7168864294675459
7.865848346410221
6.5386407368193185
-14.485450220024674
-4.575635331056867
17.35741192688117
-8.92902286619216
-3.9067192684731844
1.1833615656453333
-1.2471705548535321
1.9897376861779619
