1.113097794015574200e-05
8.248944945530144000e-05
8.421494465681085000e-05
3.250558123115976000e-05
1.275097945547436000e-04
1.100575515813750200e-04
3.660372737367485700e-05
6.091800164852534000e-05
8.355919055539290000e-06
1.529761823334094500e-05
1.572110201226540000e-04
1.103571406264220500e-04
2.853984648366042400e-05
2.584696981939060300e-05
3.267326661434629000e-05
1.446649424934152900e-04
1.444962883116611500e-04
1.560081400958393800e-04
8.587897574583478000e-05
4.023793652078643000e-05
1.642625499883815900e-04
4.646737930975365000e-05
2.225398915669015000e-05
5.459889787643221600e-05
2.105468909026616700e-05
3.835056210654423000e-05
5.404132358539559000e-05
1.316558630696328800e-04
8.002386890368611000e-06
1.299147551044991300e-04
1.411187677051507000e-04
4.465035466092352000e-05
5.983346299778377000e-05
1.283512540490228400e-05
4.886653524167227600e-05
8.967982197036259000e-05
1.397269368281007200e-05
5.892048163028186000e-05
1.153409838558490000e-04
2.293466672797222000e-05
3.159890473525796600e-06
5.410667913376287000e-05
6.350640189128207000e-05
1.263362497601609600e-04
5.730494098994837000e-05
6.443589820738983000e-05
4.994409951899770000e-05
7.588635558707530000e-05
6.483367323113528000e-05
7.599820294971428000e-02
3.199480819078431000e-01
8.111823878919684000e-02
1.534648160990111000e-05
9.897899859055981000e-06
2.075201534254975000e-05
2.491525270610432400e-05
3.697709454400595400e-05
6.493584333898126000e-05
5.478745700111759000e-05
1.066970446908072500e-05
2.240073676775994600e-05
3.078823760640424000e-05
1.097665645585620200e-05
6.457162482979934000e-07
8.606135931358320000e-06
1.130972702767695800e-04
1.518674405196701400e-04
9.396681512055390000e-05
2.632305275912594600e-04
1.885220044194144000e-04
1.085106360942042000e-04
1.079295296501797300e-04
2.296640657001965000e-04
1.587017597908090700e-04
1.373672777095443000e-04
8.628902800025350000e-05
5.684281487278332000e-05
3.254812307598234000e-05
1.606295565227442300e-04
1.968340808706962400e-04
1.810739856637167000e-04
7.405847220127953000e-05
5.949749340464680000e-07
2.522922984001971300e-05
2.754276156673395000e-06
2.580690697913907000e-04
3.969093937754423000e-04
1.678193789981584700e-04
1.798063067835311000e-05
1.649761814316363700e-05
1.628691103878544000e-06
7.190021566492833000e-05
5.740421032508346000e-05
6.207141710077395000e-05
1.547639217526067600e-04
1.976855131994875600e-04
3.312919251033286000e-04
3.144028255951654000e-04
1.036507262588790600e-04
4.699312225775554000e-05
3.476247493807854000e-05
7.741788682212078000e-05
1.844963081577915500e-04
2.668982045572778600e-04
1.113986497418160300e-04
7.611803008011562000e-05
1.002242604045116100e-04
2.559158986657351000e-04
2.825484184117745700e-05
6.806711679218951000e-05
4.060933614152055000e-05
8.813927306345963000e-06
1.356435936354505700e-05
1.572135445592431700e-06
5.657187924977041500e-05
6.253108801098834000e-05
1.109624972945348000e-04
3.775972682033551400e-05
5.507429844571831500e-05
2.449473132019536200e-02
8.980267777016063000e-02
2.108793766693229500e-02
3.288827053276482400e-05
3.089508191413170000e-05
1.237386911688339200e-04
1.520442615363320000e-04
1.765644566701465300e-05
1.437409382509390000e-05
6.341251161999840000e-05
6.836337598189877000e-05
2.192031605481586000e-05
2.068470145548729800e-04
4.886084963713231400e-05
7.288399228802964000e-06
4.313295190521828000e-05
2.963114513942621500e-06
7.525545360250020000e-05
3.703682814923746000e-05
7.521954480992444000e-06
3.404450840300961400e-05
9.176000688998045000e-05
5.254007033466083000e-05
1.773589515430017400e-05
5.636507646871450000e-05
2.311628229936367000e-05
6.374665354156972000e-05
9.556421786709858000e-05
2.620421455736239400e-04
3.000201635131751000e-04
1.703419087839421300e-04
1.898944610482640000e-05
2.795500775205745000e-05
5.036640183561635500e-05
5.917926573277036000e-05
3.370249971586079000e-05
7.310714462114015000e-06
2.728418561455270800e-05
4.339314540198320000e-05
9.820438596702306000e-05
2.331921091411320400e-04
1.300251487730219500e-04
1.950835469248383300e-05
1.176662719779202600e-05
1.948121032297647800e-05
4.385111655314124000e-05
8.659920093114531000e-05
4.332738436887716000e-06
5.266502943558275300e-05
1.932879086045263000e-04
1.044326102716976600e-04
1.579123663097827700e-06
6.576619257050661000e-06
1.382427045064726500e-05
1.815405673934265000e-04
2.245992431992869600e-04
2.225407058530987000e-05
7.535770802747907000e-05
2.568454721257195500e-04
9.538898076944424000e-06
1.436597921908113200e-04
1.144321714719952600e-04
1.467326498385777600e-04
1.194985223039152300e-04
6.526454482617303000e-05
5.729044939596949000e-05
9.851718411685935000e-05
1.393322699276815700e-04
1.052266952055062400e-04
1.137065341898678400e-04
3.145133393647923300e-04
1.104001116849117000e-04
4.534385138841074000e-06
1.342069533550599300e-06
4.920777090049201300e-05
8.764875485385625000e-05
9.374325973765833000e-05
1.225592255477230300e-04
1.923728166259379700e-05
6.518237441000312000e-05
1.373742237129275800e-04
1.500216435869875700e-04
2.388778664745002000e-05
1.740671921961002300e-06
4.313135430749059400e-06
7.521196665312120000e-05
5.015277649065782000e-05
2.993897333094037400e-07
2.862067658245930600e-05
1.251810310015422000e-04
7.157239491294695000e-05
3.212482393121991000e-05
2.602085646623909400e-05
2.845966880178922000e-06
1.092950023761388100e-04
1.644981524135205300e-04
1.284134429354683000e-04
1.944962704886761600e-04
3.943628650515514000e-05
4.323519120819594600e-05
3.751035730759930500e-05
1.972519774664869700e-04
4.190821267585954000e-04
7.768069852912303000e-05
1.757788407904669300e-05
7.262718382045434000e-05
1.490846574814733000e-05
1.188615116931300700e-04
1.217322324705737200e-04
7.236462025012451000e-05
8.908281686920863000e-05
4.834296578750632000e-05
2.957811064985965300e-05
4.037810755462442000e-05
3.726485832792331000e-05
1.103442194207925700e-04
8.326533269640043000e-06
2.932118216289058200e-05
5.048881397715929000e-05
1.212251116062291700e-05
7.610296366642659000e-05
4.161268944559095000e-05
1.397686827541603500e-05
5.068470530029230000e-06
1.222058065768861000e-06
8.971029453953712000e-05
8.232140116230054000e-05
6.603676429448475000e-05
3.663930139833170000e-05
3.522029165760903000e-06
3.754119555981563000e-05
2.818696896741282500e-05
1.000999789626518300e-05
3.116026586742838000e-05
6.774461470982038000e-05
1.226473073762437100e-04
8.291138137811543000e-05
5.406626453101519000e-05
5.071326298128830300e-05
3.212148996218915000e-08
1.986537455499779700e-05
9.066098159791924000e-06
5.969135803992507500e-05
4.925395444797808000e-05
1.319723461422776600e-04
3.944767913464005700e-04
4.039825162747699500e-04
6.570848261384043000e-05
3.492412098536040300e-07
4.015207255116743000e-05
1.411646537558091000e-04
7.349671006424257000e-05
1.075260855527876500e-06
2.471647572100584300e-06
1.943798459752292200e-05
6.445538947838278000e-05
1.925922405001807000e-05
3.202084019703608500e-05
9.274583454866339000e-05
1.895084856212165100e-04
1.839494725347451200e-05
1.367869638900008700e-04
4.024863363222219700e-05
2.371169144474712800e-05
1.151945397725375000e-05
3.589045688226805000e-05
2.495161792586900700e-05
6.127057050896779000e-05
6.653515610675793000e-05
6.156097374443739000e-05
3.250971139720680000e-05
5.955785509038488000e-05
4.271941959546279500e-05
5.855524746444487000e-05
1.340163528042339000e-04
6.997239869036974000e-05
7.761328807042380000e-06
1.366142040079391000e-05
2.827284181250684400e-05
1.269011591615666000e-04
8.484414213481680000e-05
7.147270768354016000e-05
1.411995678777558600e-04
6.276414767112490000e-05
8.212373190201283000e-05
1.350512381917078900e-04
2.069500542479385800e-05
2.531646634416246700e-05
7.650586972573978000e-05
1.089297367944855800e-04
2.460463376990933500e-05
5.924454070758186000e-05
8.771966922544053000e-05
5.176738670880072500e-05
4.836071219502086500e-05
2.294289105196618600e-04
2.420765560362786800e-04
1.087555744917575400e-04
8.410597588894617000e-06
1.427821094905401800e-05
4.228553878815646000e-05
6.294158512205150000e-05
6.996183555030632000e-05
4.143202191893560500e-05
6.418745117109910000e-05
8.997126203553088000e-05
8.441219951314970000e-05
1.211851440287946400e-04
1.516571960504474200e-04
2.781252233931326000e-04
3.537511315689806000e-04
1.622358669217967700e-04
2.832404369302462300e-05
7.619608198097888000e-05
2.050480203176822400e-04
6.314052585316656000e-05
5.592174636419313000e-05
8.590247342312857000e-05
1.492391282947418900e-05
8.989738718852043000e-06
8.994651587831566000e-05
5.802380858163417000e-05
4.681516895584395600e-05
2.848726924672517000e-04
1.855471348373677200e-04
7.169871853690773000e-05
1.355408111869358000e-04
6.059476390250368000e-05
7.574603963684238000e-05
3.617859361777626000e-05
3.313020250171002300e-06
2.476765319889663300e-05
3.305059702596387000e-05
1.286316486591901000e-05
7.267869984021372000e-05
1.466794876678497400e-04
1.760856357161878400e-04
9.616018090649711000e-05
2.289667569688961400e-05
3.819482302630582000e-05
3.335968224207095000e-05
2.050714585068010700e-05
4.376479663097148000e-05
6.643217831499831000e-05
8.549012063854461000e-06
2.097294617694501000e-06
3.888365446888138000e-05
8.683691033506387000e-05
2.207792249177585000e-04
1.094470421335015700e-04
3.594399209229500000e-05
2.022856391679335200e-04
1.644190910645566500e-04
1.010179912811624600e-04
6.475643049310925000e-05
1.533637135684142500e-06
3.608609747867674000e-05
1.319214584744194700e-04
1.113679493391244400e-04
1.252127528048417700e-04
7.818006827130663000e-05
8.385949739344205000e-05
1.757334330369661300e-05
6.181003810996399000e-05
1.311811756395435600e-04
2.440870848034921200e-04
1.155927611006152300e-04
6.738136498646084000e-05
4.515129955873258500e-05
3.185378349363084000e-05
6.056582421930282000e-05
4.173986803358026000e-06
9.596509876412956000e-05
6.454379591702810000e-05
6.253343586494750000e-05
1.865916491053974500e-05
3.529461652136224600e-05
8.727283959238240000e-05
1.275826348422347700e-04
2.232914566178085600e-04
2.006577850091178500e-04
3.787072944125947000e-05
2.370066125381527400e-04
3.763702418566497000e-04
1.899409119046022000e-04
4.095100236243840000e-05
8.958495847924666000e-05
7.012537603980399000e-05
9.554502393432125000e-06
1.261275655948688700e-05
2.096345849537247600e-05
5.907656807388559000e-06
7.351691253980901000e-06
1.917848692597882000e-05
1.347013293230022000e-05
1.999010469670506800e-05
2.424708926759502800e-04
1.821953358514686000e-04
9.974777072912595000e-06
1.879552213531332000e-04
2.295874806718253500e-04
6.671555761158720000e-05
1.658413456038516000e-04
2.668462612021566600e-05
2.679819625050845500e-05
1.050286632323679800e-04
5.216890295343993000e-05
2.533949998717468500e-05
8.030060014491159000e-05
5.374012927836078000e-05
6.375177765859489000e-05
6.026273449237398000e-05
3.002487896731884300e-05
5.598497017291027500e-05
2.292116550821520000e-04
2.488523297610206000e-05
1.253138379532335500e-04
1.215249056127213300e-04
9.337197396620616000e-05
9.332196031530220000e-05
4.370071500939227000e-05
2.695840209589902000e-05
2.829279170955090800e-05
2.670339568155849700e-05
5.208424757569713000e-06
2.454121978434340000e-05
1.612383063592292000e-05
7.599415898013218000e-05
3.697359915128757000e-05
2.311652922861712400e-05
1.638291367637353400e-04
3.125035352951915300e-04
4.048079249437179500e-04
1.197779031191048900e-04
4.936564042610202000e-05
2.055583284653126700e-04
4.727619924579725600e-05
1.450401671062391000e-05
1.009657129762013000e-05
7.561928630840278000e-05
2.171039851568940200e-05
2.547710390399344000e-05
8.193754801734800000e-05
1.522295287613759000e-04
6.232120339255573000e-05
2.975152217120611600e-05
9.781946358590705000e-06
3.869335634501525000e-06
5.435211649963762000e-05
8.525713245020642000e-05
1.359436174073121000e-05
1.081991716589068700e-05
2.340740793556914000e-05
1.038138709814836100e-04
7.813715425176633000e-06
8.628177924465740000e-05
6.405303870580002000e-05
4.115942017634769000e-06
5.127135396979953400e-05
1.301055727500128500e-04
3.569108354070008000e-05
6.322997102983877000e-05
1.207953487046023800e-04
8.954334602224590000e-05
9.339036775454926000e-05
1.697438433158736500e-04
7.217924413848544000e-05
1.842249383457518000e-05
6.807842348412810000e-05
3.452331420843145000e-05
1.195631701337508000e-04
3.808137603543283000e-05
9.302339026988771000e-06
1.638367600956175500e-06
2.061384825228729700e-05
6.918632503654930000e-05
6.131754832739290000e-06
1.893927792948061500e-04
4.258972915971743000e-05
3.749880449983478000e-05
3.558386943094113600e-05
4.938235739222202000e-09
