1.113097794015578952e-05
8.248944945530128068e-05
8.421494465681071901e-05
3.250558123115960505e-05
1.275097945547431957e-04
1.100575515813752265e-04
3.660372737367476845e-05
6.091800164852575274e-05
8.355919055539399152e-06
1.529761823334100556e-05
1.572110201226527943e-04
1.103571406264219662e-04
2.853984648366058327e-05
2.584696981939068456e-05
3.267326661434669951e-05
1.446649424934196492e-04
1.444962883116594657e-04
1.560081400958387803e-04
8.587897574583456053e-05
4.023793652078553083e-05
1.642625499883810711e-04
4.646737930975352243e-05
2.225398915669041309e-05
5.459889787642996611e-05
2.105468909026599736e-05
3.835056210654433855e-05
5.404132358539681961e-05
1.316558630696341515e-04
8.002386890369912325e-06
1.299147551044994256e-04
1.411187677051479062e-04
4.465035466092792600e-05
5.983346299778465082e-05
1.283512540490292143e-05
4.886653524168255511e-05
8.967982197036189875e-05
1.397269368280999455e-05
5.892048163028643933e-05
1.153409838558559330e-04
2.293466672797093956e-05
3.159890473525662377e-06
5.410667913376937641e-05
6.350640189128266169e-05
1.263362497601570053e-04
5.730494098994677566e-05
6.443589820739052025e-05
4.994409951899591704e-05
7.588635558707544843e-05
6.483367323113814918e-05
7.599820294971550150e-02
3.199480819078433513e-01
8.111823878919613429e-02
1.534648160989680803e-05
9.897899859056569249e-06
2.075201534254967999e-05
2.491525270610480200e-05
3.697709454400669929e-05
6.493584333897893328e-05
5.478745700111907881e-05
1.066970446908125217e-05
2.240073676776233787e-05
3.078823760640475013e-05
1.097665645585595007e-05
6.457162482980865472e-07
8.606135931358851085e-06
1.130972702767771873e-04
1.518674405196689483e-04
9.396681512054879119e-05
2.632305275912487775e-04
1.885220044194101997e-04
1.085106360942177746e-04
1.079295296501797967e-04
2.296640657002098687e-04
1.587017597908033225e-04
1.373672777095496665e-04
8.628902800026088272e-05
5.684281487278405897e-05
3.254812307598121067e-05
1.606295565227335194e-04
1.968340808706923648e-04
1.810739856637100134e-04
7.405847220127612877e-05
5.949749340463954268e-07
2.522922984001901465e-05
2.754276156674616369e-06
2.580690697913947621e-04
3.969093937754516218e-04
1.678193789981451101e-04
1.798063067835192690e-05
1.649761814316832968e-05
1.628691103883649955e-06
7.190021566490959555e-05
5.740421032509078004e-05
6.207141710077341710e-05
1.547639217526152432e-04
1.976855131994994597e-04
3.312919251033291700e-04
3.144028255951701123e-04
1.036507262588811848e-04
4.699312225775077322e-05
3.476247493807933309e-05
7.741788682211867717e-05
1.844963081577964572e-04
2.668982045572821965e-04
1.113986497418155598e-04
7.611803008011090645e-05
1.002242604045086333e-04
2.559158986657343354e-04
2.825484184117647819e-05
6.806711679218848006e-05
4.060933614152423276e-05
8.813927306345246566e-06
1.356435936355002356e-05
1.572135445592588156e-06
5.657187924976895090e-05
6.253108801098114066e-05
1.109624972945442880e-04
3.775972682032963877e-05
5.507429844571628229e-05
2.449473132019591368e-02
8.980267777016026631e-02
2.108793766693224658e-02
3.288827053275805479e-05
3.089508191413653352e-05
1.237386911688355981e-04
1.520442615363367463e-04
1.765644566701570379e-05
1.437409382509679394e-05
6.341251161999450698e-05
6.836337598190089587e-05
2.192031605481697853e-05
2.068470145548767470e-04
4.886084963714819031e-05
7.288399228800412804e-06
4.313295190521360871e-05
2.963114513942112900e-06
7.525545360248690817e-05
3.703682814923502917e-05
7.521954480990493420e-06
3.404450840300779100e-05
9.176000688997240032e-05
5.254007033467044232e-05
1.773589515430723144e-05
5.636507646872686511e-05
2.311628229935902966e-05
6.374665354156790491e-05
9.556421786708137222e-05
2.620421455736380873e-04
3.000201635131936168e-04
1.703419087839498278e-04
1.898944610483024496e-05
2.795500775205509374e-05
5.036640183561346133e-05
5.917926573277126076e-05
3.370249971586091196e-05
7.310714462111058190e-06
2.728418561455448992e-05
4.339314540197488019e-05
9.820438596701546591e-05
2.331921091411448381e-04
1.300251487730261549e-04
1.950835469248124075e-05
1.176662719779161794e-05
1.948121032297834836e-05
4.385111655316907748e-05
8.659920093112090562e-05
4.332738436888219205e-06
5.266502943557230449e-05
1.932879086045218291e-04
1.044326102717362003e-04
1.579123663098200574e-06
6.576619257056459546e-06
1.382427045065421362e-05
1.815405673934502033e-04
2.245992431992861445e-04
2.225407058530207610e-05
7.535770802747671245e-05
2.568454721257286064e-04
9.538898076929291348e-06
1.436597921908192921e-04
1.144321714719886583e-04
1.467326498385984634e-04
1.194985223039300866e-04
6.526454482616149844e-05
5.729044939596403371e-05
9.851718411686225126e-05
1.393322699277125198e-04
1.052266952055120664e-04
1.137065341898554482e-04
3.145133393648218774e-04
1.104001116849123628e-04
4.534385138840976059e-06
1.342069533551345762e-06
4.920777090048018208e-05
8.764875485385994569e-05
9.374325973766726029e-05
1.225592255476910960e-04
1.923728166259369238e-05
6.518237441000012842e-05
1.373742237129339230e-04
1.500216435869695171e-04
2.388778664745952359e-05
1.740671921963235295e-06
4.313135430749324554e-06
7.521196665312639520e-05
5.015277649066342454e-05
2.993897333059702378e-07
2.862067658248522813e-05
1.251810310015613506e-04
7.157239491295800564e-05
3.212482393121289493e-05
2.602085646625216554e-05
2.845966880178977715e-06
1.092950023761331339e-04
1.644981524135131351e-04
1.284134429354809282e-04
1.944962704886633712e-04
3.943628650514155801e-05
4.323519120819678622e-05
3.751035730759943364e-05
1.972519774664707867e-04
4.190821267586200766e-04
7.768069852911828463e-05
1.757788407904206814e-05
7.262718382045921467e-05
1.490846574814325394e-05
1.188615116931129157e-04
1.217322324705744400e-04
7.236462025013719432e-05
8.908281686918539726e-05
4.834296578750361950e-05
2.957811064987006183e-05
4.037810755464390746e-05
3.726485832792638103e-05
1.103442194207836387e-04
8.326533269637605012e-06
2.932118216288236612e-05
5.048881397719033967e-05
1.212251116061771764e-05
7.610296366644541289e-05
4.161268944558660701e-05
1.397686827541175899e-05
5.068470530028881579e-06
1.222058065766786046e-06
8.971029453948411786e-05
8.232140116230770492e-05
6.603676429447837590e-05
3.663930139834165435e-05
3.522029165760648433e-06
3.754119555981334338e-05
2.818696896740861997e-05
1.000999789626288586e-05
3.116026586741228017e-05
6.774461470983214302e-05
1.226473073762868106e-04
8.291138137817415121e-05
5.406626453101078482e-05
5.071326298130506119e-05
3.212148996204381597e-08
1.986537455502376999e-05
9.066098159794565289e-06
5.969135803990803274e-05
4.925395444799357151e-05
1.319723461422304413e-04
3.944767913463933032e-04
4.039825162747563941e-04
6.570848261382000309e-05
3.492412098531369983e-07
4.015207255116410982e-05
1.411646537558468675e-04
7.349671006416142903e-05
1.075260855526559182e-06
2.471647572097129652e-06
1.943798459751313679e-05
6.445538947838799586e-05
1.925922405002004586e-05
3.202084019703755588e-05
9.274583454867652368e-05
1.895084856212100356e-04
1.839494725348636044e-05
1.367869638898975735e-04
4.024863363223805306e-05
2.371169144475136672e-05
1.151945397726433761e-05
3.589045688227348636e-05
2.495161792588482990e-05
6.127057050900253565e-05
6.653515610677775854e-05
6.156097374444145689e-05
3.250971139721217873e-05
5.955785509037925371e-05
4.271941959546629808e-05
5.855524746444045706e-05
1.340163528042558202e-04
6.997239869036124299e-05
7.761328807037607962e-06
1.366142040079774121e-05
2.827284181251140822e-05
1.269011591615170926e-04
8.484414213481847127e-05
7.147270768350102944e-05
1.411995678777445582e-04
6.276414767113222353e-05
8.212373190200872547e-05
1.350512381917273741e-04
2.069500542479313311e-05
2.531646634414775270e-05
7.650586972572103492e-05
1.089297367944891355e-04
2.460463376988436833e-05
5.924454070759155891e-05
8.771966922544404115e-05
5.176738670887922076e-05
4.836071219505074111e-05
2.294289105196849578e-04
2.420765560363464738e-04
1.087555744917843967e-04
8.410597588890287245e-06
1.427821094905769708e-05
4.228553878814064808e-05
6.294158512203416401e-05
6.996183555031902765e-05
4.143202191895985773e-05
6.418745117106883496e-05
8.997126203535040477e-05
8.441219951308532405e-05
1.211851440288920430e-04
1.516571960504600747e-04
2.781252233931650209e-04
3.537511315690734207e-04
1.622358669217503909e-04
2.832404369300427094e-05
7.619608198094750284e-05
2.050480203177031601e-04
6.314052585318447801e-05
5.592174636406093671e-05
8.590247342311736430e-05
1.492391282947391939e-05
8.989738718845070091e-06
8.994651587829530486e-05
5.802380858161422479e-05
4.681516895584646333e-05
2.848726924672217802e-04
1.855471348373584459e-04
7.169871853687037426e-05
1.355408111869394990e-04
6.059476390248710680e-05
7.574603963686590878e-05
3.617859361781173070e-05
3.313020250163453916e-06
2.476765319890450318e-05
3.305059702596745868e-05
1.286316486592775928e-05
7.267869984024197564e-05
1.466794876678909694e-04
1.760856357161800340e-04
9.616018090650596290e-05
2.289667569688449088e-05
3.819482302627726447e-05
3.335968224205889830e-05
2.050714585067483857e-05
4.376479663101896675e-05
6.643217831500362197e-05
8.549012063861835740e-06
2.097294617697298779e-06
3.888365446888753858e-05
8.683691033509966721e-05
2.207792249177952936e-04
1.094470421334777074e-04
3.594399209233629981e-05
2.022856391678810764e-04
1.644190910645554858e-04
1.010179912811851868e-04
6.475643049310190157e-05
1.533637135683824677e-06
3.608609747867798839e-05
1.319214584743728458e-04
1.113679493391420264e-04
1.252127528048539154e-04
7.818006827123954625e-05
8.385949739348274950e-05
1.757334330373243618e-05
6.181003810996285066e-05
1.311811756395764945e-04
2.440870848034203990e-04
1.155927611007113455e-04
6.738136498646354877e-05
4.515129955871703996e-05
3.185378349362209404e-05
6.056582421928893677e-05
4.173986803362520638e-06
9.596509876408808781e-05
6.454379591702368957e-05
6.253343586494401025e-05
1.865916491051672905e-05
3.529461652136070825e-05
8.727283959253101118e-05
1.275826348420881860e-04
2.232914566177832713e-04
2.006577850090949188e-04
3.787072944125171974e-05
2.370066125380533475e-04
3.763702418566613290e-04
1.899409119045151573e-04
4.095100236244833926e-05
8.958495847922296634e-05
7.012537603980851446e-05
9.554502393396603971e-06
1.261275655944019650e-05
2.096345849535443417e-05
5.907656807388120568e-06
7.351691253983857344e-06
1.917848692598466242e-05
1.347013293230054130e-05
1.999010469670564402e-05
2.424708926759301924e-04
1.821953358514524020e-04
9.974777072917427771e-06
1.879552213530162239e-04
2.295874806718615894e-04
6.671555761160569381e-05
1.658413456037861086e-04
2.668462612021574369e-05
2.679819625038404313e-05
1.050286632323449237e-04
5.216890295343096484e-05
2.533949998715144894e-05
8.030060014490827047e-05
5.374012927834728135e-05
6.375177765858687875e-05
6.026273449237244044e-05
3.002487896731289050e-05
5.598497017293193185e-05
2.292116550821261291e-04
2.488523297609806224e-05
1.253138379532504594e-04
1.215249056127128423e-04
9.337197396631940387e-05
9.332196031533908636e-05
4.370071500934913724e-05
2.695840209586874894e-05
2.829279170960827879e-05
2.670339568156572389e-05
5.208424757530863387e-06
2.454121978431811631e-05
1.612383063591434068e-05
7.599415898016721087e-05
3.697359915126441609e-05
2.311652922861446758e-05
1.638291367637075295e-04
3.125035352952445990e-04
4.048079249436756623e-04
1.197779031190827480e-04
4.936564042611081684e-05
2.055583284653152761e-04
4.727619924581054394e-05
1.450401671064094667e-05
1.009657129761392650e-05
7.561928630837697226e-05
2.171039851569873307e-05
2.547710390399608434e-05
8.193754801738099825e-05
1.522295287613664879e-04
6.232120339251396028e-05
2.975152217116769785e-05
9.781946358590723448e-06
3.869335634498515989e-06
5.435211649962639686e-05
8.525713245018925806e-05
1.359436174069589552e-05
1.081991716587174414e-05
2.340740793555270277e-05
1.038138709814956433e-04
7.813715425159802703e-06
8.628177924456051644e-05
6.405303870578280575e-05
4.115942017625783819e-06
5.127135396969183224e-05
1.301055727500103308e-04
3.569108354070465555e-05
6.322997102979408923e-05
1.207953487046238084e-04
8.954334602223907994e-05
9.339036775460226843e-05
1.697438433159310890e-04
7.217924413842117767e-05
1.842249383460450336e-05
6.807842348410067274e-05
3.452331420841545204e-05
1.195631701335672078e-04
3.808137603546723327e-05
9.302339026984220703e-06
1.638367600957036112e-06
2.061384825229885696e-05
6.918632503662707379e-05
6.131754832724970361e-06
1.893927792947691559e-04
4.258972915971608107e-05
3.749880449987570620e-05
3.558386943095256076e-05
4.938235739220615689e-09
