9.934283060224653739e-02
6.236376871050547388e-01
1.216336324126747304e+00
1.498879587044447126e+00
9.668924581326385770e-01
6.592799824639273831e-01
7.757554540322875170e-01
5.403399774545214473e-01
3.695454315230551900e-01
6.584058401429978558e-01
3.828447195850843698e-01
5.025058114401134701e-02
-3.553305216369275765e-01
-1.375735319648846211e+00
-1.748453609030769629e+00
-1.587985763995771737e+00
-1.394499577412896540e+00
-6.218225842734649289e-01
-3.472261046457070233e-01
-1.003341092776614540e-01
5.870223799305474000e-01
2.011951174954894617e-01
2.160342718421637276e-01
2.505399291811999385e-02
4.999064184257728805e-01
1.022184517941972848e+00
1.063131353775036203e+00
1.383169962258217645e+00
8.529141356966079002e-01
3.133448611984446242e-01
-4.142339485921137099e-01
-4.297049828375036351e-01
-1.012648659991067790e+00
-1.144904123748557101e+00
-5.456706968236586519e-01
-7.686404718466278707e-01
-4.568702710611927120e-01
-1.016888742808560897e+00
-1.037484738414497176e+00
-7.220582734341320919e-01
-3.278349421484954007e-01
1.024138135620842605e-01
6.890005393972521430e-01
1.170960218008098019e+00
1.146495743586012583e+00
1.149923784467298260e+00
7.962621453210468880e-01
6.351848182308371671e-01
1.574955459920287515e-01
-3.858645896619464222e-01
6.481679387895709910e-02
-4.375989749386700878e-02
-2.241562881395315621e-01
-3.014251152188776040e-01
-6.821899950138088364e-01
-1.107636602322995989e+00
-1.610043646304025300e+00
-1.293023432296197983e+00
-6.458775095941884370e-01
1.269688681003811048e-01
3.796934105785166880e-01
7.242987252751960092e-01
5.505805338336073884e-01
3.857133932164783507e-01
6.611481545409840788e-01
7.957197475665875874e-01
6.957776549282256306e-01
1.134068517535777421e+00
1.082276420053005062e+00
6.711366688182665019e-01
3.661717472479174562e-01
-6.407629786390695026e-02
-9.802070815023612438e-01
-9.951016274262807215e-01
-1.817279090077450920e+00
-8.356194991249599191e-01
-5.913735496831776794e-01
-3.698051002539849419e-01
-1.841764755974762691e-01
-6.438641605129705736e-01
-3.378270037137390269e-01
-1.107041166870462306e-01
4.612000984897697831e-01
5.810180071377905042e-01
1.030234632767372149e+00
1.375176849430667980e+00
1.586550466068577192e+00
1.058829492649222548e+00
2.977709351967311457e-01
-4.074304523538573031e-02
-4.561127482779702147e-01
-3.561648333192308780e-01
-6.038509274855208275e-01
-4.523854609434981855e-01
-5.383345215572399312e-01
-9.988103634801831499e-01
-9.544990776643899055e-01
-1.142062561326862236e+00
-1.085775925178115164e+00
-6.982079740143201096e-01
-2.830741484100820493e-01
5.671614827862178077e-01
1.018255713201257073e+00
1.033818161918520939e+00
9.814659907441085629e-01
7.869175452166752294e-01
8.371500711729159550e-01
4.217685941903082658e-01
5.149503868545953766e-01
5.350046482725654418e-01
9.177401508776572570e-02
1.380937567682167522e-01
-3.916769339619222134e-01
-5.004308482202284303e-01
-1.441942235484387158e+00
-1.415218789680855904e+00
-1.198875707287060610e+00
-9.184076583164285656e-01
6.294327336153784924e-02
3.325132375267553231e-01
4.520990155548516576e-01
6.447288663385170038e-02
4.830874930918039323e-01
2.963341760235299605e-02
7.261543820908604729e-01
1.438091125161990336e+00
1.095222804233354053e+00
1.194770812668526583e+00
9.929721466979002376e-01
2.709884803338663550e-01
-6.040253123594634399e-01
-7.864480247780890609e-01
-1.222409957788709534e+00
-8.386434518303398367e-01
-8.940645260910601300e-01
-2.144848608489170472e-01
-6.552936485293893165e-01
-6.893670212737409431e-01
-6.091440851608720397e-01
-1.007603383894744686e+00
-4.300362712267461474e-01
3.295687081805784846e-01
3.906335489626572288e-01
1.268107728832417180e+00
1.494176700509183719e+00
1.450257200501708921e+00
6.409997573373944491e-01
1.596690503702060115e-01
1.931602012017176739e-01
2.614037605723508462e-02
5.009857006916428740e-02
1.025462004887871675e-01
-2.247768323940343704e-01
-3.773096335548464797e-01
-8.297754048532550719e-01
-1.436762909751505335e+00
-1.069045239430545857e+00
-1.136414372943599149e+00
-9.503908953154339700e-01
6.317056440267299067e-02
2.805919241021098132e-01
9.188474413564493570e-01
1.003566644436300281e+00
4.608182543622699745e-01
6.913182159110113911e-01
6.070279272397210990e-01
8.745917112431925711e-01
1.312720534488159174e+00
9.608715918428996083e-01
6.494133868677874899e-01
1.159897402211382267e-01
-5.348456681501856380e-01
-9.884622155631926921e-01
-1.239799963625759061e+00
-1.237991909393499679e+00
-8.345633501927942621e-01
-6.061825849552345824e-01
-1.929681472934963171e-02
-2.554599975521664179e-01
2.976834557251322178e-01
-1.687591565932239357e-01
-3.535581422726515877e-01
-4.855721007075958218e-02
7.811665338411390991e-01
1.147240796280830422e+00
1.618328356965993198e+00
1.498117567442878606e+00
9.785134881859198774e-01
2.343642323364602820e-01
-4.463659767952344870e-01
-5.648312485609852107e-01
-3.786140725611177871e-01
-4.206215598840087888e-01
-6.360007873663420241e-01
-4.252767057605724155e-01
-6.290438979079966408e-01
-1.190494620317522401e+00
-1.163528594573730368e+00
-1.075156872817407905e+00
-8.798846069054193642e-01
7.155747206965838714e-02
7.634474526129462202e-01
1.303408865141664652e+00
1.405034026169825756e+00
7.381892594858862067e-01
5.185423658707442041e-01
5.629199443725390051e-01
4.896102218063776990e-01
5.664498459712401512e-01
1.320440129556736952e+00
5.897063602862060439e-01
3.705096598941817199e-01
-2.129226232514838668e-01
-8.628010204561132879e-01
-1.466523891456228634e+00
-1.323734414048927555e+00
-1.346498396253533958e+00
-7.320357721405261753e-01
-2.626939991072925751e-01
1.985014588666654256e-01
7.568243394809452962e-01
-1.271026609255361262e-01
3.397806689794924395e-01
-1.253954407712148944e-02
5.143965901729130596e-01
1.217790119393466375e+00
1.306186073078588805e+00
1.092481403003219720e+00
8.299811318283744077e-01
5.076031609440302406e-01
-4.399659524896632479e-01
-7.568689018229048937e-01
-1.000834847062715971e+00
-1.063682007478547131e+00
-2.813908613792351909e-01
-3.976879373888209113e-01
-9.036715073936600895e-01
-5.876638550787155468e-01
-9.042048215884841422e-01
-5.909438536486997240e-01
-6.340324058341253455e-01
4.519286903069763550e-02
8.131276516709849966e-01
1.404331995959971380e+00
1.202140860248346321e+00
1.226992378978052800e+00
7.934008372808285525e-01
2.930945264723205379e-01
4.418627361345587867e-01
4.773978360278392785e-02
-2.521767908670203284e-01
2.168289480003457448e-01
3.356593513241851734e-01
-2.172673208768203246e-01
-1.192263892703801398e+00
-1.390739440719475084e+00
-1.188817911822172668e+00
-1.372714850249714402e+00
-6.233663102456679095e-01
8.678665336177199263e-02
2.901421638319629515e-01
7.495254493956080566e-01
1.235940606210110815e-01
4.200771897657586962e-01
4.481293597835204201e-01
2.749151054594510812e-01
1.036661940030620732e+00
6.473336623652357069e-01
9.219403177040771391e-01
8.263087351965050509e-01
5.821472839594613591e-01
-6.588560413929900328e-01
-7.404091232493839048e-01
-1.305983746385174005e+00
-1.489631799469092188e+00
-9.075793051473463047e-01
-5.689710242161211129e-01
-4.300470055925675883e-01
-1.885682139065689433e-01
-3.234130969651297649e-01
-2.711891570959728548e-01
-4.970049608517584927e-02
4.828246527705430946e-01
4.371089510271563006e-01
1.618540028277267062e+00
1.085110698243078486e+00
1.373113023521045584e+00
1.110742712014194389e+00
4.599213494971253757e-01
-2.679364358221724141e-01
-5.171527082190396918e-01
-6.484940183575778061e-01
-5.813132600988946130e-01
-2.169326122197429707e-01
-3.885097937377937627e-01
-8.446892929058822386e-01
-8.338031579906325375e-01
-1.132813711587508987e+00
-9.242261927388178977e-01
-5.253647789545848878e-01
-1.657990021844296391e-01
5.392543392998792040e-01
1.236257337531253997e+00
1.316347668849543240e+00
1.009542814284487777e+00
7.295728505155378851e-01
7.154458700884975819e-01
2.685387538567663990e-01
5.728597849440297818e-01
5.094553009390068166e-01
4.319920175021222386e-01
3.631519022555145804e-01
-2.386397061525102059e-01
-8.303773435171473150e-01
-1.142374281097294997e+00
-1.471327489821029566e+00
-1.055542759087026550e+00
-7.467254021112135209e-01
-1.007880190437794449e-01
1.560980201158698732e-01
3.132918191447800482e-01
3.653817826801897817e-01
3.888449425788936820e-02
7.284810852979042295e-01
4.075794870308601103e-01
7.571622774424452418e-01
1.524952243959506903e+00
1.466362897381664698e+00
1.097865837090795438e+00
4.973527130099468785e-01
-2.963419807156093544e-01
-9.796114940364579748e-01
-9.947883034047388939e-01
-1.068794280259810936e+00
-5.151557325607533100e-01
-5.538832181528513532e-01
-6.637424294206384356e-01
-6.892318863631948789e-01
-6.892612377796756284e-01
-8.741754311687467416e-01
-6.399723372608661087e-01
1.168775996224766939e-01
7.611235100966413647e-01
1.129792322051724085e+00
1.347992480535836313e+00
1.340302613617770922e+00
5.987730312135501887e-01
1.422676181117319416e-01
-5.491695617216410530e-02
-7.594598893176258969e-02
6.218151311959650707e-02
3.283278019792942870e-01
8.276003656206903925e-02
-4.557480789797202503e-01
-8.921931410935042273e-01
-1.494398499073785525e+00
-1.445902768857974641e+00
-1.288912684910006767e+00
-6.475864838073038809e-01
-2.335863460345816711e-01
5.793975609957964235e-01
1.067978303208476420e+00
7.500954989434618359e-01
7.052970624524280696e-01
6.366717884043731068e-01
4.442276474752487880e-01
7.549981756063534055e-01
9.358804181137246880e-01
1.029484434753238586e+00
6.455586629682069644e-01
2.987946609980362545e-01
-2.720839529079887020e-01
-6.828131521213415267e-01
-1.116176193372045100e+00
-8.626935777572037889e-01
-1.153469512577640410e+00
-4.343188359866831938e-01
-2.733352290131442763e-01
2.354319557389559225e-01
-4.080100346638144693e-01
-4.618369945823733724e-01
-3.020051600781972212e-01
-2.591578553204963442e-01
5.795210464563538277e-01
1.040106821035274631e+00
1.505607015442815388e+00
1.471821237683603512e+00
1.368313438560462503e+00
5.938077435873502230e-01
-2.587772629905392696e-01
-6.552111924172538959e-01
-4.515099971245181143e-01
-7.274869501141982830e-01
-2.056127845307459401e-02
-2.240248667865544219e-01
-7.999425042746910464e-01
-1.356350038895483223e+00
-9.234991409297529374e-01
-1.109706585557128866e+00
-4.037272849445896483e-01
-3.188855317588700222e-01
5.314155427485367511e-01
1.087847356450256209e+00
1.203669734515802281e+00
9.237100387814721758e-01
8.306773603232594505e-01
2.463888050542895058e-01
3.583771346196693575e-01
4.874994350524232689e-01
6.527815982375545500e-01
6.178512337653379038e-01
-8.153188650951440075e-02
-7.105458100972688040e-01
-7.375439063375752724e-01
-1.337007240132253916e+00
-1.625225565458888521e+00
-8.817029582415096822e-01
-6.615371239339790099e-01
7.023814727128227520e-02
1.956303272714074448e-01
7.060422111226524189e-01
5.974185460814556148e-01
1.527358012087749184e-01
5.043178203516773817e-01
7.378581532478203364e-01
1.273726311506460096e+00
1.100345377143467918e+00
1.445240650588769160e+00
1.184726771050301330e+00
1.993571387249143401e-02
-5.305443286793604107e-01
-1.208007055291317133e+00
-1.063830581932397434e+00
-7.898534867982147656e-01
-4.097082688250965887e-01
-5.096527857684735041e-01
-1.729198809478736387e-01
-9.009750096755864135e-01
-1.112524016505823665e+00
-7.725400603872767391e-01
-3.987151683597084939e-01
6.160120770525390199e-02
2.986417758669109856e-01
1.213356949223393988e+00
1.181306241558534920e+00
1.427827135912263845e+00
9.617095487323789049e-01
2.357844157215868708e-01
-1.400149538899841950e-02
-2.450992629672004430e-01
-1.253581945464613510e-02
2.242850226896144772e-01
-2.859170973454475684e-01
-3.229510698834859306e-01
-9.944414231874691978e-01
-1.452467192598702939e+00
-1.463606213650404442e+00
-1.438229421609843683e+00
-8.228600569443295099e-01
-3.077157358418699529e-01
8.684732847308639370e-01
7.684832310023067548e-01
6.319024270363208240e-01
6.677507001794757979e-01
4.761773801239765902e-01
4.802778219457754516e-01
8.330130192529644484e-01
1.084863479966827304e+00
9.038489855213688307e-01
6.849969716103428974e-01
2.388822867159027252e-01
-8.320678441042274054e-01
-1.276080086120073398e+00
-1.034655505100192663e+00
-9.643365265592509505e-01
-1.049807207911293228e+00
-4.934715707196499768e-01
-2.477535992521031627e-01
4.132475307864952319e-01
-2.243539530587587705e-02
-3.194761444423670493e-01
-3.732347191094965155e-01
-1.556679745100644774e-01
7.253647779659223582e-01
1.040663204289137278e+00
1.191077516228034261e+00
1.274155465679671195e+00
7.767696699944258709e-01
7.411513029646630280e-01
3.293141953184602899e-02
-4.771227864109164329e-01
-2.539050036478198713e-01
-4.479666471805431871e-01
-5.591098718896017061e-01
-1.552880754768705129e-01
-5.983253651168056741e-01
-1.221172363942585992e+00
-1.232341351379543593e+00
-1.261922267183564372e+00
-9.278504935321552072e-01
1.852355095063077106e-01
1.033173875433284650e+00
8.070851017427835838e-01
1.306867463100965132e+00
8.835946192529727794e-01
6.086822971008331029e-01
3.414341060830355934e-01
2.140548776879614423e-01
4.731446342989889531e-01
3.837038081435778514e-01
5.296196233035455059e-01
1.333489099682332313e-01
-4.515125853233935005e-01
-1.174592003125585649e+00
-1.518824308641825382e+00
-1.324450012982431257e+00
-1.091749915821158767e+00
-8.801830997522284150e-01
-1.457548284556262619e-01
3.324040556637790633e-01
-3.998843007802382887e-02
3.550224160687946440e-01
7.000387911543504149e-02
4.241233638794424388e-01
4.561311320222986021e-01
6.390235798670707013e-01
9.678215816828550366e-01
1.317647347921355072e+00
1.024986374024662306e+00
1.908202861362144065e-01
-1.661741343907467972e-01
-1.132464632193091569e+00
-1.023165174772947106e+00
-1.175565177909889680e+00
-8.405469008047496970e-01
-5.149920075891416538e-01
-6.707256631189261187e-01
-7.018658268785384902e-01
-5.705889667919115116e-01
-8.768088945125827038e-01
-3.083898357345405961e-01
-1.578012136074342930e-01
8.180910314579599163e-01
1.519494681257526958e+00
9.478712416340473457e-01
1.134513575052150669e+00
1.003804324949122195e+00
3.831512957784478091e-01
1.630010627525981248e-01
-1.540535959325912696e-01
1.731795749457508415e-02
2.121111510954593049e-03
1.447845242536169030e-01
-3.728762043268237791e-01
-8.208693670979549939e-01
-1.376268019370714857e+00
-1.539721386473992260e+00
-1.317692594689865881e+00
-6.332397673992441467e-01
-1.523370534881361982e-01
5.334832295268784330e-01
1.176510680337061077e+00
9.460724693211692848e-01
5.597500115990546865e-01
7.388857744949487438e-01
4.428566672481136779e-01
3.025547722087091329e-01
7.317446757738667040e-01
6.357908308383051210e-01
7.298579229310091510e-01
2.975763019841256574e-01
-3.639614870207208419e-02
-9.076563989275432398e-01
-1.351850464350873082e+00
-1.127448953022802458e+00
-1.442227061801582000e+00
-5.616600517090789557e-01
-1.558305913834329981e-01
-4.982458800605288896e-01
-1.759956895138306554e-02
-2.261933446473123888e-01
-2.651842137695630264e-01
2.921776627626804235e-01
1.138810622353345181e+00
1.228306604357676246e+00
1.525172375407631620e+00
1.311597862620141219e+00
8.231103968243577151e-01
5.697901392590318803e-01
-3.146132970398164419e-01
-4.612150107036967484e-01
-6.454253207788678282e-01
-3.676443435608084398e-01
-3.201206105665542756e-01
-2.524049020792210052e-01
-8.081106536246740468e-01
-1.067698120135951667e+00
-1.390026358919286720e+00
-1.175657268521831611e+00
-5.758304487303503860e-01
1.513977233290400293e-01
4.668574825037273834e-01
1.260719800527724699e+00
1.465401187523854398e+00
1.096410113722086743e+00
1.081466536365398357e+00
3.051550511101047691e-01
1.379220909616294122e-01
1.076962589291708405e-01
8.491026937236026972e-01
6.064013894183785114e-01
1.322795976759977010e-01
-3.477292506861375809e-01
-1.218177080176913396e+00
-9.143196466047885940e-01
-1.449684021752541740e+00
-1.170054394425068311e+00
-5.395187260128082585e-01
-6.941944319413244358e-02
2.269034358452290123e-01
1.357977350572067698e-01
3.406440490200279281e-01
5.789335301996029193e-01
5.790876393918085174e-01
9.274202886586631056e-01
8.977568647137501578e-01
1.095409105207767020e+00
1.282872974569144509e+00
9.841868561381147407e-01
5.905219148512957927e-01
-6.323855520891785709e-01
-4.942505558471577687e-01
-1.041550794759294796e+00
-1.018738151946884329e+00
-9.126005542963420147e-01
-8.554430762255833542e-01
-3.340088732697442664e-01
-6.102911245949176333e-01
-1.029839708582991120e+00
-1.020446275020663762e+00
-5.426851980056132119e-01
4.019444623819597995e-01
6.602119256021489191e-01
9.305523665023360813e-01
1.393051528842311981e+00
1.239347912196724577e+00
3.490125709246942876e-01
4.129013996834903777e-01
4.258498203659499132e-02
1.059847143732872143e-01
3.697912189890426027e-01
2.585695644989319808e-01
-1.425496261893146877e-01
-6.450655547353771890e-01
-3.737179388630094135e-01
-1.282048939343334082e+00
-1.439414283276899464e+00
-1.236005974547964126e+00
-6.725132437213154901e-01
-9.701223970888020465e-02
3.607958567715211506e-01
6.520587323598949769e-01
7.652968745916275406e-01
5.162697638058879601e-01
3.560738335267145116e-01
5.457577873907983879e-01
6.591842357601022107e-01
1.234160535673894277e+00
4.797552533648608009e-01
1.018461990123787686e+00
5.431096646457479471e-01
-7.863616576387215673e-01
-1.041579392496440271e+00
-1.382318531788246041e+00
-1.574832408203077572e+00
-1.155563337518195732e+00
-8.308981324239677058e-01
4.045045852392098462e-02
-1.539295227507173069e-02
7.960641406054624891e-03
-1.495582133375525646e-01
-4.079369852328184054e-01
6.071723628551835283e-02
7.825469630380820218e-01
9.475077915676097806e-01
1.618127944182054634e+00
1.355404962896546994e+00
9.181151092073644993e-01
5.459149695908150912e-01
-5.454386956084605886e-02
-5.477214913114216710e-01
-3.180278707529643478e-01
-6.796529742300816412e-01
-2.636659102351046058e-01
-3.412926393371424894e-01
-7.680166617165791187e-01
-9.484965286288558062e-01
-1.444496331039892167e+00
-9.019932126652199234e-01
-6.882709746278767859e-01
-1.045446041037912388e-01
8.610923925067138773e-01
9.459298783980694125e-01
9.125813564901459340e-01
7.023972983725550456e-01
8.273093641229485318e-01
2.038270204315639211e-01
7.378118680208058944e-01
4.705442713323465531e-02
8.891851050837813464e-01
5.177317515880887067e-01
1.240539094840233808e-01
-5.127067933118588661e-01
-9.132520478468392211e-01
-1.410996983013097728e+00
-1.254867881744287761e+00
-1.169087823613634836e+00
-6.546116985002103927e-01
-2.383437319842729718e-01
1.707375062451924608e-01
3.554529799246941568e-01
-9.568330093847518536e-02
-6.710845351654975977e-02
4.586564489653400245e-01
6.429560509563623238e-01
9.632033327294357017e-01
1.297016855872527685e+00
1.377546699661420737e+00
8.650899376185088308e-01
2.160226660767086970e-01
-2.547235751266716530e-01
-9.958351752622895958e-01
-9.282986639006078899e-01
-1.273878658804986852e+00
-5.043485517791863604e-01
-4.299522453698343405e-01
-4.474370431993522912e-01
-4.284165212434776215e-01
-4.387526397422422120e-01
-5.585565076043023103e-01
-8.437031044139156055e-01
-1.877752360231191853e-01
5.871664803357237172e-01
1.236399167168102275e+00
1.545731945753335834e+00
1.148743863515578223e+00
9.257432524084379111e-01
2.726837865164297159e-01
-3.353167252006472587e-02
-3.145887779590579858e-01
-1.846466492222288980e-01
-2.370803625339032439e-01
-2.839465386737978769e-01
-2.130320136654868524e-01
-1.078269677279347638e+00
-7.674162131787407581e-01
-1.343536561483320124e+00
-1.194213732386993687e+00
-8.838017519111626141e-01
7.192181855772325494e-02
3.604006929000146409e-01
7.858324835370309458e-01
1.283864436288578936e+00
6.057427380877123957e-01
7.284976553192911153e-01
3.838364568272454314e-01
7.031819811448652979e-01
1.287522065084456546e+00
8.845558034859117846e-01
1.162650331338678233e+00
4.354430132373524609e-01
-4.841769663359634102e-01
-8.465603258692381283e-01
-1.113519468663746181e+00
-1.168968076816057966e+00
-1.314044943978127433e+00
-7.542103984957938545e-01
-3.595073572711002807e-01
-2.174153167245584106e-01
-1.222159580826474579e-01
-2.583524259595762484e-01
-4.491955027314112892e-01
2.416608597426621319e-01
8.067891998492896510e-01
1.303891442932195055e+00
1.691684403258496561e+00
1.570254473437935561e+00
1.084915286562999182e+00
3.896898336583971556e-01
-4.755887185612754364e-01
-3.896046143210707968e-01
-5.083562939932110281e-01
-4.091245412709694773e-01
-6.422027467880311313e-01
-6.761241990124617907e-01
-4.954768031871875644e-01
-1.021634163848601728e+00
-1.057973476288293080e+00
-1.081134941280504247e+00
-6.453393194401627619e-01
1.876567611952064119e-01
5.480816016958283132e-01
1.106022771894821677e+00
1.101818558021846250e+00
9.268238875908424435e-01
6.442729491600595049e-01
5.043396452575447109e-01
2.911033072912392883e-01
7.145915338247184057e-01
3.709723709818764092e-01
4.381539293153000614e-01
5.545032020321674637e-02
-1.143273990793883810e-01
-9.537683154149969589e-01
-1.197101134634429132e+00
-1.772640332754973791e+00
-1.138523300172144426e+00
-5.067458916678551084e-01
-1.491644916863901493e-01
3.952227060025010896e-01
1.904349361262088203e-01
5.282198656299307293e-01
6.623082556284214384e-01
2.374359180729046503e-01
5.196824590506602393e-01
1.290676895423552795e+00
1.609244498405619783e+00
1.203458353158431970e+00
8.890045102611557892e-01
3.153266893849963615e-01
-5.627827283531026126e-01
-9.838910090361361327e-01
-1.210777368393944897e+00
-1.086921450978246551e+00
-7.171166567216782362e-01
-4.776287953451261448e-01
-1.885428914993035887e-01
-8.246255261803372427e-01
-5.749830489394973654e-01
-8.042282894530179416e-01
-4.854210000780720402e-01
2.031040557573835503e-01
4.875857915623663663e-01
1.307662906362723865e+00
1.475490583302116354e+00
1.392382878947913794e+00
9.462236282946083765e-01
9.148204009692599836e-01
-3.877610877194404004e-02
-1.394559495897939594e-01
-1.246281052849656235e-01
-7.783886524267734364e-02
-2.162493135396175437e-01
-1.859570667655378040e-01
-6.042890499149743411e-01
-1.408041884896101603e+00
-1.608671256280347794e+00
-1.136897845848692468e+00
-8.225748047311244315e-01
5.844620622699200907e-02
5.161128623178019570e-01
4.582816976084975180e-01
1.081348568900851737e+00
9.841302526517646809e-01
3.760852519652783665e-01
4.469314298652213302e-01
7.673527573892230391e-01
1.000253295954740773e+00
1.141658069578041390e+00
1.202201527492587019e+00
2.585031806474258342e-01
-5.313430600647907065e-01
-1.248905719283242455e+00
-1.454216366577463893e+00
-1.299955463834261193e+00
-6.410884272964944008e-01
-7.123052231380642141e-01
-2.652460398330339086e-01
-2.058132101191078311e-01
-8.671722903118017634e-03
2.114938590285159736e-01
-2.883003855734466159e-01
6.773340103779840193e-02
8.935042262063108698e-01
1.328311651271237404e+00
1.844869723294773944e+00
1.520255679593361053e+00
9.212208525599278053e-01
5.218539420885982549e-01
7.834418425850545042e-02
-3.114318219081259054e-01
-4.484390252043659597e-01
-2.501053707922104019e-01
-1.529939135348464818e-01
-1.834810927233026523e-01
-5.763653963358270627e-01
-1.047146749140633215e+00
-1.164930878476139853e+00
-8.454968232049210330e-01
-8.146776815367647862e-01
7.373466177454889026e-02
5.726227848737980297e-01
1.092547581093592290e+00
1.449963988284328043e+00
1.051942946681294844e+00
7.153946834850298808e-01
1.879416627348194924e-01
5.361037448293670682e-01
5.925371449382093036e-01
9.825447760868770697e-01
4.139726111569893563e-01
1.872265973908406322e-01
-3.538462392079740892e-01
-6.775886147645890922e-01
-1.422529149005532956e+00
-1.419723952993516614e+00
-1.070354051402700346e+00
-6.473502261612826825e-01
-2.549080124515842316e-01
2.209446295690468132e-01
5.086189761182562385e-01
4.104731771062383738e-02
2.291225657339611976e-01
1.699794671729708551e-01
8.477922891157734231e-01
6.953626190432421472e-01
1.181545699805146343e+00
1.383472733601985194e+00
1.286146679527246484e+00
3.585335589425101555e-01
-4.049325314848800095e-01
-4.239292058511811567e-01
-1.299551995126747128e+00
-1.373123129281434318e+00
-6.221767892336387273e-01
-6.248825867229573783e-01
-7.028895534882773077e-01
-4.832834285727098389e-01
-7.230873858805090260e-01
-8.742462467552737371e-01
-7.315891378817457325e-01
2.426316229800835889e-01
8.421704314666489388e-01
1.211345784370096323e+00
1.811527540869043218e+00
1.079875672881020154e+00
5.832848653280369167e-01
2.853787590108054495e-01
7.965468480721742128e-02
1.541133127513229922e-02
-4.824721157130027610e-02
1.036676378922032626e-01
-3.390797729164509722e-01
-1.350074521723896859e-01
-9.048201351915017288e-01
-1.070433459828614042e+00
-1.373655072383939135e+00
-1.139830313295191022e+00
-5.981767398284447701e-01
2.140155467934468092e-02
6.040728101210518508e-01
1.027261026634442409e+00
8.111517625751067939e-01
7.667554695503808748e-01
4.806958512047186938e-01
8.124951849423079908e-01
5.749012188323900929e-01
1.293550024539480425e+00
1.001917624914593130e+00
5.140055993157046643e-01
3.195135091284572182e-01
-5.078939426520661105e-01
-8.049131638825868240e-01
-1.438555154449562945e+00
-1.382566755902470801e+00
-1.377908146189174010e+00
-6.992442271806548204e-01
-7.947794954866025385e-01
-5.193091956016873123e-01
-9.426744636390824161e-02
-1.367325944160234230e-01
-9.703511863238097057e-02
-2.777393908440337067e-02
6.751297795640887056e-01
1.191212845527831909e+00
1.243855320309053880e+00
1.704149702881603279e+00
1.168551728832485148e+00
3.595301411842594663e-01
-1.380193640591688420e-01
-4.338516965580989093e-01
-9.582408051107030866e-01
-5.128757852141805351e-01
-5.232498812235191199e-01
-6.602368929097900407e-01
-7.623274324309339267e-01
-6.541858277073404615e-01
-1.066105043509422368e+00
-1.201034414463148181e+00
-5.367739910680918713e-01
